"gene_id","baseMean","log2FoldChange","lfcSE","stat","pvalue","padj","gene_name"
"ENSMUSG00000029231.16",12593.1470651999,-6.59030008189645,0.184130782275078,-35.7914086958639,9.13441374781412e-203,1.5804362666468e-198,"Pdgfra"
"ENSMUSG00000079584.3",402.660085275602,7.38136227241955,0.270883867453024,27.2491763419599,5.25158849831531e-123,4.54314920989258e-119,"Tm9sf5"
"ENSMUSG00000051379.13",299.319417774838,-7.0268503050672,0.289024292025793,-24.312317334351,7.24821634075087e-97,4.18028797092239e-93,"Flrt3"
"ENSMUSG00000064125.15",233.718387790028,-5.51592724488688,0.246593772955201,-22.3684774306486,3.24545445825699e-75,1.40382132591906e-71,"Prr36"
"ENSMUSG00000103168.2",91.156798852586,-4.80605087543619,0.214894355412737,-22.3647143555978,1.71635063978589e-70,5.93925975391509e-67,"Gm30948"
"ENSMUSG00000005338.15",949.893048323184,-7.32800291873283,0.366498026889872,-19.9946585822542,4.23147440006151e-67,1.04589957242663e-63,"Cadm3"
"ENSMUSG00000054976.15",378.114013939108,-7.74417199305699,0.390512620877951,-19.8307854318422,3.95378041619859e-67,1.04589957242663e-63,"Nyap2"
"ENSMUSG00000024172.11",1193.94850766868,-8.30534873077023,0.42477175232352,-19.5524977481191,1.3673667381042e-66,2.95727241283486e-63,"St6gal2"
"ENSMUSG00000022309.10",405.896717079258,-6.99606637709232,0.358099973704736,-19.5366291282132,3.12577497868112e-63,6.00912874234897e-60,"Angpt1"
"ENSMUSG00000025777.9",661.897455874119,-5.40147418201772,0.271395813874795,-19.9025699950907,1.88385273220483e-59,3.25944199726079e-56,"Gdap1"
"ENSMUSG00000061911.16",595.878277552157,-6.67783279428273,0.353499694808761,-18.8906324173642,2.36409788384753e-58,3.71851105330272e-55,"Myt1l"
"ENSMUSG00000057716.8",1025.67103815063,-4.75992918961793,0.236780500843331,-20.1027076666562,4.40173194960503e-57,6.34656384933886e-54,"Tmem178b"
"ENSMUSG00000031343.14",455.29465247476,-8.13512768322814,0.457086848301397,-17.7977723783992,3.11163810829706e-55,4.14135096536583e-52,"Gabra3"
"ENSMUSG00000043068.7",74.7301350591412,-5.45380038370158,0.28994185138453,-18.8099798551282,1.49435291927805e-53,1.8468067292392e-50,"Fam89a"
"ENSMUSG00000132624.1",141.778412224996,-5.68648418874936,0.305189570323975,-18.6326294922623,1.61501893166691e-53,1.8628705037134e-50,"ENSMUSG00000132624"
"ENSMUSG00000051251.4",89.7025281212225,-6.10815979043965,0.332845300719331,-18.3513475396497,1.85620536081175e-53,2.00725407204781e-50,"Nhlh1"
"ENSMUSG00000037138.19",360.268280703338,-4.70431180320789,0.241642016400228,-19.4681035744058,2.41920993064716e-53,2.46218648353277e-50,"Aff3"
"ENSMUSG00000032289.16",73.0328063450353,-5.93778863900631,0.323133191164439,-18.3756692328911,5.12024157205886e-53,4.92168998220902e-50,"Thsd4"
"ENSMUSG00000048834.17",398.291504419719,-7.87227023546744,0.453504682598625,-17.3587407970268,3.58136738257307e-52,3.26130623438312e-49,"Vstm2a"
"ENSMUSG00000037872.6",90.0508893974214,-7.4954394337868,0.434658597920062,-17.2444292363113,8.5505995413869e-51,7.30582789890143e-48,"Ackr1"
"ENSMUSG00000097924.4",48.2786604105576,-6.65362137525109,0.378387594343438,-17.5841424896505,8.86732088064559e-51,7.30582789890143e-48,"A730020E08Rik"
"ENSMUSG00000022311.16",185.246261891566,-6.2414566575278,0.352823575838319,-17.6900215431974,3.19276177070997e-50,2.51096200712836e-47,"Csmd3"
"ENSMUSG00000020701.13",215.530393305178,-7.88872702361306,0.46442531892758,-16.9859968914468,4.49528802243657e-50,3.38162927670424e-47,"Tmem132e"
"ENSMUSG00000027350.9",507.073463617851,-4.23714194704854,0.22283458627087,-19.0147410146557,4.07969617780653e-48,2.94112096951703e-45,"Chgb"
"ENSMUSG00000045573.10",316.802474180627,-6.20269439165147,0.361678538793021,-17.1497441135182,3.2205122940293e-47,2.2288521484518e-44,"Penk"
"ENSMUSG00000023236.8",321.862669710831,-5.74260294337153,0.333258247419172,-17.2316904017937,2.94111072917214e-46,1.95719607062063e-43,"Scg5"
"ENSMUSG00000027171.11",60.5844554404059,-5.03991702775625,0.284449023511309,-17.71817306856,4.41347886448966e-46,2.82822264123704e-43,"Prrg4"
"ENSMUSG00000044393.16",43.2045407587472,5.75177940008633,0.336345304482877,17.100816700651,1.28224259902434e-45,7.82397524622722e-43,"Dsg2"
"ENSMUSG00000046844.7",522.180342337817,-6.96304154504456,0.42212939228383,-16.4950407915751,1.31138181794353e-45,7.82397524622722e-43,"Vat1l"
"ENSMUSG00000040710.11",250.176487421847,-5.3266814344491,0.306504217351876,-17.3788193861421,1.50870833616924e-45,8.70122387746674e-43,"St8sia4"
"ENSMUSG00000025889.14",326.319015449237,-8.23636371245673,0.515873043628809,-15.9658734143572,5.29739237173778e-45,2.95662847792926e-42,"Snca"
"ENSMUSG00000036815.18",647.979412035038,-6.31145541939888,0.37962950059196,-16.6253028533277,8.82600680842047e-45,4.77211155622784e-42,"Dpp10"
"ENSMUSG00000043556.11",121.026163972276,-3.77068026345396,0.199921753807575,-18.860780238469,5.62516994133834e-44,2.94929364621321e-41,"Fbxl7"
"ENSMUSG00000051678.5",632.616748584273,-3.26199525070572,0.164154987255433,-19.8714355576045,1.68996260910337e-43,8.59992148903134e-41,"Pcdhb6"
"ENSMUSG00000066392.13",501.501481435285,-5.91279248918388,0.35899522624859,-16.4703930772871,6.25404699140421e-43,3.09164345843645e-40,"Nrxn3"
"ENSMUSG00000029608.11",352.032039990511,-6.78434614613571,0.424768099873068,-15.9718824181078,1.57248928223671e-42,7.55755821146099e-40,"Rph3a"
"ENSMUSG00000053024.15",285.280357727026,-5.05619230204999,0.298087443408231,-16.9621109974952,1.80968347193156e-42,8.46247119766483e-40,"Cntn2"
"ENSMUSG00000048304.9",481.471881436104,-5.94836888142747,0.368068645052801,-16.161031267888,1.66613617498212e-41,7.58618107882649e-39,"Slitrk3"
"ENSMUSG00000026163.18",224.56947407877,-6.72411083326965,0.426132914075698,-15.7793744889539,1.94512686596601e-41,8.62938077819076e-39,"Sphkap"
"ENSMUSG00000110365.3",135.327740019089,-5.87540808923905,0.363937335184166,-16.1440103040428,3.17833266874727e-41,1.37478779586663e-38,"Gm38947"
"ENSMUSG00000039578.18",101.220934004797,-4.36596453588166,0.25146279227723,-17.3622685739857,3.6732187414044e-41,1.55009830887266e-38,"Ccser1"
"ENSMUSG00000021730.9",144.375998482255,-5.416744334748,0.330899275444708,-16.3697678922634,6.10812124299234e-41,2.51625508919651e-38,"Hcn1"
"ENSMUSG00000052726.17",128.360433336843,-6.12574763482265,0.38482442995559,-15.9182919741597,8.89051136719067e-41,3.57729366686356e-38,"Kcnt2"
"ENSMUSG00000023942.16",2702.61179098356,3.47603303304381,0.186551591183804,18.6330923847172,1.66797447611136e-40,6.55893054219973e-38,"Slc29a1"
"ENSMUSG00000103800.2",255.572970761616,-5.22804547091762,0.320578618478646,-16.3081539739865,5.09001554576925e-40,1.95705442161999e-37,"Pcdha8"
"ENSMUSG00000095620.8",33.0254922003352,-4.47729629004782,0.263877902712648,-16.9673028473453,5.89881589337402e-40,2.21872418667733e-37,"Csta2"
"ENSMUSG00000031210.12",179.855057189445,-5.48153176825169,0.340657443291636,-16.0910377160289,7.90774081290759e-40,2.91105811797717e-37,"Gpr165"
"ENSMUSG00000039913.13",260.2310935356,-5.72319102128175,0.362319692510074,-15.795970077234,3.81913598970134e-39,1.37663939362109e-36,"Pak5"
"ENSMUSG00000053825.16",271.742126741755,-6.05624984219581,0.387926479854594,-15.6118495557866,3.91726780037768e-39,1.38319525473744e-36,"Ppfia2"
"ENSMUSG00000042724.9",95.6131978867083,-3.66516022292027,0.205845738042131,-17.8053733722197,1.21576486921697e-38,4.2070327534384e-36,"Map3k9"
"ENSMUSG00000020027.19",1481.77788598446,-4.00515285274459,0.234028157121848,-17.1139785143857,4.83163914385358e-38,1.63915726405793e-35,"Socs2"
"ENSMUSG00000056145.7",539.903240212712,-3.57298751497837,0.200637683065606,-17.8081577716886,6.01263565778347e-38,2.00058888751865e-35,"AI504432"
"ENSMUSG00000019889.11",189.46655145486,-4.70602013646519,0.290761223832402,-16.1851710294692,1.6424022155196e-37,5.36166851564531e-35,"Ptprk"
"ENSMUSG00000136411.1",54.7609167491147,-5.09161857556163,0.321690775366007,-15.8276797641107,2.31568829161066e-37,7.41963681878659e-35,"ENSMUSG00000136411"
"ENSMUSG00000054675.6",162.381264770228,-4.11289226880633,0.244886087115912,-16.7951242851113,2.54925597185411e-37,8.01949578636725e-35,"Tmem119"
"ENSMUSG00000016346.19",288.229316664862,-6.27730776298031,0.415307443937579,-15.1148452901889,2.70378643957386e-37,8.35373446026911e-35,"Kcnq2"
"ENSMUSG00000019906.16",64.2773542352379,-5.96764216232054,0.39197459624886,-15.2245635799616,4.15296014915172e-37,1.26060555264251e-34,"Lin7a"
"ENSMUSG00000020122.17",35252.0265919481,3.98225785444778,0.235559468877056,16.905530791998,4.90503941992777e-37,1.46322400075156e-34,"Egfr"
"ENSMUSG00000032024.11",176.285569819916,-4.65996652421542,0.289999449640985,-16.0688805788576,8.12908102520548e-37,2.38388745590009e-34,"Clmp"
"ENSMUSG00000045532.6",972.261041698677,-4.05329419487031,0.243487044898085,-16.6468577273459,2.25887832299412e-36,6.51385212407404e-34,"C1ql1"
"ENSMUSG00000068962.8",107.404288197866,-3.53935609659812,0.203018379916337,-17.4336732371555,3.37466203077482e-36,9.57186925515836e-34,"Zfp114"
"ENSMUSG00000140606.1",227.222390731354,-5.22871840624039,0.339956166780849,-15.3805664293511,8.02395636067188e-36,2.23920149923137e-33,"ENSMUSG00000140606"
"ENSMUSG00000025658.17",360.57654441427,-4.86668211976822,0.311078169997916,-15.6445632935311,8.98877561659958e-36,2.46863167806994e-33,"Cnksr2"
"ENSMUSG00000113184.2",33.8367319225397,-4.75508511288342,0.302189764123353,-15.7354274612108,9.41319966862955e-36,2.54479969791607e-33,"Gm49654"
"ENSMUSG00000027525.19",852.586529943679,-4.54220265895352,0.285810056973788,-15.8923821892317,1.41602372405068e-35,3.7692373036192e-33,"Phactr3"
"ENSMUSG00000122225.1",97.9298654460967,-5.37597746107508,0.35349325273518,-15.2081473110959,1.69268749620844e-35,4.43740591809066e-33,"ENSMUSG00000122225"
"ENSMUSG00000036466.18",330.69510318847,-3.81548971789908,0.227955450990368,-16.7378744457412,2.40391747456493e-35,6.20784778282424e-33,"Megf11"
"ENSMUSG00000032735.16",84.6997688969789,-5.34659808007387,0.353520993928783,-15.1238488573353,4.80815723822633e-35,1.22339318434988e-32,"Ablim3"
"ENSMUSG00000002190.14",202.429188474997,-3.75706746643014,0.224624804467464,-16.7259687786366,6.23852300698303e-35,1.56433224734522e-32,"Clgn"
"ENSMUSG00000051062.7",36.2619498501443,-6.94824868131277,0.485281028032986,-14.3179895358293,7.67388935439372e-35,1.89676619442457e-32,"Fbll1"
"ENSMUSG00000048852.14",63.5156228063356,-5.75758334250712,0.3882037412191,-14.8313442946898,7.86078958174384e-35,1.91559692032862e-32,"Gm12185"
"ENSMUSG00000136757.1",75.8069570086073,-4.05394963304914,0.250133118887613,-16.2071686111691,1.38636635041046e-34,3.33151536038915e-32,"ENSMUSG00000136757"
"ENSMUSG00000028399.19",1446.07276680662,-4.79462825527876,0.311556858693371,-15.3892559945135,1.99693431277044e-34,4.73300787391152e-32,"Ptprd"
"ENSMUSG00000039860.20",85.784190427169,-5.24464511717386,0.349207633503403,-15.0187012367321,2.69560122137255e-34,6.30260707191729e-32,"Srrm3"
"ENSMUSG00000056895.5",46.4155509035541,-6.56516379554817,0.46435453000007,-14.1382572396724,2.13616317629787e-33,4.92798603684076e-31,"H2bc27"
"ENSMUSG00000091387.3",402.162463471934,3.8389803938009,0.236978928815018,16.199669789197,2.26474873677931e-33,5.155879295231e-31,"Gcnt4"
"ENSMUSG00000037169.16",109.655346847852,-3.31042927972543,0.192917618743395,-17.1598079081036,2.36630458895193e-33,5.31711714260342e-31,"Mycn"
"ENSMUSG00000028137.10",267.793332781025,-5.13402488051634,0.345745441064474,-14.8491470045413,2.9895114565522e-33,6.63134964375207e-31,"Celf3"
"ENSMUSG00000048015.5",30.8327698887676,-6.19733544163771,0.435232385375822,-14.2391413182324,3.5949365692118e-33,7.87336614183577e-31,"Neurod4"
"ENSMUSG00000062991.10",82.3780447430282,-5.29852925872821,0.360400421821405,-14.7017842874609,4.27539341025075e-33,9.24660709801981e-31,"Nrg1"
"ENSMUSG00000041670.20",295.092773141893,-4.8330336941767,0.321577191212688,-15.0291557555778,4.68443476919123e-33,1.00061839971045e-30,"Rims1"
"ENSMUSG00000051022.8",71.3396615160938,-5.91456324004112,0.413190187827175,-14.3143845480547,6.34378299160053e-33,1.33853821122771e-30,"Hs3st1"
"ENSMUSG00000022935.17",143.505405835374,-4.68924706288809,0.310713954309789,-15.0918457244852,8.1308690944546e-33,1.69494333821992e-30,"Grik1"
"ENSMUSG00000027834.16",574.110689407758,-3.92515424128684,0.246721035008055,-15.9092808651629,1.0001557015369e-32,2.06008261285613e-30,"Serpini1"
"ENSMUSG00000036913.16",870.138906924902,-3.57913185944292,0.217576038062444,-16.4500277296883,1.02661008965181e-32,2.08969503190066e-30,"Trim67"
"ENSMUSG00000008496.20",143.510475419201,-3.68309142753709,0.227144588917724,-16.2147442960712,1.68680300937564e-32,3.39361228700202e-30,"Pou2f2"
"ENSMUSG00000030350.9",63.778756651958,-5.83689815049514,0.410236033787827,-14.2281459202922,2.18405163864043e-32,4.34350131629388e-30,"Prmt8"
"ENSMUSG00000058656.14",531.08587050587,-4.14456135642331,0.266976414008505,-15.524073060219,2.52136002908094e-32,4.95733763899527e-30,"Samd12"
"ENSMUSG00000050505.8",167.65672765479,-5.47175558206747,0.383140241052159,-14.2813387783054,8.93061009133072e-32,1.73615073932814e-29,"Pcdh20"
"ENSMUSG00000066705.8",1636.4372790508,-3.0485495749028,0.176056213718156,-17.3157738117846,1.35566432422836e-31,2.60618934864434e-29,"Fxyd6"
"ENSMUSG00000097767.11",618.904979492557,-4.45304666300949,0.297186662755265,-14.9840057481873,1.64761798618045e-31,3.09944951374634e-29,"Miat"
"ENSMUSG00000137599.1",203.469906200312,-5.27311398470094,0.367766549218515,-14.3382099212287,1.64807164064654e-31,3.09944951374634e-29,"ENSMUSG00000137599"
"ENSMUSG00000079157.5",180.372185022322,-6.36608332204053,0.463267068668253,-13.7417134793134,2.50894893413519e-31,4.66772413531258e-29,"Nalf1"
"ENSMUSG00000075478.4",313.789657168505,-5.31001367795943,0.373911363240548,-14.201263186921,4.83169640182969e-31,8.89340544089972e-29,"Slitrk1"
"ENSMUSG00000064080.13",472.857442834499,4.60406819927708,0.313089614358742,14.705272829656,5.78609372285146e-31,1.05379993255554e-28,"Fbln2"
"ENSMUSG00000004668.15",208.455702660329,-3.22488758888717,0.193450042074876,-16.6703897000909,6.51251183728801e-31,1.17374458134122e-28,"Abca13"
"ENSMUSG00000027217.14",98.8356066360616,-3.44842607881724,0.212942822126883,-16.1941409641058,6.74688432984101e-31,1.20344940901968e-28,"Tspan18"
"ENSMUSG00000004110.19",254.609155413613,-4.74164481904343,0.325853292211589,-14.5514712675191,8.06719097771379e-31,1.4242707989429e-28,"Cacna1e"
"ENSMUSG00000041703.8",559.875425670215,1.97960860923754,0.0855413440812973,23.1421265412448,1.15059398871589e-30,2.0108663831073e-28,"Zic5"
"ENSMUSG00000038453.18",498.566345077174,-4.32867520720344,0.293393062795057,-14.7538430730625,3.90633544796568e-30,6.75874159207022e-28,"Srcin1"
"ENSMUSG00000021294.8",226.977045944758,-4.61970814383067,0.319998734852421,-14.4366450259912,5.74653768091291e-30,9.84421732229259e-28,"Kif26a"
"ENSMUSG00000039934.13",310.404466163164,-3.00260427763764,0.177382173572643,-16.9273169742053,7.37093789138929e-30,1.25031340585115e-27,"Gsap"
"ENSMUSG00000141856.1",320.419817432424,-4.07587660671985,0.272500438997096,-14.9573212495385,7.55511694421491e-30,1.26911294532822e-27,"ENSMUSG00000141856"
"ENSMUSG00000060257.3",48.1446347888453,-4.52151750306463,0.312604770447376,-14.4640067283483,9.7588169725127e-30,1.62352933902322e-27,"Scrt2"
"ENSMUSG00000020173.18",149.249745283482,-5.55216743014883,0.405366402271607,-13.696664052658,1.45634227189127e-29,2.39977466554883e-27,"Cobl"
"ENSMUSG00000038112.16",310.543879131966,-6.33132027909908,0.480344712996788,-13.1807847734996,6.34655926475432e-29,1.03592611696962e-26,"AW551984"
"ENSMUSG00000074657.6",2917.8426164699,-4.39200414749563,0.306509967911646,-14.3290744422435,9.11543088763733e-29,1.47397369362524e-26,"Kif5a"
"ENSMUSG00000039533.9",1935.45850946331,-3.70839027243162,0.244775071952616,-15.1501958220218,9.29255893303752e-29,1.48870235795755e-26,"Mmd2"
"ENSMUSG00000033910.14",731.42901420674,-4.08619747542297,0.279660337100102,-14.6112870984645,1.28777458777744e-28,2.0441354052959e-26,"Gucy1a1"
"ENSMUSG00000054640.17",882.774131794048,-3.99741151611879,0.272371490119087,-14.6763213520293,1.81028627059492e-28,2.84741573216667e-26,"Slc8a1"
"ENSMUSG00000042401.9",199.080706372764,-6.81446557345403,0.529073205448659,-12.8800050792126,2.1368199622742e-28,3.33074405290704e-26,"Crtac1"
"ENSMUSG00000028289.13",231.106577511195,-4.00752792430476,0.27392745735524,-14.6298876461575,2.40353787134678e-28,3.71303680803946e-26,"Epha7"
"ENSMUSG00000062783.3",29.7004885873325,-4.53446692297997,0.32240410152875,-14.0645447792965,2.8828164263569e-28,4.41402564679886e-26,"Csprs"
"ENSMUSG00000078921.4",1507.6993804585,-4.64788733081572,0.333033933020877,-13.9561974620897,3.19641934132599e-28,4.85126731961599e-26,"Tgtp2"
"ENSMUSG00000038578.16",72.4403319068121,-3.19838637199369,0.20110957106676,-15.9037004307068,4.0840966887357e-28,6.14461225291349e-26,"Susd1"
"ENSMUSG00000025576.18",168.478120183534,-5.43388126984464,0.407406060597728,-13.337752663454,6.9305623769947e-28,1.03372922626519e-25,"Rbfox3"
"ENSMUSG00000031465.7",1652.03963508345,3.54192515012835,0.233670701359933,15.1577631663482,7.31836071704856e-28,1.0822416848408e-25,"Angpt2"
"ENSMUSG00000027273.14",1931.87826626521,-4.45972928189882,0.320465640946128,-13.9164038576246,1.79872158509807e-27,2.63741363265821e-25,"Snap25"
"ENSMUSG00000097083.3",89.5133341768992,-3.44852801615127,0.227777307062698,-15.1399103827408,2.9741066679463e-27,4.32420114023587e-25,"D930019O06Rik"
"ENSMUSG00000018865.10",316.685114900543,-5.25683081638342,0.397747092345741,-13.2165160161974,4.96116120147281e-27,7.15316759232355e-25,"Sult4a1"
"ENSMUSG00000054423.16",424.668197176267,-6.00011384054395,0.467649844115677,-12.8303556946333,5.54739177081449e-27,7.93231177013491e-25,"Cadps"
"ENSMUSG00000037996.18",527.420618385069,-3.78571221925497,0.260977039000326,-14.5059206501697,6.7229790499456e-27,9.53450684607859e-25,"Slc24a2"
"ENSMUSG00000014813.10",1261.3267159447,2.64292837779953,0.154895806820666,17.0626205579564,1.38734237019783e-26,1.95152826741162e-24,"Stc1"
"ENSMUSG00000031099.17",600.92498406957,-4.34053246981537,0.31581536302499,-13.7438927233946,1.89496119044028e-26,2.64408213846756e-24,"Smarca1"
"ENSMUSG00000060780.3",110.676062429407,-4.77742549423714,0.357636761847092,-13.3583177231644,2.23077894084051e-26,3.0877549787538e-24,"Lrrtm1"
"ENSMUSG00000026185.9",32158.3196480258,-2.91199339315578,0.181237433659115,-16.0672844145039,2.54904886055227e-26,3.50028915756154e-24,"Igfbp5"
"ENSMUSG00000050549.9",99.3309275631265,-2.98213363589334,0.187918743564038,-15.8692718955792,2.59938592666998e-26,3.54130514198771e-24,"Fam241a"
"ENSMUSG00000131218.1",45.0146922235281,-3.00848340864759,0.191154565506753,-15.7384857676408,4.0052435619759e-26,5.41396282103961e-24,"ENSMUSG00000131218"
"ENSMUSG00000102312.2",249.920691898749,-6.73162509377178,0.546124977652242,-12.3261622691396,4.55005071842987e-26,6.10271143645532e-24,"Pcdha3"
"ENSMUSG00000031558.16",205.382427300645,-4.53641054407507,0.337753778032268,-13.4311171010548,5.90835821077693e-26,7.86357028945095e-24,"Slit2"
"ENSMUSG00000031906.10",407.367333106083,-2.74588964258471,0.167228103962747,-16.4200249689873,8.12606830718017e-26,1.07326132710558e-23,"Smpd3"
"ENSMUSG00000073448.5",119.01109245498,-3.0049662407376,0.192155595556724,-15.6381927470363,8.66449990066006e-26,1.13570588849409e-23,"Gm10509"
"ENSMUSG00000038540.15",167.237811518907,3.34926363066081,0.225297683216217,14.8659479442873,9.29764004523489e-26,1.20953209069665e-23,"Tmc3"
"ENSMUSG00000040536.16",128.313095705243,-4.51769273525873,0.337537182051725,-13.3842817191216,9.87534142884098e-26,1.27509818956572e-23,"Necab1"
"ENSMUSG00000034156.17",300.735021460624,-4.26599475530819,0.313519126114816,-13.606808644095,1.03466698704944e-25,1.32605986740217e-23,"Tspoap1"
"ENSMUSG00000090744.8",16.3759669230363,-3.3174583393249,0.22248557395451,-14.910891885526,1.04551322705018e-25,1.33010807753105e-23,"Gm6871"
"ENSMUSG00000038026.13",130.338692886155,-4.01888335979215,0.290457066673079,-13.8364110256459,1.32629705832041e-25,1.675006693654e-23,"Kcnj9"
"ENSMUSG00000051951.6",149.103651409706,-4.04286848505074,0.292903339853234,-13.8027394534884,1.3964795527581e-25,1.75086153781309e-23,"Xkr4"
"ENSMUSG00000050777.8",50.8643446442383,4.63704361432722,0.353307681193954,13.1246611980158,3.73934788622813e-25,4.65454655593662e-23,"Tmem37"
"ENSMUSG00000062444.16",436.777521830548,-3.01938938373568,0.19689749592072,-15.334828762634,5.55840567595511e-25,6.86939535752681e-23,"Ap3b2"
"ENSMUSG00000041794.14",170.800092792757,-3.4078911378863,0.234867700762986,-14.5098330967413,5.78897730728895e-25,7.10360889153996e-23,"Myrip"
"ENSMUSG00000031340.9",70.9568561543232,-5.02024310415873,0.39423556828622,-12.734120175869,1.01652130733276e-24,1.23858110277968e-22,"Gabre"
"ENSMUSG00000063063.13",917.675712746042,-4.23041770338787,0.317768961902032,-13.3128725916665,1.40708585328882e-24,1.70247548486735e-22,"Ctnna2"
"ENSMUSG00000043441.6",380.59924239546,-5.3365901165018,0.427165847644843,-12.4930168128487,1.62311096721726e-24,1.95021291352729e-22,"Gpr149"
"ENSMUSG00000061601.16",728.465608517629,-3.75036486782786,0.271700780165753,-13.8032907580903,2.18919737592116e-24,2.61224089642675e-22,"Pclo"
"ENSMUSG00000055639.17",166.597683073134,-5.33845996658471,0.428942328400686,-12.4456357256445,2.38660037552451e-24,2.8282849107757e-22,"Dach1"
"ENSMUSG00000028351.6",332.915213532357,-5.58901773983283,0.455089710542534,-12.2811340497457,3.2589790607523e-24,3.83584052443105e-22,"Brinp1"
"ENSMUSG00000031285.15",4159.70553669367,-3.21806228154552,0.22051098097953,-14.5936599948474,4.20343453024872e-24,4.91404217853806e-22,"Dcx"
"ENSMUSG00000054072.13",1224.19134037423,-4.08532602158142,0.307390472022436,-13.2903469476543,5.23240916045948e-24,6.07591565733355e-22,"Iigp1"
"ENSMUSG00000050967.6",866.3887295485,-2.70285731911521,0.170180825954408,-15.8822670177856,7.15985521703473e-24,8.25865433100899e-22,"Creg2"
"ENSMUSG00000070498.4",678.229071046942,-3.83611473446184,0.283954571788881,-13.5096072244753,8.60805698676457e-24,9.86335112483448e-22,"Tmem132b"
"ENSMUSG00000038156.17",3311.59181596793,-3.02821871114847,0.203230690075208,-14.9004006728897,9.33424563433271e-24,1.06250735503437e-21,"Spon1"
"ENSMUSG00000033615.10",490.864493377195,-3.8010113264132,0.28087696841919,-13.5326557667072,1.00674536338126e-23,1.13847766517795e-21,"Cplx1"
"ENSMUSG00000030302.18",599.443906265915,-4.79924418313694,0.381974403429635,-12.5643083412028,1.30825117311471e-23,1.46982868813187e-21,"Atp2b2"
"ENSMUSG00000007944.9",135.382136030896,-3.28345877923947,0.230126129765109,-14.2680832576071,1.65929846265287e-23,1.85220529037548e-21,"Ttc9b"
"ENSMUSG00000030092.15",82.824575228831,-4.16262391847951,0.318863869593287,-13.0545487131827,1.73106513833877e-23,1.91992878356009e-21,"Cntn6"
"ENSMUSG00000139773.1",10.8920636592358,-4.94722059422272,0.398792218060329,-12.4055093609532,2.1247329985818e-23,2.34153696442435e-21,"ENSMUSG00000139773"
"ENSMUSG00000042942.19",84.1812878165325,-6.03799740014349,0.510359768161912,-11.8308647679845,2.76757549572052e-23,3.01160951112934e-21,"Greb1l"
"ENSMUSG00000051652.5",100.951672509456,-2.63719594871624,0.165846881229655,-15.9013900602955,2.76015588251585e-23,3.01160951112934e-21,"Lrrc3"
"ENSMUSG00000120237.2",139.131419977802,-4.64387379068967,0.370222466219727,-12.5434683586531,3.696673709844e-23,3.99749053298256e-21,"Gm57223"
"ENSMUSG00000102820.3",26.9041441015296,-4.93979810495129,0.400357714032687,-12.3384611606309,3.75948505471653e-23,4.04016213768356e-21,"Gm38353"
"ENSMUSG00000027581.13",1458.31697077523,-3.29517329192199,0.233300307187838,-14.1241703949791,3.86732366084488e-23,4.13039715925544e-21,"Stmn3"
"ENSMUSG00000045215.19",190.421616175547,-3.81125492113687,0.28622187699804,-13.3157358938114,4.52903480209781e-23,4.8074454077237e-21,"Asxl3"
"ENSMUSG00000039037.6",83.7230143582493,-4.05469286490236,0.311653164707989,-13.0102733553227,5.54200597101972e-23,5.8468162994258e-21,"St6galnac5"
"ENSMUSG00000048385.11",177.703444444215,-3.55081293951933,0.260689182815764,-13.6208679668492,6.53737366696615e-23,6.85512964762717e-21,"Scrt1"
"ENSMUSG00000061311.7",16.5557122160121,-3.56146249820675,0.262010043946039,-13.5928472228349,7.12297509444376e-23,7.4241997038594e-21,"Rag1"
"ENSMUSG00000030930.15",126.731635684281,-3.51740457161818,0.257720000133158,-13.6481630055906,7.72485982058686e-23,8.00332482729304e-21,"Chst15"
"ENSMUSG00000042388.15",676.061162406814,-2.8022751691492,0.184559142176539,-15.1836161357355,7.93218352631145e-23,8.16920472453813e-21,"Dlgap3"
"ENSMUSG00000027514.15",142.874268840443,-4.3798033628136,0.347087545616151,-12.6187280936242,1.04198345316454e-22,1.06676909506821e-20,"Zbp1"
"ENSMUSG00000030683.12",484.637511840631,-3.04337889298367,0.209993233415167,-14.4927474256599,1.11538156053688e-22,1.13519598590642e-20,"Sez6l2"
"ENSMUSG00000040189.19",26.1304904568966,-3.85111372068048,0.293539160063302,-13.1195909937535,1.32846733994349e-22,1.3441603459475e-20,"Odad1"
"ENSMUSG00000037849.9",39.4980412866866,-5.39124497548954,0.452775006672707,-11.9071169919647,1.52959998200977e-22,1.53867086562402e-20,"Ifi206"
"ENSMUSG00000134402.1",161.355793988024,-4.1014192747418,0.322055219457914,-12.7351430032568,2.98399223331086e-22,2.98433720351125e-20,"Gm12250"
"ENSMUSG00000074771.11",47.7179638319204,-2.22310696801938,0.127043729029816,-17.4987540510374,3.06154572168793e-22,3.0443025331405e-20,"Ankef1"
"ENSMUSG00000049612.11",1108.19527048752,-2.9222799654809,0.2006728914004,-14.5624052411251,4.89134316247618e-22,4.83600110840931e-20,"Omg"
"ENSMUSG00000103255.2",49.8572037379979,-4.19734879505731,0.333804588725943,-12.5742693085126,4.92300622335188e-22,4.83965077707013e-20,"Pcdhac1"
"ENSMUSG00000038059.8",149.444323398128,-3.33860027807086,0.244972433985177,-13.6284733092576,6.7152814561326e-22,6.56428247197775e-20,"Smim3"
"ENSMUSG00000078922.10",276.845554201897,-5.50321849567374,0.472274163506678,-11.6525927541999,7.48138979710663e-22,7.27207900390668e-20,"Tgtp1"
"ENSMUSG00000026156.9",1179.11347816968,-3.53615250178504,0.266043506739348,-13.2916324293136,7.65126472859691e-22,7.39565264436781e-20,"B3gat2"
"ENSMUSG00000048001.8",267.739223721551,-3.96948941997266,0.311881850440674,-12.7275422226845,8.55954795611394e-22,8.22762770759352e-20,"Hes5"
"ENSMUSG00000047959.5",58.9647721882203,-3.34015817484034,0.245860037291493,-13.5856083470785,8.80568948987398e-22,8.41746074882871e-20,"Kcna3"
"ENSMUSG00000064329.15",289.759460813361,-4.36389469170863,0.353549506757694,-12.3430937062498,9.11755085004027e-22,8.6676848795273e-20,"Scn1a"
"ENSMUSG00000061578.10",138.870369707955,-3.33398223023381,0.245916466846346,-13.5573769133441,1.14463119482608e-21,1.08220813840879e-19,"Ksr2"
"ENSMUSG00000066129.18",204.692870200368,-3.18939303190679,0.230812713172773,-13.818099480159,1.20516539888661e-21,1.13324846367044e-19,"Kndc1"
"ENSMUSG00000034098.15",66.5478840136483,-4.06863299906814,0.324434594609347,-12.540687912666,1.56341704714869e-21,1.46217522971712e-19,"Fstl5"
"ENSMUSG00000020135.14",1184.51920122669,-2.81675968458877,0.193739611248575,-14.5388940673302,3.38331960095062e-21,3.14721482449718e-19,"Apc2"
"ENSMUSG00000021587.6",42.3377917759237,-5.02478229330695,0.42936502395208,-11.702821638932,3.49832182877441e-21,3.23678953376764e-19,"Pcsk1"
"ENSMUSG00000085433.5",636.948996309328,-3.52569486198088,0.269572678325876,-13.0788286256473,3.65235308187408e-21,3.36133047992476e-19,"Gm16001"
"ENSMUSG00000056073.17",669.119122731791,-4.10815992005375,0.332070448390695,-12.3713505371015,3.98904839709016e-21,3.65177329981238e-19,"Grik2"
"ENSMUSG00000022376.9",69.8664119482355,-4.6374286154831,0.38928891804642,-11.9125626250941,4.6479015932732e-21,4.23252596667436e-19,"Adcy8"
"ENSMUSG00000016087.14",65.5254150330888,-4.15390449664954,0.338077022451334,-12.2868583807629,5.34611607357939e-21,4.84285341911364e-19,"Fli1"
"ENSMUSG00000015968.19",329.112865593011,-3.35674454132275,0.253735285425213,-13.2293170644259,7.8458410024115e-21,7.07024692831895e-19,"Cacna1d"
"ENSMUSG00000024500.21",1593.45477480844,-3.29652127193289,0.247925408568492,-13.2964236742286,9.94279649534783e-21,8.91348523121804e-19,"Ppp2r2b"
"ENSMUSG00000041272.12",168.400431117081,-5.05111323316216,0.437572074093337,-11.5434999905518,1.03990522555988e-20,9.27445371785411e-19,"Tox"
"ENSMUSG00000143175.1",64.8693399822931,-2.59896342152482,0.174516052822908,-14.8924031886175,2.54081483256199e-20,2.25441939656346e-18,"ENSMUSG00000143175"
"ENSMUSG00000097452.4",60.852846993251,-4.37028596209471,0.368921998992999,-11.8460974786642,3.25533930070348e-20,2.87366737656998e-18,"Gm2824"
"ENSMUSG00000092021.10",44.0334926571902,-4.52957445221364,0.386432239565869,-11.7215231764884,3.30841622950185e-20,2.90569632501731e-18,"Gbp11"
"ENSMUSG00000029755.11",77.4033455336624,-3.70837807258719,0.297072410997661,-12.4830779813357,3.86536005627373e-20,3.37769998452768e-18,"Dlx5"
"ENSMUSG00000033460.15",466.173802306321,-3.82754546554992,0.310628740235916,-12.3219295891391,4.407607155008e-20,3.83218185909288e-18,"Armcx1"
"ENSMUSG00000053963.8",254.479925020049,-3.69937049913838,0.296953238329843,-12.4577543587158,4.94190716895914e-20,4.27524389186656e-18,"Stum"
"ENSMUSG00000027965.16",150.528718328761,-3.96947352620935,0.327213446485103,-12.1311442694335,5.68204113064425e-20,4.8910783901695e-18,"Olfm3"
"ENSMUSG00000061524.9",709.47968393637,1.62232341742865,0.0686469003708123,23.632872113166,6.19760874008796e-20,5.30846665450504e-18,"Zic2"
"ENSMUSG00000021379.3",651.915642281926,-3.30148702586231,0.253947594095026,-13.0006627455069,6.3547289408364e-20,5.41623251893357e-18,"Id4"
"ENSMUSG00000061576.16",704.849466049621,-4.06653451091353,0.338468770799734,-12.0145043257761,6.52121218935249e-20,5.53088300491062e-18,"Dpp6"
"ENSMUSG00000120849.2",163.326495091991,4.79393568867673,0.419008976208659,11.4411288561261,6.85690770034659e-20,5.78723009909252e-18,"Gm56768"
"ENSMUSG00000097023.11",314.88741819457,-2.54795073397468,0.171209691472899,-14.8820473423843,7.74405759960169e-20,6.50425653341303e-18,"Mir9-3hg"
"ENSMUSG00000041073.11",309.084503011218,-3.99988067333453,0.332172077707181,-12.0415921197944,8.49740221907541e-20,7.10251464707453e-18,"Nacad"
"ENSMUSG00000038203.23",153.717778735042,-2.7917870718345,0.198413418069039,-14.0705558071838,8.53867588230803e-20,7.10270048633142e-18,"Hoxa13"
"ENSMUSG00000139292.1",50.2991416286792,-2.96589192797524,0.217988209967053,-13.6057446796022,9.54798901374553e-20,7.90427301032656e-18,"ENSMUSG00000139292"
"ENSMUSG00000044043.5",555.517841311897,-2.26864269567006,0.141364941925864,-16.0481280914741,1.42659349570809e-19,1.17537717441625e-17,"Pcdhb14"
"ENSMUSG00000040152.9",3169.67793093976,3.60304665577159,0.290581152748192,12.3994506240185,1.65203561526603e-19,1.35466920451815e-17,"Thbs1"
"ENSMUSG00000030598.16",43.7734298858068,-3.44635812858431,0.273707249185674,-12.5914024522106,1.98382751227986e-19,1.61906526497482e-17,"Fbxo17"
"ENSMUSG00000033740.18",49.5500861436237,-4.04598384070848,0.341230961595605,-11.8570244088911,2.19933251230162e-19,1.78651883229308e-17,"St18"
"ENSMUSG00000073405.7",12.300792538187,-4.11809091979901,0.349561466912396,-11.7807347479493,2.33128237544139e-19,1.88485269438724e-17,"H2-T11-ps"
"ENSMUSG00000113882.2",43.2472440361077,-4.1859532168282,0.359390448709645,-11.6473691269688,3.82932405363493e-19,3.08162626865077e-17,"Gm48550"
"ENSMUSG00000108749.3",21.7527038168606,-3.51067896580916,0.283654304304716,-12.3766109399059,4.32943719561204e-19,3.46795936844813e-17,"Gm44767"
"ENSMUSG00000022860.16",111.745953596215,-3.9876503657745,0.338209779540065,-11.7904644011103,5.06256251854641e-19,4.03651874174608e-17,"Chodl"
"ENSMUSG00000031851.15",232.929434041856,-3.27116383567242,0.257153982966351,-12.7206423090886,5.14462445235683e-19,4.08313267315036e-17,"Ntpcr"
"ENSMUSG00000039646.6",294.849316669938,2.94878886372938,0.220741687243612,13.3585499891331,5.31070141361564e-19,4.1956966145378e-17,"Vasn"
"ENSMUSG00000072923.7",225.292828411688,-4.79479694400126,0.430623557190397,-11.1345439977434,6.12855217205078e-19,4.81982771276467e-17,"Gm10439"
"ENSMUSG00000035864.15",1627.31521920199,-3.64447071492637,0.300123131190647,-12.1432516729652,6.18591924200177e-19,4.84293098303686e-17,"Syt1"
"ENSMUSG00000031673.7",632.411636724006,-3.5551943077067,0.290052025906959,-12.2570917978939,6.28894093134481e-19,4.90140792766342e-17,"Cdh11"
"ENSMUSG00000022321.16",569.128516999347,-3.65127665980974,0.301738073793519,-12.1008151669594,7.70206564428153e-19,5.97583586445556e-17,"Cdh10"
"ENSMUSG00000027435.9",3263.66025493088,3.56549266260934,0.292098219601826,12.2064854331178,7.96001286037672e-19,6.14839921920705e-17,"Cd93"
"ENSMUSG00000112324.2",1211.28322201026,-2.79953281897106,0.205049921409578,-13.6529329039787,8.46419378556918e-19,6.50877692790746e-17,"Gm47939"
"ENSMUSG00000004661.16",39.2313194671512,-3.19012505275099,0.249670730793991,-12.7773289348171,8.77183632373189e-19,6.71550053421279e-17,"Arid3b"
"ENSMUSG00000068373.16",249.567331994473,-3.22067951256671,0.253334359740809,-12.7131570935022,9.27236555236316e-19,7.0674215324664e-17,"D430041D05Rik"
"ENSMUSG00000000957.12",533.788161305364,4.64297576930258,0.416252883616072,11.1542188704331,1.04957339297227e-18,7.93000822934767e-17,"Mmp14"
"ENSMUSG00000021700.11",823.481066534758,-3.50410560836723,0.286122298239039,-12.2468805470021,1.0492156518067e-18,7.93000822934767e-17,"Rab3c"
"ENSMUSG00000059901.13",599.773573823019,2.66031498152895,0.189735126344414,14.0212043641295,1.06017612702576e-18,7.9752901520868e-17,"Adamts14"
"ENSMUSG00000057182.17",826.790290694112,-4.21469216752211,0.36747886141742,-11.4692098241119,1.08617440131906e-18,8.13549328641664e-17,"Scn3a"
"ENSMUSG00000047216.9",239.786396766437,-3.59906067773373,0.297926917641588,-12.0803474430044,1.34485769229719e-18,1.00296240483302e-16,"Cdh19"
"ENSMUSG00000020062.8",190.971397100386,-3.12562286332375,0.243775245272477,-12.8217402051226,1.39591973371717e-18,1.03657524604182e-16,"Slc5a8"
"ENSMUSG00000044708.6",4084.30463678802,-3.06332047418738,0.23694922645222,-12.9281725036781,1.54833972788376e-18,1.14484504153183e-16,"Kcnj10"
"ENSMUSG00000021194.7",271.229689263658,-3.62838657045452,0.302727226302836,-11.9856631818931,1.93821172781607e-18,1.42701869424143e-16,"Chga"
"ENSMUSG00000090942.2",117.261745496049,-3.63432803712467,0.303782876428277,-11.9635710868737,2.12771465544356e-18,1.55990334612223e-16,"F830016B08Rik"
"ENSMUSG00000037621.9",14.3297837714754,-4.4685056937432,0.400311397256577,-11.162574246866,2.26711697802789e-18,1.65509105290458e-16,"Atoh8"
"ENSMUSG00000032011.6",2098.52047008271,-4.47148187382155,0.400833183488145,-11.1554683045692,2.34510257355925e-18,1.70483045074463e-16,"Thy1"
"ENSMUSG00000037362.9",89.7767755643057,-4.19585627632467,0.369209733046239,-11.3644248804221,2.44438809071123e-18,1.7695733366312e-16,"Ccn3"
"ENSMUSG00000050132.14",414.043473007736,-2.21621296144962,0.140594854998238,-15.7631156664829,2.56416657480134e-18,1.84855041988387e-16,"Sarm1"
"ENSMUSG00000022206.8",24.2309261684826,-3.95189847289894,0.342127196741424,-11.5509626552307,3.11970915184156e-18,2.2397181636997e-16,"Npr3"
"ENSMUSG00000021823.11",5942.3538632911,2.0532967699687,0.122136363744464,16.8115105691589,3.23442858674288e-18,2.31248278544733e-16,"Vcl"
"ENSMUSG00000091794.4",17.059633751782,-3.02565343656564,0.235452445667543,-12.8503801605775,3.87490067468904e-18,2.75899306475185e-16,"Vmn2r18"
"ENSMUSG00000034648.10",6428.78556134711,-2.39650606931007,0.162893756941775,-14.712080526,5.0363678007573e-18,3.57128015117635e-16,"Lrrn1"
"ENSMUSG00000063446.5",691.003988611616,-3.21403250486344,0.259755744358901,-12.3732875005168,7.73900210961245e-18,5.46531487757203e-16,"Plppr1"
"ENSMUSG00000046204.15",218.12456184047,-3.33595810791584,0.275039771789262,-12.1290026028377,1.00542424612992e-17,7.07148386444708e-16,"Pnma2"
"ENSMUSG00000071847.15",428.175856667545,-2.54456653475457,0.182013518420063,-13.9800964062573,1.06936644978149e-17,7.49076045106044e-16,"Apcdd1"
"ENSMUSG00000021951.8",211.582917901258,3.17063786219074,0.257282359663649,12.3235726939685,1.63082491015419e-17,1.13776341110838e-15,"Eef1akmt1"
"ENSMUSG00000105096.2",124.239067552835,-4.2614312149889,0.386694184406078,-11.0201585305298,1.66829732587728e-17,1.15923214186059e-15,"Gbp10"
"ENSMUSG00000025468.16",129.813787910022,-3.8356529139255,0.337216794818496,-11.3744421181335,2.06776833021237e-17,1.43106110597337e-15,"Caly"
"ENSMUSG00000070942.9",65.5586530485436,3.53692336040949,0.301723169758927,11.7224121807929,2.08324788562788e-17,1.43603007637983e-15,"Il1rl2"
"ENSMUSG00000035456.10",77.1542985469257,-3.75296976803518,0.328375028813221,-11.4289134030647,2.56632740433444e-17,1.76200780753153e-15,"Prdm8"
"ENSMUSG00000069892.10",249.634208049326,-3.63461660556898,0.314858117142247,-11.5436649325033,2.93940246649384e-17,2.01017950495164e-15,"9930111J21Rik2"
"ENSMUSG00000026904.18",436.938749830136,-4.50030701061813,0.418648034025109,-10.7496193576971,3.11002177726273e-17,2.11848806260629e-15,"Slc4a10"
"ENSMUSG00000131099.1",25.3275219541379,-2.88794324275478,0.226086585372613,-12.7736160816227,3.3978118556382e-17,2.30544865593145e-15,"ENSMUSG00000131099"
"ENSMUSG00000079363.8",662.710460936345,-3.44697802445311,0.293314948937067,-11.7517979801046,3.63701159175499e-17,2.45810838127128e-15,"Gbp4"
"ENSMUSG00000049119.15",95.6956247836004,-2.75200210657377,0.21012724449265,-13.0968362204456,3.78378995983881e-17,2.54735929514129e-15,"Fam110b"
"ENSMUSG00000057604.10",530.544194037872,-2.47023926552312,0.17643572469667,-14.0007885011382,3.94088796158251e-17,2.64283889578684e-15,"Lmcd1"
"ENSMUSG00000047330.9",257.09403443112,2.97951923087398,0.238293665655266,12.503560355584,4.90521236608873e-17,3.27683337289835e-15,"Kcne4"
"ENSMUSG00000032297.12",42.511552793621,-3.43757884236931,0.293861014575155,-11.6979751374613,5.42899194478853e-17,3.61278533187427e-15,"Celf6"
"ENSMUSG00000039838.12",124.096322589785,-3.68741580698605,0.32560846813076,-11.3246925921633,7.6898450811411e-17,5.09768963961316e-15,"Slc45a1"
"ENSMUSG00000041216.16",136.809102914262,-3.10478414292573,0.255769158382245,-12.1390091071327,9.42075406133825e-17,6.22129338814025e-15,"Clvs1"
"ENSMUSG00000022577.19",103.374260818093,-4.71436900034822,0.45301921809953,-10.4065540974742,1.21054173446156e-16,7.96379965386083e-15,"Ly6h"
"ENSMUSG00000060882.6",425.951678732605,-3.87838865279011,0.353061943722857,-10.9850090663822,1.78024978354845e-16,1.16673794526346e-14,"Kcnd2"
"ENSMUSG00000042453.15",88.4815253532329,-4.42570775800459,0.421246519378439,-10.5062179849814,2.10591057140035e-16,1.3749609323158e-14,"Reln"
"ENSMUSG00000030790.16",2516.79478746582,2.66685841619546,0.205232642283908,12.9943189666012,2.29660437289742e-16,1.49382890450644e-14,"Adm"
"ENSMUSG00000029484.13",230.074475990185,4.41517151361614,0.421283270940895,10.4802915714058,2.60296926796544e-16,1.68676308143588e-14,"Anxa3"
"ENSMUSG00000041605.17",296.562573637214,-4.09569662190917,0.382267404167637,-10.714218835444,2.78779303593965e-16,1.79979086223238e-14,"Inava"
"ENSMUSG00000049929.8",640.03416876572,-2.61590359667022,0.199724201952101,-13.0975794175289,2.96675045357888e-16,1.90227146742794e-14,"Lpar4"
"ENSMUSG00000115263.3",55.5158917355668,2.55088905455587,0.191690184626787,13.3073535273721,2.96851980236703e-16,1.90227146742794e-14,"Gm5089"
"ENSMUSG00000045201.7",41.5256436651083,-3.59861761177146,0.322911112863609,-11.1442978219565,4.22614137105485e-16,2.69818073808085e-14,"Lrrc3b"
"ENSMUSG00000055214.16",51.8785520452106,-4.01536839056313,0.375678437829618,-10.6883120941432,5.01622872204859e-16,3.190837843709e-14,"Pld5"
"ENSMUSG00000143426.1",109.255404508986,-3.81429426991378,0.351625318549141,-10.8476098525901,6.03806280459284e-16,3.82676053644928e-14,"BC023105"
"ENSMUSG00000019823.18",588.484326937158,2.88118514664968,0.235122048493561,12.2539981473859,6.17626172574648e-16,3.90006132769583e-14,"Mical1"
"ENSMUSG00000027238.18",335.422590017319,-2.52239353646343,0.190337535871687,-13.2522128381648,6.30291076607084e-16,3.96556225725664e-14,"Frmd5"
"ENSMUSG00000022425.17",1554.00944673347,-3.35199859825095,0.29441924428033,-11.3851205835559,6.82379443232598e-16,4.27772794449652e-14,"Enpp2"
"ENSMUSG00000027500.11",416.175049718913,-5.00998628144539,0.503529152119656,-9.94974424093492,8.34431143480147e-16,5.21203164061137e-14,"Stmn2"
"ENSMUSG00000041144.13",356.821675258001,-2.60181111709587,0.201176893900362,-12.9329520237274,8.45019656934601e-16,5.25918349074909e-14,"Dnah7b"
"ENSMUSG00000053626.6",31.8671584553566,-3.65325315366952,0.333763007959826,-10.9456502564516,9.36235580409798e-16,5.80600287177431e-14,"Tll1"
"ENSMUSG00000042604.6",80.4252221315963,-3.98553236037412,0.375993267803446,-10.6000098982027,1.00775041549505e-15,6.22717774603405e-14,"Kcna4"
"ENSMUSG00000042671.13",476.93795678929,-3.60397448159433,0.328474420773815,-10.9718573309427,1.11818538998497e-15,6.88499772865476e-14,"Rgs8"
"ENSMUSG00000045589.8",454.958063216777,-3.73847039223665,0.34590483538854,-10.8078003247263,1.21819515426632e-15,7.47418885075031e-14,"Frrs1l"
"ENSMUSG00000085492.10",80.0249238803517,3.59412387295876,0.328993652477606,10.924599444068,1.57233603574425e-15,9.61291805316147e-14,"Trmt61b"
"ENSMUSG00000038227.16",25.8502269551996,-3.54939506443053,0.323585243709388,-10.9689645415915,1.65549626827979e-15,1.00857029696398e-13,"Hoxa9"
"ENSMUSG00000102504.2",82.5846082242682,-2.62700535459593,0.208493794453425,-12.599921074307,3.00792066094604e-15,1.8260716938838e-13,"Gm21955"
"ENSMUSG00000072109.14",22.9772837066991,-3.60682550786352,0.334567425125138,-10.7805639073035,3.30751639873382e-15,2.00093177380743e-13,"A530040E14Rik"
"ENSMUSG00000049281.17",1173.96519835996,-2.35887686411646,0.174526118480991,-13.5158959853529,3.45561127017429e-15,2.07771672847707e-13,"Scn3b"
"ENSMUSG00000095082.2",189.930097990023,-3.85820491275585,0.367095865597958,-10.5100745454359,3.45845808462256e-15,2.07771672847707e-13,"Gm15091"
"ENSMUSG00000025597.14",150.970063854791,-4.38757137950641,0.436066947216805,-10.0616921495886,3.97210708298109e-15,2.37804141002557e-13,"Klhl4"
"ENSMUSG00000004098.8",1015.81124142743,2.27512544806262,0.164207828311525,13.8551582555881,4.07214054271722e-15,2.42952329896874e-13,"Col5a3"
"ENSMUSG00000026058.12",256.274835814935,-3.67329643131287,0.344519392617124,-10.6620890145221,4.26341849794675e-15,2.53490264094415e-13,"Khdrbs2"
"ENSMUSG00000027612.8",63.3185080984127,-3.12497045566767,0.274116044704076,-11.4001734522372,4.51984720750676e-15,2.67816425973569e-13,"Mmp24"
"ENSMUSG00000111374.2",23.4265940386781,-3.90605605944558,0.375301234633789,-10.4077889945047,4.84487653427957e-15,2.86095746744386e-13,"Gm50490"
"ENSMUSG00000103464.2",99.1225958397949,-3.46673329526366,0.320509106951625,-10.8163332026222,7.00329902637327e-15,4.12146529776565e-13,"Gm38246"
"ENSMUSG00000026188.12",465.633569675324,-2.25509468418598,0.163135811835857,-13.8234190200677,7.15498974539688e-15,4.19646212118159e-13,"Tmem169"
"ENSMUSG00000053693.17",230.258020787569,-2.71253672457887,0.223135536221306,-12.1564532952231,8.27918244491206e-15,4.8394059007388e-13,"Mast1"
"ENSMUSG00000020218.12",69.5329202756013,-4.6509363752786,0.477251145843305,-9.7452597354384,1.00546803291654e-14,5.85744373923299e-13,"Wif1"
"ENSMUSG00000027221.6",199.405489417296,-2.96032103136158,0.256405749621581,-11.5454549507201,1.04159397995708e-14,6.04753659101252e-13,"Chst1"
"ENSMUSG00000100005.10",18.8466325265221,-3.55361861417224,0.334278890573822,-10.6307000363442,1.09299679309728e-14,6.32475936928736e-13,"B130024G19Rik"
"ENSMUSG00000036469.17",152.686214139544,-3.74998033283973,0.360279174736481,-10.4085403647951,1.14752066130161e-14,6.6181341606135e-13,"Marchf1"
"ENSMUSG00000141473.1",12.0836092165436,-2.27591156521442,0.168529282814321,-13.5045466711084,1.8538107348687e-14,1.06560243636871e-12,"ENSMUSG00000141473"
"ENSMUSG00000044626.14",93.4920450421254,2.99917925268661,0.266080697620851,11.2716904288948,2.8798512951446e-14,1.64990685790039e-12,"Liph"
"ENSMUSG00000052776.11",92.628698372749,-3.99036636201954,0.398060036001011,-10.0245339926799,2.90376061364282e-14,1.65811439396858e-12,"Oas1a"
"ENSMUSG00000092199.2",25.2101774807351,-3.87400463617983,0.382946547375248,-10.1163064734037,3.07199351358061e-14,1.74840893986749e-12,"Gm18358"
"ENSMUSG00000032006.16",45.5210645880007,-3.50642022692264,0.334790997285001,-10.473460324077,3.5361298726351e-14,2.00597111660107e-12,"Pdgfd"
"ENSMUSG00000027259.16",443.960310327588,-1.83587876354939,0.111941506768198,-16.4003399324526,4.09897922725409e-14,2.3176646598023e-12,"Adal"
"ENSMUSG00000070866.5",63.1450560293968,-4.19304323796901,0.428446764813739,-9.78661430619478,4.57585083769443e-14,2.57887202585632e-12,"Zfp804a"
"ENSMUSG00000113725.2",71.9495582384158,-2.45665397009636,0.196067751993243,-12.5296176710437,5.45704855977127e-14,3.06551474614164e-12,"Gm48358"
"ENSMUSG00000030862.14",51.4667753163577,-3.90169238313313,0.39124659546013,-9.97246347548277,6.01140153760759e-14,3.36599577358209e-12,"Cpxm2"
"ENSMUSG00000026764.16",735.282641728714,-3.69407403503065,0.363333779435339,-10.1671637599225,6.08704471371483e-14,3.39735637537722e-12,"Kif5c"
"ENSMUSG00000015653.14",185.165502175873,-2.60086986523661,0.216427536399504,-12.017277969822,6.97559507768933e-14,3.86832519340323e-12,"Steap2"
"ENSMUSG00000022044.15",511.766343705486,-3.33922199807764,0.316245547294874,-10.5589534039007,6.97245999447739e-14,3.86832519340323e-12,"Stmn4"
"ENSMUSG00000045534.5",29.3090023858657,-3.3295165107171,0.315151956192039,-10.5647972201964,7.24681669131036e-14,4.00589208923488e-12,"Kcna5"
"ENSMUSG00000039579.16",1958.72294759113,-2.65028802351067,0.223579247652974,-11.8539088548338,7.84217134726226e-14,4.32118626274941e-12,"Grin3a"
"ENSMUSG00000028310.3",20.1017812109378,-2.57436359775736,0.214362291981731,-12.0094050775346,1.0333782146124e-13,5.67603487911867e-12,"Ppp3r2"
"ENSMUSG00000052584.11",73.4940224363629,-2.71557592297329,0.234702686232643,-11.5702805390201,1.33998419846172e-13,7.33683753221035e-12,"Serp2"
"ENSMUSG00000069763.4",1479.53597734431,-2.80471565912766,0.24697641905492,-11.3562082965661,1.36343901939081e-13,7.44171038280752e-12,"Tmem100"
"ENSMUSG00000046093.10",695.709861203645,-4.1689479726919,0.433840973747708,-9.60939197761498,1.39253440108918e-13,7.57661327284433e-12,"Hpcal4"
"ENSMUSG00000028360.11",320.373394621274,-2.69454637829588,0.232185019297644,-11.6051689572688,1.45757674138205e-13,7.90564036971542e-12,"Slc44a5"
"ENSMUSG00000071679.5",18.7912611681562,3.31883181208652,0.318669215131338,10.4146608912903,1.71155651238816e-13,9.25417211791872e-12,"Rtl4"
"ENSMUSG00000029603.16",412.733386925279,-2.94609401921728,0.267495846590897,-11.0136065915184,1.72914350844742e-13,9.32013737793059e-12,"Dtx1"
"ENSMUSG00000040310.13",91.0482465983866,-3.95038719309108,0.40559420224046,-9.73975261793573,1.74195634085333e-13,9.36003994082122e-12,"Alx4"
"ENSMUSG00000036594.16",421.951235603179,-4.38671022442209,0.465717193113268,-9.41925762950134,1.77060139077193e-13,9.48450317744145e-12,"H2-Aa"
"ENSMUSG00000069072.10",208.825239508366,-3.82893303019356,0.389067037129671,-9.84131952796974,1.78327670352311e-13,9.52291775443114e-12,"Slc7a14"
"ENSMUSG00000040253.16",1016.00176607531,-2.56921575038998,0.21600539142086,-11.8942204798221,1.86924684346479e-13,9.95129504173164e-12,"Gbp7"
"ENSMUSG00000001131.12",308.692722753859,2.89222758252791,0.260933314547313,11.0841637356486,2.05684659800371e-13,1.0916429398362e-11,"Timp1"
"ENSMUSG00000057098.15",210.159447955911,3.32802937988385,0.321400824276697,10.3547630513191,2.18813824524128e-13,1.15777271924051e-11,"Ebf1"
"ENSMUSG00000031610.4",566.35335768666,-3.11780812236445,0.292486867666883,-10.6596516528576,2.23196067910326e-13,1.17735925822697e-11,"Scrg1"
"ENSMUSG00000056258.10",394.31788577685,-3.19192159580267,0.302932828793122,-10.5367305634032,2.31620406470266e-13,1.2143928099238e-11,"Kcnq3"
"ENSMUSG00000085067.5",16.9538496129633,-4.67546275356292,0.507945752020299,-9.20464977798669,2.31165330426087e-13,1.2143928099238e-11,"Gm15631"
"ENSMUSG00000037995.16",98.8001772068317,-2.23432210075553,0.170694007143762,-13.0896341244935,2.39376511795494e-13,1.2512665882434e-11,"Igsf9"
"ENSMUSG00000048583.18",201.140261681795,-2.78256713224332,0.246617201243252,-11.2829401932054,2.44947705373608e-13,1.27653168625728e-11,"Igf2"
"ENSMUSG00000073555.2",249.799089066988,-2.94269862377434,0.268824816995748,-10.9465288832351,2.47555625677792e-13,1.28624847912227e-11,"Iigp1c"
"ENSMUSG00000027803.15",6775.52212761894,1.97703837578237,0.135222447702848,14.6206373968834,2.49785929419664e-13,1.29395094335899e-11,"Wwtr1"
"ENSMUSG00000068205.15",228.662773333369,-1.92947166957253,0.128779513809722,-14.9827531762809,2.64676433807827e-13,1.36699452469941e-11,"Macrod2"
"ENSMUSG00000021457.15",372.542646305169,-3.19786497107649,0.304597473847932,-10.4986588715867,2.68409324934322e-13,1.38214825595644e-11,"Syk"
"ENSMUSG00000028270.13",1007.21235534018,-3.02494262088718,0.280993830738428,-10.7651567044653,2.87337355098389e-13,1.47522579166538e-11,"Gbp2"
"ENSMUSG00000054342.9",175.548032328387,2.77126904866822,0.245822996441416,11.2734328715608,2.89230061801664e-13,1.48054986073739e-11,"Kcnn4"
"ENSMUSG00000105504.5",158.171871427906,-3.78205851903172,0.386643599421509,-9.78176937285497,3.11370908645678e-13,1.58918568182523e-11,"Gbp5"
"ENSMUSG00000022208.13",547.077341630468,-2.99955127378264,0.278711605627209,-10.7622044192687,3.63479987318613e-13,1.84592036369951e-11,"Jph4"
"ENSMUSG00000070436.13",16742.2488983419,2.85664452746335,0.258796690356169,11.0381802933101,3.63806984176125e-13,1.84592036369951e-11,"Serpinh1"
"ENSMUSG00000056296.18",169.606611471027,-3.05174067992779,0.286031765665884,-10.669236938853,3.66533016202433e-13,1.85431410711535e-11,"Synpr"
"ENSMUSG00000014932.16",922.870278272412,2.76650678692188,0.246384078113475,11.2284316750685,3.75735006256319e-13,1.89532567878917e-11,"Yes1"
"ENSMUSG00000118667.1",349.912598860048,2.46236566266535,0.204018720303567,12.0693123601673,3.81058836592924e-13,1.91659302056127e-11,"Ahnak2"
"ENSMUSG00000026748.14",475.544455269651,-2.85406028554215,0.259350098308267,-11.0046624395329,4.37473878865885e-13,2.19396320351813e-11,"Plxdc2"
"ENSMUSG00000029120.11",707.396540722809,-2.58653542033057,0.222153610898276,-11.6430041801794,4.61205387848338e-13,2.30629353195143e-11,"Ppp2r2c"
"ENSMUSG00000017314.13",837.081411465464,-2.8251048888666,0.255698278184362,-11.0485878470784,4.74429025705625e-13,2.3655824215443e-11,"Mpp2"
"ENSMUSG00000027748.12",42.4795205105455,-4.03801252859597,0.426108458430563,-9.4764899609567,5.03050644123261e-13,2.50108685190249e-11,"Trpc4"
"ENSMUSG00000120109.2",33.7622726200996,-3.47376289029674,0.347083577693444,-10.0084334539299,5.11847320905163e-13,2.53753075825247e-11,"Gm40003"
"ENSMUSG00000017943.16",511.097279216187,-2.04384870001648,0.14695157543512,-13.9083143135056,6.08835706860403e-13,3.00973582859963e-11,"Gdap1l1"
"ENSMUSG00000068617.6",30.0476333885658,-3.90962887625732,0.409916219741067,-9.53762912510984,6.32389742823628e-13,3.11726704567932e-11,"Clxn"
"ENSMUSG00000041261.10",453.58653345899,-2.997823564878,0.281693706510079,-10.6421389459432,6.60059702063327e-13,3.24441845599423e-11,"Car8"
"ENSMUSG00000024511.16",204.933388613632,-3.02725238210895,0.286167489809752,-10.5786034050252,6.99519925103721e-13,3.42863845443189e-11,"Rab27b"
"ENSMUSG00000121350.2",15.5857448216925,-2.48616313582645,0.209984625130116,-11.8397389060552,7.33967826446908e-13,3.58731958564531e-11,"ENSMUSG00000121350"
"ENSMUSG00000103400.3",42.4853014900212,-1.80856432672339,0.114310706704899,-15.8214779599983,7.55963330322126e-13,3.68441620879815e-11,"Gm15853"
"ENSMUSG00000044816.11",26.8318114521302,-2.77126424178412,0.250534734770544,-11.0613973121221,7.75032507369755e-13,3.76674506812121e-11,"D630023F18Rik"
"ENSMUSG00000045994.18",1239.14945443871,-2.84138555281219,0.26129764066709,-10.8741339782409,9.13552025453926e-13,4.42752861187782e-11,"B3gat1"
"ENSMUSG00000038400.17",580.478164958667,-1.88608438220792,0.125856405966358,-14.9860022437958,9.58173643146662e-13,4.63081574685015e-11,"Pmepa1"
"ENSMUSG00000031391.19",214.222222794948,-3.19515293174078,0.312592819357227,-10.2214533856243,1.09041755702365e-12,5.25526589738807e-11,"L1cam"
"ENSMUSG00000061356.14",97.1944136602139,2.1624667911441,0.16564955938447,13.0544675106865,1.12834148784038e-12,5.4229345618373e-11,"Nuggc"
"ENSMUSG00000029163.10",1577.9222010631,1.87579824464044,0.124809428015977,15.0292992641574,1.13273184063836e-12,5.42895465560247e-11,"Emilin1"
"ENSMUSG00000050896.13",72.5540142528823,-2.58291392308021,0.225865809801875,-11.4356127000624,1.20697375993596e-12,5.76880110342874e-11,"Rtn4rl2"
"ENSMUSG00000027358.7",14.3219830608568,-3.88775280111514,0.412471325259079,-9.42551048530025,1.26980720675758e-12,6.05239787639661e-11,"Bmp2"
"ENSMUSG00000054409.6",122.631981921049,-2.75255533204266,0.250447409696044,-10.9905522096767,1.30101120720355e-12,6.18409228215271e-11,"Tmem74"
"ENSMUSG00000021732.15",17.4024402225805,-4.17434958032756,0.455139867153028,-9.17157533669547,1.53536461922488e-12,7.27804894296684e-11,"Fgf10"
"ENSMUSG00000043843.18",97.7350137335073,-2.21061181957333,0.173641333784112,-12.730907851248,1.56332846694827e-12,7.38170547533328e-11,"Tmem145"
"ENSMUSG00000092094.6",11.0919701976666,-4.06814023988231,0.440085492706275,-9.24397715286083,1.56576459914884e-12,7.38170547533328e-11,"Zfp804b"
"ENSMUSG00000015533.10",32.7598366023469,3.14565762570543,0.307980418261377,10.2138234744385,1.62042075139551e-12,7.61861952191442e-11,"Itga2"
"ENSMUSG00000024379.5",87.7220512470935,3.70663059728959,0.388814526953099,9.53315871795269,1.68647267215002e-12,7.90768297385898e-11,"Tslp"
"ENSMUSG00000087259.10",342.965574139351,-2.21381318040421,0.174465080396957,-12.6891477387174,1.73376602426676e-12,8.10746479780093e-11,"2610035D17Rik"
"ENSMUSG00000063430.10",48.7346758617138,-3.29760097104258,0.330952096988652,-9.96398270640251,1.92750488546212e-12,8.98913464373737e-11,"Wscd2"
"ENSMUSG00000098912.10",652.124334043057,-1.9869830287054,0.142207164796072,-13.9724537195772,1.95413687902874e-12,9.08883770993421e-11,"1500004A13Rik"
"ENSMUSG00000142247.1",11.4760337686883,2.51285265583767,0.218188099566843,11.5169097710934,2.04974644024095e-12,9.50796592735894e-11,"ENSMUSG00000142247"
"ENSMUSG00000119972.2",59.8608413524298,3.0493719875474,0.296780583418452,10.274836555759,2.50409784999323e-12,1.15844655081773e-10,"Gm6634"
"ENSMUSG00000022454.18",3038.93876845548,-2.75957911574399,0.254838075661567,-10.8287551166757,2.51557514814716e-12,1.16065283235313e-10,"Nell2"
"ENSMUSG00000054885.14",61.0541529953623,-2.54110821126787,0.22349361989261,-11.3699362536116,2.68311171706855e-12,1.2346595459766e-10,"4930578G10Rik"
"ENSMUSG00000028528.18",362.466565119828,-2.5172996695726,0.220413284693473,-11.4208164588327,2.91209814285861e-12,1.33647538641219e-10,"Dnajc6"
"ENSMUSG00000034701.10",504.677951472629,-2.78451517830968,0.259389937350235,-10.7348619871478,2.99973010268138e-12,1.37305106446014e-10,"Neurod1"
"ENSMUSG00000113835.4",485.058960687938,2.03174340970548,0.150457139523482,13.5038019208679,3.50647880040505e-12,1.60076770988412e-10,"Gm19554"
"ENSMUSG00000016262.15",56.241056361057,-3.02850938408548,0.298019559892775,-10.1621161549769,4.9955133974761e-12,2.2745361263982e-10,"Sertad4"
"ENSMUSG00000027544.17",205.762552122022,-2.45133001389738,0.213397077474258,-11.487177064049,5.19198507607126e-12,2.35778807837756e-10,"Nfatc2"
"ENSMUSG00000032554.16",33714.3018472125,2.57590401487217,0.231784232313813,11.1133703494751,5.26691468768174e-12,2.38555387241543e-10,"Trf"
"ENSMUSG00000029153.12",86.4617654662728,-3.7496828632291,0.405058312218273,-9.25714335472892,5.67064982295402e-12,2.56171235605093e-10,"Ociad2"
"ENSMUSG00000102373.2",23.937716486399,-2.6967113581442,0.250257431727895,-10.7757493534751,6.01445210681481e-12,2.70994922791953e-10,"9530018H14Rik"
"ENSMUSG00000024008.17",106.54309834129,-2.95270204794167,0.288072812304651,-10.2498462951757,6.07142741911196e-12,2.72851525209026e-10,"Cpne5"
"ENSMUSG00000021675.5",32.834532172903,2.44082960143662,0.21258541081718,11.4816420941308,6.10729731071061e-12,2.73752482046412e-10,"F2rl2"
"ENSMUSG00000042436.13",443.753404485386,-2.75934618742519,0.259649020088443,-10.6272158719694,6.1832913071605e-12,2.76442651670519e-10,"Mfap4"
"ENSMUSG00000053141.17",766.334998336094,-3.34751534964034,0.346517716095224,-9.66044503398619,6.237990597846e-12,2.78169364236937e-10,"Ptprt"
"ENSMUSG00000040328.18",31.4023858171483,-3.27067488009381,0.33656285089431,-9.71787252040151,7.56439883808554e-12,3.3645045937418e-10,"Or2v1"
"ENSMUSG00000111873.3",16.9537460179652,-2.4993225887053,0.222990258632492,-11.2082142243909,8.85753621511202e-12,3.92956645112482e-10,"Gm39463"
"ENSMUSG00000015829.14",10675.0778438894,-2.55699378508592,0.231668084201865,-11.037315709219,9.03676387359755e-12,3.99448702856867e-10,"Tnr"
"ENSMUSG00000044550.12",159.229899993861,-4.10033918032098,0.461320086341785,-8.88827367747239,9.05004574730620e-12,3.99448702856867e-10,"Tceal3"
"ENSMUSG00000052485.8",60.0757236932022,3.5198053657467,0.375222372964027,9.38058500601228,9.37120356879051e-12,4.125714100438e-10,"Tmem171"
"ENSMUSG00000052135.9",105.096444072621,-2.3747054867986,0.204825293236619,-11.5938097745345,9.62507418317567e-12,4.22139090636988e-10,"Foxo6"
"ENSMUSG00000061143.16",109.390436280177,-2.44747410415771,0.215673470517902,-11.3480536028865,9.63732174324415e-12,4.22139090636988e-10,"Maml3"
"ENSMUSG00000028268.15",812.772729194764,-2.4915339073838,0.222852088598149,-11.1802134009907,1.0937129315199e-11,4.77864170231244e-10,"Gbp3"
"ENSMUSG00000090071.5",272.343020655584,-2.07458773405083,0.160720211950736,-12.9080699239417,1.14616118114848e-11,4.99518406957962e-10,"Cdk5r2"
"ENSMUSG00000099375.2",317.209782248426,-2.04482073128522,0.156279897190003,-13.0843490944914,1.15011057864774e-11,4.99980231953848e-10,"Gm28187"
"ENSMUSG00000024818.16",231.001163572801,1.94521300360887,0.141403105757597,13.7565083396647,1.15835143154014e-11,5.02300663371115e-10,"Slc25a45"
"ENSMUSG00000063434.7",84.504179128828,-4.4653441394298,0.518530980864542,-8.61152815205906,1.17047330967685e-11,5.06288230100723e-10,"Sorcs3"
"ENSMUSG00000102692.2",443.74720905725,-2.28585016985289,0.193352541883125,-11.822188359099,1.46259615447174e-11,6.31068295877059e-10,"Dchs2"
"ENSMUSG00000008136.15",114.463278817082,-2.13931728709292,0.171404979001603,-12.4810685171106,1.49632320606239e-11,6.44014530131629e-10,"Fhl2"
"ENSMUSG00000133261.1",10.280752357933,-2.70131414856044,0.256549082162343,-10.5294243339022,1.66107174397506e-11,7.13147973058472e-10,"ENSMUSG00000133261"
"ENSMUSG00000030351.6",87.9146083128097,-2.1375702515622,0.171932102867882,-12.432641815617,1.84035330204484e-11,7.8816318891039e-10,"Tspan11"
"ENSMUSG00000010154.8",54.8775894659019,-2.35240856264845,0.205212531820572,-11.4632792733403,2.1949519521995e-11,9.37705152517427e-10,"Spire2"
"ENSMUSG00000071753.16",629.204738386623,-3.43538973877916,0.369837050472823,-9.28892801407308,2.27389879955253e-11,9.69039335710786e-10,"Cdr1os"
"ENSMUSG00000033007.16",170.049346473523,-3.47740442099037,0.377096584930887,-9.22152191229124,2.52115160036454e-11,1.07176818156037e-09,"Asic4"
"ENSMUSG00000020067.9",20.1578012504605,-3.02619888223054,0.308484974663405,-9.80987448588865,2.5459193082859e-11,1.07964450666575e-09,"Mypn"
"ENSMUSG00000074194.5",56.986779202927,-1.88458382051665,0.134695282057567,-13.9914612577982,2.56185243377657e-11,1.08374500755996e-09,"Zfp791"
"ENSMUSG00000034810.8",137.459196012138,-3.57681748868913,0.39277682382132,-9.1064881422746,2.68114760119978e-11,1.13144428770631e-09,"Scn7a"
"ENSMUSG00000107008.6",77.94755452748,-2.99191128756553,0.303807772897801,-9.84804061801272,2.75453186467127e-11,1.15958419276259e-09,"Gm2762"
"ENSMUSG00000100807.5",608.090974567339,2.11008549087133,0.169518015957403,12.447558915517,2.90626432135362e-11,1.22048993417622e-09,"Gm29521"
"ENSMUSG00000068099.6",212.407054710579,-2.6534408369538,0.252687820973513,-10.5008655610352,3.00651846450159e-11,1.25953468457158e-09,"Smim45"
"ENSMUSG00000060441.17",40.3342379486291,-2.81413574336231,0.277721718297314,-10.1329336452889,3.2403755757489e-11,1.35422652685042e-09,"Trim5"
"ENSMUSG00000047686.10",111.644834873278,-4.01815063268915,0.463850630588219,-8.66259603354131,3.8402236595686e-11,1.60104939175556e-09,"Rtl3"
"ENSMUSG00000036872.17",118.973608775832,2.4122264882456,0.217071989857575,11.1125644991245,3.86410431249692e-11,1.60713300035629e-09,"Abcc12"
"ENSMUSG00000034656.19",317.732368142448,-2.34127017042379,0.206329396127613,-11.3472448151582,3.99933169679329e-11,1.65938697884694e-09,"Cacna1a"
"ENSMUSG00000039936.19",202.909342347553,2.70469898838336,0.262356744921842,10.3092412935262,4.07955923290018e-11,1.688625211666e-09,"Pik3cd"
"ENSMUSG00000052504.8",241.483708688821,-2.68012385450618,0.259329114792484,-10.3348359348345,4.62482892981046e-11,1.90975632800908e-09,"Epha3"
"ENSMUSG00000032087.12",1164.1080345492,-2.48961013060735,0.230700220884763,-10.7915376979675,5.34318641707876e-11,2.20113836638802e-09,"Dscaml1"
"ENSMUSG00000059187.13",114.266467445813,-2.29896404070504,0.202070746406706,-11.3770255298505,6.45348550364761e-11,2.65221392361309e-09,"Tafa1"
"ENSMUSG00000038264.9",269.354915499117,-2.16824950226715,0.182243307914445,-11.8975534799063,7.25769975799727e-11,2.97495798692585e-09,"Sema7a"
"ENSMUSG00000040724.6",1908.23007569793,-2.71569410027587,0.26765654233965,-10.1461898765386,7.27318939122435e-11,2.97495798692585e-09,"Kcna2"
"ENSMUSG00000074896.4",585.740016547717,-2.56176020072447,0.243844889293379,-10.5056956828089,7.53188228872442e-11,3.07350536225259e-09,"Ifit3"
"ENSMUSG00000039997.17",48.6523208402093,-3.11069997652942,0.329862244884469,-9.43030014732031,7.83364718071941e-11,3.18912384754841e-09,"Ifi203"
"ENSMUSG00000026347.14",70.3934068544287,-2.96297203980545,0.306829674709241,-9.65673233077353,7.89215592384801e-11,3.20540098108963e-09,"Tmem163"
"ENSMUSG00000042532.15",93.8596083056719,-2.70604661917025,0.266744321211448,-10.1447206331533,7.9848023460653e-11,3.23543443071714e-09,"Golga7b"
"ENSMUSG00000105076.2",91.6085261498164,-3.14822011293449,0.336153637101703,-9.36542034790476,8.26233884584519e-11,3.34006978296293e-09,"A930003O13Rik"
"ENSMUSG00000032690.17",40.2123194734157,-2.77535246755704,0.27833826690065,-9.9711494882149,8.94745157835451e-11,3.60020481880674e-09,"Oas2"
"ENSMUSG00000111303.3",13.2673373446575,3.12965117792725,0.333869590602583,9.37387311099137,8.93036031994672e-11,3.60020481880674e-09,"4930502A04Rik"
"ENSMUSG00000029878.7",169.447470976299,-3.06696688441685,0.32435155444994,-9.455687331661,9.29172898282233e-11,3.73005788540121e-09,"Dbpht2"
"ENSMUSG00000089774.3",9941.14681500122,2.1723490963825,0.184055387472433,11.8026922559268,9.47948164309826e-11,3.79662017103903e-09,"Slc5a3"
"ENSMUSG00000025068.9",533.976111123417,2.58253083516661,0.248873735978511,10.376871729806,1.01687857100405e-10,4.063287075176e-09,"Gsto1"
"ENSMUSG00000075044.15",30.2878888666478,-3.1738111973775,0.342263459482352,-9.27300624547431,1.06765048051405e-10,4.25633378199402e-09,"Slc22a29"
"ENSMUSG00000038128.8",90.5821710343001,-2.6891895465487,0.266028213862583,-10.1086629403068,1.07893452405162e-10,4.29143106554967e-09,"Camk4"
"ENSMUSG00000040618.8",3855.4799766243,1.87342446945001,0.137680492765571,13.6070436110357,1.12046115293011e-10,4.44638047431119e-09,"Pck2"
"ENSMUSG00000026994.10",16.1311271477073,-3.19676375310727,0.346878117695561,-9.21581267317912,1.20254316828825e-10,4.76119036561174e-09,"Galnt3"
"ENSMUSG00000027584.18",122.135174594785,-2.48907010975631,0.235840848958775,-10.5540245497988,1.36065135470946e-10,5.37488350209657e-09,"Oprl1"
"ENSMUSG00000060534.17",555.817743322228,-3.45135654712721,0.390174002714518,-8.84568557391173,1.6634302324231e-10,6.55596124860695e-09,"Dcc"
"ENSMUSG00000090523.3",260.858055983538,2.05731149710233,0.168783155167474,12.1890806879453,1.87229313517297e-10,7.36236723290064e-09,"Gypc"
"ENSMUSG00000007480.7",112.036135351902,-2.31398380354703,0.210392715204893,-10.9984026837314,2.11376839755805e-10,8.29306594434227e-09,"Mc5r"
"ENSMUSG00000024647.15",124.730819586603,-3.53448978848984,0.407072455282973,-8.68270437515326,2.39034609724584e-10,9.35696112546323e-09,"Cbln2"
"ENSMUSG00000021364.17",607.458630280438,-1.89966487973501,0.14475238612215,-13.1235479471266,2.56298289651945e-10,1.00100970825236e-08,"Elovl2"
"ENSMUSG00000104713.5",1449.88807290482,-2.58098912008231,0.254817548808945,-10.1287730462295,2.74535889202795e-10,1.06982431418621e-08,"Gbp6"
"ENSMUSG00000035355.16",21.2139754830566,-2.84816986985089,0.298216922561102,-9.55066481603613,2.87015510664483e-10,1.11594210461054e-08,"Kcnh4"
"ENSMUSG00000037989.17",271.016519983721,3.02031502700331,0.326043676268937,9.26352892828997,2.88744819124278e-10,1.12014862342786e-08,"Wnk2"
"ENSMUSG00000073590.5",63.7022274861059,-2.36101678799559,0.219779622511617,-10.7426555793215,2.95817752191498e-10,1.14501985423206e-08,"3222401L13Rik"
"ENSMUSG00000018507.17",178.032638835542,-2.36033243062891,0.220313381123357,-10.7135227946383,3.31794805701293e-10,1.28140931434013e-08,"Trpv2"
"ENSMUSG00000029651.17",59.7131655179617,-3.29921565914107,0.374431810069933,-8.81125900741411,4.11192228331917e-10,1.58450956227145e-08,"Mtus2"
"ENSMUSG00000010505.17",2101.97836583295,-2.46572666372802,0.238765200682149,-10.3269934508189,4.15792290959471e-10,1.59824251330151e-08,"Myt1"
"ENSMUSG00000034485.11",1515.23091038108,2.18687011102315,0.193349540386309,11.3104489757453,4.16603498727881e-10,1.59824251330151e-08,"Uaca"
"ENSMUSG00000054000.6",75.5057512764705,-1.77750309650404,0.126859585644905,-14.0115789237991,4.42588666924957e-10,1.6941745829946e-08,"Tusc1"
"ENSMUSG00000068606.7",55.9536460418626,-3.2019602587482,0.359625337122992,-8.90360029792097,4.59354376904415e-10,1.75447007267112e-08,"Gm4841"
"ENSMUSG00000032878.18",171.50696202225,-3.21544468938483,0.361994036509308,-8.88259022273189,4.67542833224904e-10,1.78181191640028e-08,"Ccdc85a"
"ENSMUSG00000047638.16",35.5092467604654,2.45170988840956,0.237352860297644,10.3293884275718,4.79009175295867e-10,1.82149818702617e-08,"Nr1h4"
"ENSMUSG00000008489.19",647.77350536645,-2.34236401320119,0.219995672671495,-10.6473185802108,5.24486082514786e-10,1.99005662273483e-08,"Elavl2"
"ENSMUSG00000060586.12",323.368875794603,-3.35826643045345,0.386814021092374,-8.68186324003873,5.4160020036816e-10,2.05049598835228e-08,"H2-Eb1"
"ENSMUSG00000029070.10",8033.75090646212,2.51760004129092,0.249042789967019,10.1091063171286,5.5154106125014e-10,2.08357280387553e-08,"Mxra8"
"ENSMUSG00000030772.7",322.756863378935,-3.33835412027324,0.38385468800212,-8.69692158157203,5.58348438601628e-10,2.10469383108614e-08,"Dkk3"
"ENSMUSG00000047787.9",138.738590475745,-2.09192572814294,0.179445389862217,-11.6577290157701,5.82445798342114e-10,2.19075591367723e-08,"Flrt1"
"ENSMUSG00000036036.16",86.9257248662775,-3.17802246381996,0.357957294010177,-8.87821680686192,5.83958162731788e-10,2.19167985500768e-08,"Zfp57"
"ENSMUSG00000028785.14",389.529711499462,-2.35594140743216,0.223130816928069,-10.5585657770959,6.12679169262827e-10,2.29449675034317e-08,"Hpca"
"ENSMUSG00000026896.15",500.83400210073,-2.0762100873064,0.177366558696631,-11.7057584167124,6.48706194273872e-10,2.4241716141094e-08,"Ifih1"
"ENSMUSG00000040274.12",871.16586736006,-1.81828332383641,0.135207899316732,-13.4480554244614,7.15124275635911e-10,2.66661211574408e-08,"Cdk6"
"ENSMUSG00000103144.2",320.277757658272,-1.97021152003641,0.160729017234799,-12.2579703026383,7.88350148105183e-10,2.93334070161632e-08,"Pcdhga1"
"ENSMUSG00000135284.1",12.0282777547922,2.7455956874238,0.289662703315144,9.47859581506662,8.38754395231066e-10,3.11419067516908e-08,"ENSMUSG00000135284"
"ENSMUSG00000021536.8",159.852770820578,-2.74979035400409,0.290603900999514,-9.46233118188143,8.65530250080142e-10,3.20672470811276e-08,"Adcy2"
"ENSMUSG00000042228.15",2300.80216049966,1.72290586871552,0.120319631309412,14.3194078137168,9.37901538713275e-10,3.46354124372299e-08,"Lyn"
"ENSMUSG00000067242.12",323.846123866146,-2.8492537878312,0.307796109263892,-9.2569519304364,9.38851487288223e-10,3.46354124372299e-08,"Lgi1"
"ENSMUSG00000041141.8",625.447260636177,-2.33739337667889,0.222884677296987,-10.487007922776,9.84264666206612e-10,3.62335047972485e-08,"Pnma8a"
"ENSMUSG00000100455.2",162.409228884504,-1.62129317638589,0.103599966204714,-15.6495531396431,1.00473079181015e-09,3.6908390997663e-08,"Gm29170"
"ENSMUSG00000030519.15",1764.42280574787,-1.75574568102048,0.126249388055476,-13.9069638915713,1.07444059619752e-09,3.93855321936643e-08,"Apba2"
"ENSMUSG00000035551.7",39.1163918177668,-2.33312605623664,0.2229124401756,-10.4665583239711,1.1123235365694e-09,4.06777051112303e-08,"Igfbpl1"
"ENSMUSG00000121091.2",21.1997643713088,-3.30461974823628,0.385375727679721,-8.57505937940827,1.11439326220802e-09,4.06777051112303e-08,"Gm56861"
"ENSMUSG00000021613.10",406.464941646486,-3.33762570237422,0.391807908633068,-8.51852560612792,1.21380762577779e-09,4.42132621920154e-08,"Hapln1"
"ENSMUSG00000121065.2",13.5155774195677,3.06158360750764,0.345796339325474,8.85371896498298,1.24704092943562e-09,4.53283658846537e-08,"Gm57308"
"ENSMUSG00000003559.9",440.310497256181,1.98557346900244,0.165542422929591,11.994348239345,1.31153243483942e-09,4.7572608359731e-08,"As3mt"
"ENSMUSG00000034891.14",474.231698896594,-2.73542296915257,0.292447325476212,-9.35355782344152,1.47696090405836e-09,5.34610409247233e-08,"Sncb"
"ENSMUSG00000096937.3",804.206522622536,1.97892855140383,0.165595673620228,11.9503638479242,1.69442686986319e-09,6.12045380007785e-08,"Gm10825"
"ENSMUSG00000019894.15",423.676808868686,-3.51010176771811,0.42491962899921,-8.26062513512323,1.73944526407358e-09,6.25694011621643e-08,"Slc6a15"
"ENSMUSG00000106379.2",4494.48375929129,-2.89256456171008,0.320369123485914,-9.02884937922946,1.7372192110499e-09,6.25694011621643e-08,"Lhfpl3"
"ENSMUSG00000098128.3",34.9522757411077,-2.53668030410301,0.260393288015823,-9.74172692173566,1.80234424771483e-09,6.46974277468091e-08,"Gm3693"
"ENSMUSG00000048782.17",33.7732614902222,-3.13316564914465,0.362935901847974,-8.63283470494761,2.08220103658263e-09,7.45884934471071e-08,"Insc"
"ENSMUSG00000030921.18",180.114240746995,-2.85642169741155,0.316172194228218,-9.03438616537462,2.15866166369417e-09,7.71676944323068e-08,"Trim30a"
"ENSMUSG00000000386.19",50.5837706805066,-2.90924590277838,0.325201771277433,-8.94597188493313,2.16642171467636e-09,7.72854196027429e-08,"Mx1"
"ENSMUSG00000039831.17",2959.50658301113,2.06485987480207,0.182333748099196,11.3246170625457,2.60739721912392e-09,9.28254870067533e-08,"Arhgap29"
"ENSMUSG00000041845.12",106.938972385881,-2.79798336308818,0.307981844467244,-9.08489709167179,2.6423116914298e-09,9.38753118790932e-08,"Rhod"
"ENSMUSG00000026023.17",32.9167273634395,2.82197813777401,0.312365315772831,9.03422369667414,2.7245265154606e-09,9.65978642838101e-08,"Cdk15"
"ENSMUSG00000022098.11",4934.95401316261,1.46201150496084,0.079225305510022,18.4538449621491,2.74466776767303e-09,9.71129687449462e-08,"Bmp1"
"ENSMUSG00000049097.10",45.0674715519521,-2.55119461626475,0.266564995270422,-9.57062878296017,2.95652424148141e-09,1.04287170010474e-07,"Ankrd34a"
"ENSMUSG00000062773.7",1117.00767313816,-2.9341911664316,0.332390582394077,-8.82754001421396,2.95948448012614e-09,1.04287170010474e-07,"Tex101"
"ENSMUSG00000035566.8",1502.95304856413,-2.33943255786552,0.230351160672496,-10.15593996156,3.03637455587016e-09,1.06779171881434e-07,"Pcdh17"
"ENSMUSG00000022842.19",58.4335570034047,-3.35337407213472,0.405119023931828,-8.27750333615291,3.14061027985166e-09,1.10220768888425e-07,"Ece2"
"ENSMUSG00000127503.1",22.2385836696025,-2.56495764695857,0.270262704991024,-9.49060895044233,3.50874753772331e-09,1.22891396554026e-07,"ENSMUSG00000127503"
"ENSMUSG00000046186.9",3288.61422655609,2.12178489682833,0.193918513758492,10.9416313878665,3.62936716801164e-09,1.26859213618055e-07,"Cd109"
"ENSMUSG00000001119.8",2120.71328924223,2.18356328417003,0.204645611157549,10.6699736770264,3.65859930319682e-09,1.27623155532079e-07,"Col6a1"
"ENSMUSG00000052133.17",479.496476397459,-1.98397641036868,0.170252626703228,-11.6531324584319,3.74597060267224e-09,1.30408014823813e-07,"Sema5b"
"ENSMUSG00000071862.4",379.215224690212,-2.16035270292555,0.20189287974284,-10.700489812604,4.53216204419705e-09,1.5746077849136e-07,"Lrrtm2"
"ENSMUSG00000037060.4",183.9352415289,3.45916541365712,0.428568191158786,8.0714469366101,4.7873427211768e-09,1.65993193911425e-07,"Cavin3"
"ENSMUSG00000029378.6",552.544307612883,2.51686930484125,0.264582586031441,9.51260376804303,4.93157510209843e-09,1.70652224833014e-07,"Areg"
"ENSMUSG00000023473.14",326.00131480253,-2.31618652016667,0.229718785859507,-10.0827039961077,5.03470870528063e-09,1.73873313410709e-07,"Celsr3"
"ENSMUSG00000115729.3",23.2213548473275,-2.94852994752243,0.341210004448993,-8.64139359654446,5.62736800804577e-09,1.93953628038263e-07,"Gm5468"
"ENSMUSG00000062760.12",95.0982598843631,-2.82165332082138,0.319342655576344,-8.83581717490545,5.83820900191115e-09,2.00820461532936e-07,"Shisal1"
"ENSMUSG00000031661.13",823.750880574756,-1.8986019773255,0.157556750564309,-12.0502737618377,5.87362124870508e-09,2.01637688184713e-07,"Nkd1"
"ENSMUSG00000003436.12",1034.36031877515,-2.78702865827891,0.313932559563374,-8.87779420572108,6.26342030981613e-09,2.14593461783047e-07,"Dll3"
"ENSMUSG00000040569.14",36.5110775648417,-3.1705442570688,0.381549914457522,-8.30964478547087,6.39841870347919e-09,2.18785455350982e-07,"Slc26a7"
"ENSMUSG00000028023.17",98.7848511547245,-1.91237509333357,0.160516732221087,-11.9138675879569,6.5794964493574e-09,2.24533427153416e-07,"Pitx2"
"ENSMUSG00000061878.17",96.4057516499828,2.46035015536994,0.256948923495815,9.57524990529886,6.60114876436619e-09,2.24828889608393e-07,"Sphk1"
"ENSMUSG00000033355.7",378.56679947613,-2.23434778638643,0.217346030335226,-10.280140764201,6.7669982550386e-09,2.300247619031e-07,"Rtp4"
"ENSMUSG00000097974.4",20.0401862117337,-2.2328144505345,0.217835323984417,-10.2500109242807,7.59572170531324e-09,2.57688582245744e-07,"Gm10605"
"ENSMUSG00000031409.2",85.5056741259733,-3.32787219327208,0.411552691753181,-8.0861388103079,7.73281758811626e-09,2.61826242484516e-07,"Tceal6"
"ENSMUSG00000049313.9",1125.71922539663,2.64684872528808,0.291870897800449,9.06855991890539,8.3854025845302e-09,2.83367647495198e-07,"Sorl1"
"ENSMUSG00000026220.7",313.952019762939,-2.04567276021852,0.185372035596756,-11.0354981733519,8.45615381570599e-09,2.85201507445117e-07,"Slc16a14"
"ENSMUSG00000108616.4",811.2329477426,-2.56442321408569,0.277575386764756,-9.23865492533394,8.70075261415096e-09,2.92880197918366e-07,"Gm35040"
"ENSMUSG00000100826.8",738.508048376994,-1.91799330639272,0.163235571176741,-11.7498489610212,9.3437081506781e-09,3.13912307617539e-07,"Snhg14"
"ENSMUSG00000040570.15",308.225259577225,-2.51154766826995,0.268907145011147,-9.33983241005304,9.48855342706816e-09,3.181607585177e-07,"Rundc3b"
"ENSMUSG00000006930.16",1756.73307660424,-2.09402985419939,0.194699873974063,-10.7551680001516,9.60007859711327e-09,3.2127767869875e-07,"Hap1"
"ENSMUSG00000022032.15",830.775753484396,2.37641777184139,0.245510056722083,9.67951294366522,1.03312956574707e-08,3.45081230628491e-07,"Scara5"
"ENSMUSG00000042845.8",50.5562311529526,-3.43290120765873,0.434229589255704,-7.90572842708147,1.05458742096094e-08,3.51569779527286e-07,"Wfdc12"
"ENSMUSG00000037010.8",3774.37165779572,2.04328605945608,0.186605573567282,10.9497590044884,1.1297238045917e-08,3.75893870520109e-07,"Apln"
"ENSMUSG00000024610.17",647.649841148944,-3.44226829192092,0.436988949930898,-7.8772433318171,1.14285229962272e-08,3.78805181763836e-07,"Cd74"
"ENSMUSG00000038543.14",198.477834664203,1.86788392595733,0.155284064355564,12.0288191432207,1.14185013633224e-08,3.78805181763836e-07,"BC028528"
"ENSMUSG00000020042.16",510.989356580585,1.67935200895557,0.12158572271919,13.812082302082,1.15225695694317e-08,3.81192158107664e-07,"Abtb3"
"ENSMUSG00000110866.2",1279.50235004381,-1.6145116295613,0.110077371069157,-14.667062029915,1.18513662372934e-08,3.9132125694208e-07,"Gm48362"
"ENSMUSG00000139940.1",86.2302441947862,-2.92120141174643,0.344433181088443,-8.48118465972163,1.21745008442782e-08,4.01225168776574e-07,"ENSMUSG00000139940"
"ENSMUSG00000018169.13",193.349950944561,-2.201891952299,0.215650273048454,-10.2104760692988,1.24951717551941e-08,4.11010383475986e-07,"Mfng"
"ENSMUSG00000022594.15",374.891451859118,-2.64246612777051,0.295010929080494,-8.95718045431975,1.29228181980043e-08,4.24270589111707e-07,"Lynx1"
"ENSMUSG00000101344.3",63.283352005457,-2.03790622072663,0.186549670180778,-10.9242016817922,1.32057649133699e-08,4.32738910096829e-07,"Gm29183"
"ENSMUSG00000047259.4",11.4451367034566,-3.33735230715879,0.420298496746449,-7.94043360372069,1.33984327415082e-08,4.38222463692957e-07,"Mc4r"
"ENSMUSG00000034762.10",136.88265782557,-1.85639840554179,0.154028457378262,-12.0523079769789,1.34886409328897e-08,4.40340500794072e-07,"Glis1"
"ENSMUSG00000026433.14",58.7786805160499,-2.86598669440391,0.335686766917879,-8.53768148419454,1.35884883612758e-08,4.42764643364962e-07,"Rab29"
"ENSMUSG00000033510.15",86.3351890950047,-2.7362553714182,0.312389305744226,-8.75911985815082,1.36452675532968e-08,4.4377898347207e-07,"Otud7a"
"ENSMUSG00000060924.16",108.71323804148,-2.8071204278694,0.325795602927363,-8.61620108634569,1.45479304247338e-08,4.72248203018283e-07,"Csmd1"
"ENSMUSG00000035189.18",20.138929743543,-3.14231810450101,0.387568667249187,-8.10777126748653,1.62336012994579e-08,5.2598084210341e-07,"Ano4"
"ENSMUSG00000052572.20",230.306556013516,-2.57236019631648,0.284493986392042,-9.04187898288887,1.63000698846575e-08,5.27147306811859e-07,"Dlg2"
"ENSMUSG00000045868.13",120.190716318625,-4.15174758642205,0.570319425398973,-7.27968819143352,1.63541486476396e-08,5.27909477428098e-07,"Gvin1"
"ENSMUSG00000063646.19",49.4286562544165,-2.89300343581815,0.343390354852024,-8.42482438700067,1.76698512873516e-08,5.69318001813328e-07,"Jakmip1"
"ENSMUSG00000102252.6",2026.7194314561,-1.73414681985746,0.133189073092592,-13.0201883652414,1.77324007506217e-08,5.70271371351777e-07,"Snrpn"
"ENSMUSG00000040013.12",191.320619731492,2.64546578856527,0.298721651049447,8.85595596861296,1.81098144987221e-08,5.81328405300354e-07,"Fkbp6"
"ENSMUSG00000032648.15",3304.98549833026,2.30932844032892,0.237995731335403,9.7032347066529,1.88309587473629e-08,6.02242603044126e-07,"Pygm"
"ENSMUSG00000039629.15",148.646714457201,-1.96995080668301,0.176302726728358,-11.1736831485213,1.88157467489723e-08,6.02242603044126e-07,"Strip2"
"ENSMUSG00000078920.4",371.557720445198,-2.31999335978498,0.239971374066258,-9.66779212234043,1.89220001445765e-08,6.04037724172439e-07,"Ifi47"
"ENSMUSG00000045876.5",662.323194550435,-1.92392153361502,0.16817091612136,-11.4402750367765,1.9652799710044e-08,6.26211308624643e-07,"Pcdhb8"
"ENSMUSG00000090129.11",147.513068865695,3.17702816432544,0.397778384114336,7.98693013799425,2.21280663377283e-08,7.03786403998851e-07,"Or10ad1"
"ENSMUSG00000078853.9",1217.8425240152,-2.18962657915453,0.217419162028203,-10.070991713557,2.23019062559314e-08,7.0784797261888e-07,"Igtp"
"ENSMUSG00000139592.1",18.8300067566785,2.45909906009577,0.266682441461769,9.2210759981673,2.23375906282458e-08,7.0784797261888e-07,"ENSMUSG00000139592"
"ENSMUSG00000045912.10",25.5395687578094,-2.45891644249699,0.266914931633121,-9.21236001092966,2.3034951054308e-08,7.28611925304638e-07,"C2cd4c"
"ENSMUSG00000075602.11",66.4810879073232,-3.51174367994164,0.459569435613647,-7.64137779365708,2.30895550306768e-08,7.29006352446659e-07,"Ly6a"
"ENSMUSG00000031239.6",96.1963861060587,-3.36757433520368,0.433318274099486,-7.7715954680243,2.32994144938113e-08,7.34292294302228e-07,"Itm2a"
"ENSMUSG00000020037.16",1308.79786471203,2.48992077099505,0.273827687264085,9.09302048990291,2.64779489586678e-08,8.32948132514308e-07,"Rfx4"
"ENSMUSG00000000632.14",2120.05261636064,-2.10145784453439,0.20261541750238,-10.3716581415119,2.72144957062421e-08,8.54564799835574e-07,"Sez6"
"ENSMUSG00000026344.10",562.74495429512,-1.97243115668666,0.17910906448712,-11.0124585951846,2.82927897211958e-08,8.86814941587192e-07,"Lypd1"
"ENSMUSG00000056436.5",50.8603203030619,-3.56977372560181,0.473455560658484,-7.53982849126738,2.85427867713929e-08,8.93033086290488e-07,"Cyct"
"ENSMUSG00000127189.1",288.041579512978,-1.63589944006879,0.11718418767792,-13.9600698053653,2.87356738597502e-08,8.97445178919491e-07,"ENSMUSG00000127189"
"ENSMUSG00000029561.18",584.702000541289,-2.48367901446443,0.273442542126928,-9.08300147864901,2.88274125742884e-08,8.98688094342952e-07,"Oasl2"
"ENSMUSG00000025592.18",224.033741513925,-2.43225538370527,0.264252400193024,-9.20428871006894,2.97948661784706e-08,9.27177652194062e-07,"Dach2"
"ENSMUSG00000070867.5",20.5695446974513,-2.63998553817487,0.302664446755253,-8.72248315412374,3.00515505070027e-08,9.33486403720217e-07,"Trabd2b"
"ENSMUSG00000078349.6",204.828612992863,-1.62993075909666,0.116596614247382,-13.9792288962907,3.2831657125677e-08,1.01801672327682e-06,"AW011738"
"ENSMUSG00000034438.17",51.1931163404681,-2.76697608160266,0.327488636901198,-8.44907508176367,3.4160022793116e-08,1.05731075915294e-06,"Gbp8"
"ENSMUSG00000071234.4",1339.3369964205,2.44136773159142,0.267163915093074,9.13808936637607,3.42486299262508e-08,1.0581603481857e-06,"Syndig1l"
"ENSMUSG00000044551.14",191.191594836125,1.68530568038725,0.127172516611924,13.2521218049814,3.54672894099596e-08,1.09385925378096e-06,"9930012K11Rik"
"ENSMUSG00000021070.7",960.127060514599,2.56004530088345,0.289690993023242,8.837158774481,3.61811209784513e-08,1.11388924407324e-06,"Bdkrb2"
"ENSMUSG00000031530.7",3930.22728256598,2.02405205502495,0.190243472704486,10.6392720141784,3.66578397403484e-08,1.12656117795295e-06,"Dusp4"
"ENSMUSG00000033633.16",11.9845826242585,2.32362055729459,0.246034846827026,9.44427420449187,3.72823909842838e-08,1.14372327803205e-06,"Clec18a"
"ENSMUSG00000124749.1",14.8593944231157,-1.99865014805343,0.185905677043213,-10.7508828124106,3.89749083027145e-08,1.19352896186472e-06,"ENSMUSG00000124749"
"ENSMUSG00000030717.10",1252.58632237394,2.10008498743435,0.204902028144182,10.249215229615,3.96236462256749e-08,1.21125146112478e-06,"Nupr1"
"ENSMUSG00000062937.8",11333.6257174953,1.55605235110404,0.103639546040182,15.014079186537,4.0417989435398e-08,1.23335459120151e-06,"Mtap"
"ENSMUSG00000034958.12",1482.61777299212,-2.52957491601094,0.285236098505777,-8.86835477438599,4.1041902292046e-08,1.24799120115462e-06,"Atcay"
"ENSMUSG00000057315.15",220.868515956869,-2.00533061215636,0.187468134762347,-10.6969145166911,4.09993129046509e-08,1.24799120115462e-06,"Arhgap24"
"ENSMUSG00000017978.20",99.1509670875249,2.38617922088885,0.258546687186629,9.22920052410657,4.1283516482472e-08,1.25313579329777e-06,"Cadps2"
"ENSMUSG00000026042.17",176.13801878468,-2.86378103426896,0.348007839127871,-8.22907047567023,4.26430912430452e-08,1.29213794165879e-06,"Col5a2"
"ENSMUSG00000057614.7",1119.81065117206,-2.22023137591529,0.228565087029783,-9.71378177116781,4.68179260932396e-08,1.41616041479936e-06,"Gnai1"
"ENSMUSG00000035283.6",453.94984306739,1.6973991721032,0.130696984925896,12.9872863789903,4.75095793451901e-08,1.43457372047204e-06,"Adrb1"
"ENSMUSG00000042115.5",24.6484039353867,-2.54743340159092,0.290124493583704,-8.78048375069703,4.8119029809563e-08,1.45044504140254e-06,"Klhdc8a"
"ENSMUSG00000024942.20",356.785089615367,1.99069583054829,0.185818312660869,10.7131304877439,4.86944766340335e-08,1.46523797342965e-06,"Capn1"
"ENSMUSG00000041757.18",457.704853741483,-2.08959871636155,0.204490329877592,-10.2185698346342,4.95509417963286e-08,1.48842082458347e-06,"Plekha6"
"ENSMUSG00000046338.5",207.02365175966,-2.35742164155589,0.254813722696686,-9.25154900060863,4.98928862394308e-08,1.49609483139451e-06,"Gpat2"
"ENSMUSG00000029563.17",71.6621098839813,-2.92817297665606,0.3623328957239,-8.0814439185984,5.14431342720933e-08,1.53991195359128e-06,"Foxp2"
"ENSMUSG00000057751.15",1484.03401454288,2.19170288943093,0.224165175034614,9.77717831992637,5.29835540229794e-08,1.58328402712537e-06,"Megf6"
"ENSMUSG00000042476.13",163.158264766531,-1.95335756418483,0.179813721365215,-10.8632286198972,5.72962300892498e-08,1.70920581552448e-06,"Abcb4"
"ENSMUSG00000109284.4",92.9802035688389,2.03415504136063,0.195235823739645,10.4189641142563,5.88753961280947e-08,1.75329105646867e-06,"B230311B06Rik"
"ENSMUSG00000072966.12",126.674762234731,-2.53920439904271,0.29072598605478,-8.73401250951218,5.97210558157795e-08,1.77541874179487e-06,"Gprasp2"
"ENSMUSG00000120395.2",22.2638531653438,-2.28540785326622,0.243561573409663,-9.38328580026966,6.54620190127056e-08,1.94275103423299e-06,"Gm57142"
"ENSMUSG00000057596.14",68.0774950375223,-2.91999652513388,0.364203846197455,-8.01747855114849,6.75595782022837e-08,2.0015681884519e-06,"Trim30d"
"ENSMUSG00000044667.13",239.291544395548,-3.30725325872255,0.43822778458561,-7.54688172464899,7.01086339719227e-08,2.07353775210634e-06,"Plppr4"
"ENSMUSG00000062393.15",147.414225112928,2.86064056272533,0.353598581098145,8.09007930360255,7.12430900823273e-08,2.10349478601438e-06,"Dgkk"
"ENSMUSG00000052229.6",3938.98492041318,-3.01942868891447,0.384344538324428,-7.85604682215037,7.43287292409328e-08,2.19086145370804e-06,"Gpr17"
"ENSMUSG00000006281.9",82.629978968492,2.17646454382227,0.224199672301307,9.70770617763112,7.7131890224994e-08,2.26961898753885e-06,"Tep1"
"ENSMUSG00000040606.15",548.485432356751,-2.04225494212652,0.198924708656321,-10.2664719527371,8.05303996443667e-08,2.3620914847518e-06,"Kazn"
"ENSMUSG00000041930.8",221.918434143864,-1.68573301699689,0.130879940424416,-12.879995295921,8.05475653683715e-08,2.3620914847518e-06,"Fam222a"
"ENSMUSG00000045954.8",3323.5153142566,2.37873981634101,0.263556626475661,9.02553598499896,8.41678895559126e-08,2.46408261437631e-06,"Cavin2"
"ENSMUSG00000064293.15",159.987512042845,-2.70498911398158,0.326052432204672,-8.29617830387348,8.51285793900469e-08,2.48799777129492e-06,"Cntn4"
"ENSMUSG00000015879.9",203.863057631805,-2.30845277646859,0.250390071267681,-9.21942617285619,8.67686218783105e-08,2.53165378708015e-06,"Fam184b"
"ENSMUSG00000072931.5",27.1166790642083,-3.04899317878169,0.392563137167711,-7.76688611360648,8.96912137720671e-08,2.61252084290287e-06,"Gm15080"
"ENSMUSG00000087184.4",48.7525057180023,-1.89457137494803,0.171451114069564,-11.0502132647522,9.06052438235888e-08,2.63470912375753e-06,"Gm11650"
"ENSMUSG00000079362.6",186.397510755273,-4.61522380811506,0.692997955074077,-6.6597942668124,9.10259329876946e-08,2.64250116200183e-06,"Gm43302"
"ENSMUSG00000026586.17",11550.6004185982,1.88626079492842,0.170003966337395,11.0953928638634,9.28167272496923e-08,2.68997489928673e-06,"Prrx1"
"ENSMUSG00000069670.10",279.94242639408,-2.54113610584772,0.295965449837448,-8.58592145550565,9.58822118939638e-08,2.77417061904575e-06,"Nkain2"
"ENSMUSG00000024338.16",898.065546010072,-2.32638349851299,0.255554474750559,-9.10327827671075,1.05023866892848e-07,3.03359423202014e-06,"Psmb8"
"ENSMUSG00000025318.14",513.443446810963,-1.96196817285765,0.18581290110049,-10.5588372025718,1.1269305773165e-07,3.24969214145502e-06,"Jph3"
"ENSMUSG00000086995.3",53.9427795425487,-2.38815890064341,0.268375351727062,-8.89857762747217,1.15520295496807e-07,3.32567745871175e-06,"Gm13544"
"ENSMUSG00000022587.16",856.263222518585,-2.30914418615084,0.253201797817328,-9.1197780033804,1.16822373241495e-07,3.35757591665174e-06,"Ly6e"
"ENSMUSG00000030310.12",2407.73497237533,2.50027996689746,0.290261499762521,8.61388771484705,1.17852340165377e-07,3.38156084501053e-06,"Slc6a1"
"ENSMUSG00000060429.13",69.4008726219292,-2.1007497318489,0.213072501789314,-9.85931884315192,1.19526827104852e-07,3.42392907709959e-06,"Sntb1"
"ENSMUSG00000097322.10",12.0359386171754,-2.18381276922714,0.229499572345502,-9.5155417803546,1.24644184107442e-07,3.56461764202802e-06,"A530083I20Rik"
"ENSMUSG00000111696.2",48.9517171553162,1.87719178631831,0.170136238436105,11.0334623803458,1.26261830560905e-07,3.60492110951283e-06,"Gm47932"
"ENSMUSG00000030225.12",282.120899866135,-2.13539843153808,0.220244554336208,-9.69557879864012,1.26699507054401e-07,3.61145777768575e-06,"Dera"
"ENSMUSG00000029084.6",300.552650546256,1.75737215101852,0.146924416838214,11.9610626255107,1.26922453207601e-07,3.61186231150973e-06,"Cd38"
"ENSMUSG00000021848.17",345.382544338095,3.03688003633423,0.395617943250718,7.67629499152834,1.31216289891301e-07,3.72792158899719e-06,"Otx2"
"ENSMUSG00000112805.3",37.6389661113599,2.10866924236285,0.215359096588454,9.79141014132536,1.31637248761488e-07,3.73375029192011e-06,"Gm34574"
"ENSMUSG00000021835.16",78.7034968584414,-3.50971255186395,0.487645439739555,-7.19726314622864,1.32630071967842e-07,3.75575369097807e-06,"Bmp4"
"ENSMUSG00000049690.16",740.83821668423,-1.58002101377732,0.112709514974946,-14.0185237610909,1.32937493413069e-07,3.7583080245636e-06,"Nckap5"
"ENSMUSG00000121877.2",68.0646389607844,-2.65324926806311,0.32143801549276,-8.25431075411448,1.34983443482434e-07,3.8099242073949e-06,"1700086L19Rik"
"ENSMUSG00000062257.14",554.000015878052,-2.30281186012252,0.25342822969636,-9.08664304241712,1.36819999538487e-07,3.85174092830129e-06,"Opcml"
"ENSMUSG00000104346.2",427.877340849468,-2.56332721750603,0.304112056709892,-8.42889047293285,1.36910222569951e-07,3.85174092830129e-06,"Pcdhga3"
"ENSMUSG00000028546.18",1138.04281914964,-2.31623375241895,0.256134973620689,-9.0430202470088,1.38228137995416e-07,3.88250526557905e-06,"Elavl4"
"ENSMUSG00000051527.12",250.69677511159,-2.17873218950469,0.229430855354705,-9.49624751272585,1.39108161021346e-07,3.90089044082872e-06,"Usp29"
"ENSMUSG00000043670.5",150.276430247196,-2.21781686076038,0.237630253815358,-9.33305766059423,1.48895822206414e-07,4.16860115827729e-06,"Diras1"
"ENSMUSG00000032860.6",80.6662827519305,-2.3318142792777,0.260363438115433,-8.95599741713305,1.56694079629682e-07,4.37984000929362e-06,"P2ry2"
"ENSMUSG00000084807.3",10.321711823855,2.57948964788509,0.308849022408724,8.35194370300275,1.57607021962976e-07,4.39825273226357e-06,"Gm13073"
"ENSMUSG00000062488.10",208.597124346957,-2.34052612322288,0.262182514182504,-8.92708703523094,1.58583015659208e-07,4.41836286141e-06,"Ifit3b"
"ENSMUSG00000067297.6",12.5161169137871,-2.39655896046289,0.273484703682752,-8.76304571404089,1.64060725129236e-07,4.56363129611903e-06,"Ifit1bl2"
"ENSMUSG00000048216.14",508.838154723424,-2.32166852939898,0.25891790351938,-8.96681341012481,1.65760338367703e-07,4.60350782413804e-06,"Gpr85"
"ENSMUSG00000137898.1",989.624011185848,-1.90931841763255,0.178394770003064,-10.7027712617346,1.72333596169076e-07,4.77839083480345e-06,"ENSMUSG00000137898"
"ENSMUSG00000022763.19",48.8461947441022,2.50432072890508,0.295292939334706,8.48080124959066,1.74985071873646e-07,4.84414674169253e-06,"Aifm3"
"ENSMUSG00000075297.11",30.3167910318,1.94039753885348,0.184658784763435,10.5080164008407,1.76571911870671e-07,4.88026712330086e-06,"H60b"
"ENSMUSG00000028337.15",225.900109833522,-2.11652685420803,0.220187250665269,-9.61239512193919,1.98067105468258e-07,5.46564124212409e-06,"Coro2a"
"ENSMUSG00000038045.15",76.3743751215035,2.11744934157524,0.220672907438964,9.59542050788861,2.05461706738437e-07,5.66066632163765e-06,"Sult6b1"
"ENSMUSG00000027004.4",215.305376346422,-2.07335523065132,0.212066056917912,-9.77693111658077,2.080734531399e-07,5.71442362893103e-06,"Frzb"
"ENSMUSG00000072620.4",83.5834116701383,-3.09401164010331,0.413703013382994,-7.4788230687577,2.07843425513806e-07,5.71442362893103e-06,"Slfn2"
"ENSMUSG00000116812.2",73.1662476749749,-2.47043668614125,0.291061688743987,-8.48767385636317,2.18631248107779e-07,5.99486189344023e-06,"Gm2792"
"ENSMUSG00000039683.17",461.403450404639,-2.22976953008621,0.243822871056987,-9.14503844704978,2.28306944511264e-07,6.25026385116122e-06,"Sdk1"
"ENSMUSG00000004105.9",2067.58257922541,1.96184566623401,0.191486242187229,10.2453609399039,2.54281664504088e-07,6.95036549644506e-06,"Angptl2"
"ENSMUSG00000051703.15",154.713032112983,-1.67555564191831,0.134579831263367,-12.4502730177995,2.58708521764606e-07,7.06021268702084e-06,"Tmem198"
"ENSMUSG00000116582.3",10.6095798448622,2.46372394238708,0.291787262466495,8.44356234594025,2.63232413016962e-07,7.17235781105429e-06,"Gm36169"
"ENSMUSG00000015599.10",738.713853116126,-2.10411148527442,0.22068075199691,-9.53463981899011,2.81921679636322e-07,7.66951085073529e-06,"Ttbk1"
"ENSMUSG00000114780.4",96.3019030293275,1.84953976453687,0.170036956114056,10.8772810735111,2.92345084812552e-07,7.9405881592257e-06,"AI197445"
"ENSMUSG00000028864.8",30.8714478076303,-2.40394479060765,0.281533030012414,-8.5387664477651,3.0696103101965e-07,8.324513728373e-06,"Hgf"
"ENSMUSG00000031376.16",157.09709809879,-2.22598648646403,0.246041999056647,-9.04718094877587,3.1329819895682e-07,8.48307580336605e-06,"Atp2b3"
"ENSMUSG00000120984.2",12.6066719462552,2.0690647327384,0.214633271667783,9.6399999713976,3.16462430014497e-07,8.55536400642317e-06,"Gm57383"
"ENSMUSG00000026222.17",94.7273094241764,-2.47450988184359,0.296065683294663,-8.35797602176273,3.17351578917192e-07,8.56601718943099e-06,"Sp100"
"ENSMUSG00000027792.12",3247.71451897376,-2.02915938301757,0.20691689113274,-9.80663962187524,3.28296746734918e-07,8.84764846107096e-06,"Bche"
"ENSMUSG00000057000.13",1684.59877147178,-2.61893024558818,0.326368509134807,-8.02445754503363,3.5167486431294e-07,9.46295256973947e-06,"Nxf3"
"ENSMUSG00000115100.3",79.3785631914652,1.76570339142428,0.154610078764644,11.4203640896667,3.6636711192003e-07,9.84298722118069e-06,"Gm34934"
"ENSMUSG00000050587.15",1109.95311450363,-2.21943243121966,0.246448706760919,-9.00565663496357,3.74866495041114e-07,1.00557210809323e-05,"Lrrc4c"
"ENSMUSG00000022840.10",1058.31024998285,-2.21486210804333,0.245572465797809,-9.01917933204663,3.76710756782343e-07,1.00895503310342e-05,"Adcy5"
"ENSMUSG00000026468.15",154.450634946797,-1.98886016665727,0.199920002452715,-9.94828002329416,3.78227040391969e-07,1.01145042548097e-05,"Lhx4"
"ENSMUSG00000100349.2",27.9992923328454,-1.65613449220159,0.132660347503837,-12.4840204579872,3.78822373098164e-07,1.0114791202692e-05,"Gm28188"
"ENSMUSG00000070034.14",58.6050718331144,-2.52592366898006,0.308559643472532,-8.18617639219862,3.80110278175791e-07,1.0133540882893e-05,"Sp110"
"ENSMUSG00000029757.17",249.035771355073,-2.40433862158758,0.284602357144106,-8.44806292440566,4.02011133060199e-07,1.07009178833963e-05,"Dync1i1"
"ENSMUSG00000020021.5",516.392173639623,1.85086119385195,0.172638344279341,10.7210318865033,4.14155646532409e-07,1.10072519144451e-05,"Fgd6"
"ENSMUSG00000086748.3",35.5958248210199,-2.35121007972105,0.274240088924813,-8.57354622710053,4.17281706284866e-07,1.1073325279357e-05,"Gm13261"
"ENSMUSG00000027971.17",39.4705322016394,-3.23248187616988,0.453259111534945,-7.13164235181771,4.20942405857257e-07,1.11533621839851e-05,"Ndst4"
"ENSMUSG00000031137.18",103.007950893257,-3.16532938398844,0.440024326202091,-7.19353271058631,4.30667295815036e-07,1.13935864712412e-05,"Fgf13"
"ENSMUSG00000028125.15",78.8511328637743,2.18613221674299,0.241201303014725,9.06351744131965,4.38052129751307e-07,1.15712640442093e-05,"Abca4"
"ENSMUSG00000078190.8",44.4827388444151,2.65873132366961,0.337708554833187,7.87285748500776,4.51394613447654e-07,1.19055329296819e-05,"Dnm3os"
"ENSMUSG00000021991.10",134.390817556367,-2.37371531091202,0.279880823124193,-8.4811645343015,4.59544862576571e-07,1.21020475073057e-05,"Cacna2d3"
"ENSMUSG00000034459.9",499.419140125147,-2.34849608649511,0.275192473208876,-8.53401279152195,4.78714058036066e-07,1.25877061278724e-05,"Ifit1"
"ENSMUSG00000090223.3",224.044334874112,-2.90743453395716,0.389989299499943,-7.45516489217824,5.01645279094695e-07,1.31706625476425e-05,"Pcp4"
"ENSMUSG00000044770.15",841.537375980186,1.67893864055155,0.139008005559181,12.0779996360481,5.19328882274782e-07,1.36142853350277e-05,"Scml4"
"ENSMUSG00000042256.6",49.4643673306572,-2.36735940042965,0.280150863773863,-8.45030198564935,5.2829070774447e-07,1.38282690248031e-05,"Ptchd4"
"ENSMUSG00000097108.3",465.642377533524,1.93978092467255,0.192995481849897,10.0509136591147,5.59560037449607e-07,1.46246340905636e-05,"Gm26581"
"ENSMUSG00000133686.1",15.4362952113337,-2.2466262177191,0.256638651559905,-8.75404466187623,5.94339293427839e-07,1.55101937479464e-05,"ENSMUSG00000133686"
"ENSMUSG00000026247.14",141.169310891324,-2.70039772060661,0.350083789416751,-7.71357544176938,5.95537864923738e-07,1.55180664742628e-05,"Ecel1"
"ENSMUSG00000103532.2",37.8422925583835,-1.7022429369675,0.144826592182353,-11.7536628551212,6.20885234009708e-07,1.61542200283248e-05,"Gm4430"
"ENSMUSG00000086144.4",7.7853838927264,2.27723207393155,0.26343915027302,8.64424316420508,6.22619442637351e-07,1.61750174121794e-05,"Gm11379"
"ENSMUSG00000027800.15",1415.23079422158,1.96028702416715,0.1980857605748,9.8961531534566,6.2408166151751e-07,1.61886970128575e-05,"Tm4sf1"
"ENSMUSG00000036206.13",6449.00243742089,-1.52268749817559,0.108052807970575,-14.092067821044,6.579617359592e-07,1.70419969394702e-05,"Sh3bp4"
"ENSMUSG00000073491.12",1005.43114027003,-2.55494530112768,0.321662897653355,-7.94292820143981,6.68802237254587e-07,1.72710691178789e-05,"Ifi213"
"ENSMUSG00000118018.2",136.256066897061,-2.10070319763124,0.227685410480536,-9.22634082349702,6.68021445039575e-07,1.72710691178789e-05,"Gm54728"
"ENSMUSG00000070304.14",237.940968052817,-2.94225570045413,0.40238560592294,-7.31203019478186,6.93541186590484e-07,1.78832333984926e-05,"Scn2b"
"ENSMUSG00000032940.17",108.570294422233,-2.3960931994286,0.28980711514145,-8.26788948317954,7.27501412514492e-07,1.87309961894728e-05,"Rbm11"
"ENSMUSG00000042515.14",656.89616631218,-1.79204747237522,0.164588921960337,-10.8880199896265,7.46101926467694e-07,1.91813603740625e-05,"Pwwp3b"
"ENSMUSG00000069814.7",42.6634773125395,-2.07194433537333,0.223499095535566,-9.27048196955063,8.08555754878284e-07,2.07561300755253e-05,"Ccdc92b"
"ENSMUSG00000085271.10",15.5787934843989,-2.34614307746741,0.280778625615884,-8.35584643354236,8.16130529384483e-07,2.09195413620894e-05,"E130006D01Rik"
"ENSMUSG00000030270.12",38.7573963087494,-2.50123201400692,0.313357016966499,-7.98205203196176,8.3057215138569e-07,2.12582239101704e-05,"Cpne9"
"ENSMUSG00000111269.2",16.3616520472478,1.99879870939223,0.208918621799225,9.56735542374544,8.72983293397719e-07,2.23107192649444e-05,"Gm47933"
"ENSMUSG00000089996.8",35.5342993347933,-2.39295897879553,0.292170716533051,-8.19027658620551,9.32074389420969e-07,2.37857685630702e-05,"Tmsb15b2"
"ENSMUSG00000021771.15",11584.7404483717,1.25920947567155,0.0544403052051442,23.1300958164459,9.61499776086046e-07,2.4500543631577e-05,"Vdac2"
"ENSMUSG00000030854.18",333.575405484285,-2.57243459591218,0.330458846026942,-7.78443254535378,9.75971496846874e-07,2.4832733585948e-05,"Ptpn5"
"ENSMUSG00000003279.18",1242.01586821094,-2.27612740155922,0.268212418984016,-8.48628639263295,9.78095220648097e-07,2.48502254150563e-05,"Dlgap1"
"ENSMUSG00000140640.1",10.6678045260788,2.4567281847738,0.306349209828087,8.01937170379006,9.9162798235662e-07,2.51571075523963e-05,"ENSMUSG00000140640"
"ENSMUSG00000126219.1",23.9963584511036,-2.43277891420766,0.301512394369962,-8.06858676337727,1.00720379071391e-06,2.55148462473383e-05,"ENSMUSG00000126219"
"ENSMUSG00000041117.10",95.7448367920012,2.50643782016666,0.317766400120197,7.88767415062948,1.06486168836198e-06,2.69360189064897e-05,"Ccdc8"
"ENSMUSG00000049103.15",162.582353829031,-2.2541006484234,0.264741415517828,-8.51434840300462,1.08411040231108e-06,2.73828878551624e-05,"Ccr2"
"ENSMUSG00000028179.13",97.701303553515,2.11212071985226,0.235709426565799,8.96069686573462,1.18978932617588e-06,3.00083599438703e-05,"Cth"
"ENSMUSG00000062961.8",156.561418034795,-1.87824649144323,0.18696676546351,-10.0458842874393,1.31785665188507e-06,3.31900375413616e-05,"Ccdc177"
"ENSMUSG00000079387.11",340.063838075754,-2.65073190045036,0.351619232964492,-7.53864308872444,1.33526835006436e-06,3.35796700476941e-05,"Luzp4"
"ENSMUSG00000040258.7",249.524906067677,-2.13431102917203,0.241968582281582,-8.8206122011671,1.38049000677251e-06,3.46665284429288e-05,"Nxph4"
"ENSMUSG00000048482.15",697.895600481504,1.5092352444346,0.108684998854442,13.8863252550232,1.39690839726669e-06,3.50279841876931e-05,"Bdnf"
"ENSMUSG00000039194.17",431.677204782691,-2.29953028879748,0.277520912287849,-8.28597120786476,1.41602405410466e-06,3.54559308019086e-05,"Rlbp1"
"ENSMUSG00000025582.5",11026.8690354861,1.74904502590551,0.16002569742993,10.929775992205,1.42893000176794e-06,3.5727379899695e-05,"Nptx1"
"ENSMUSG00000036557.9",72.2225333263313,2.16952269312184,0.250239790773378,8.66977504423586,1.47976966480592e-06,3.69451294956307e-05,"Stpg4"
"ENSMUSG00000031253.16",75.2360387913149,2.29746224227018,0.27776348684502,8.27128960816965,1.49792317056983e-06,3.73444765089325e-05,"Srpx2"
"ENSMUSG00000044337.6",194.025123529309,-2.06883142110095,0.228959210409678,-9.03580780785878,1.51911993748297e-06,3.78184361990363e-05,"Ackr3"
"ENSMUSG00000024030.8",495.343753394144,-2.44777328535647,0.310808212386532,-7.87551032375015,1.59576699176301e-06,3.96694834647752e-05,"Abcg1"
"ENSMUSG00000135613.1",19.0807289833474,1.70648466357396,0.151715488874276,11.2479264723465,1.60704588572959e-06,3.9892550810464e-05,"ENSMUSG00000135613"
"ENSMUSG00000048285.10",828.616818182375,1.90876633292692,0.195245495197752,9.77623750547305,1.62399355585349e-06,4.02554964231763e-05,"Frmd6"
"ENSMUSG00000018698.16",74.4812159933605,-1.88761847905329,0.190743350506578,-9.89611681896189,1.63197473065147e-06,4.039546035727e-05,"Lhx1"
"ENSMUSG00000043463.7",180.582310912228,-2.19416319652536,0.256757973352276,-8.54564774709038,1.65221255722745e-06,4.08379738073563e-05,"Rab9b"
"ENSMUSG00000025946.14",27.0171339170923,-2.66560990107856,0.35852489059871,-7.43493679511957,1.69437851020793e-06,4.1820452187757e-05,"Pth2r"
"ENSMUSG00000030847.9",1718.82219068377,1.64617501133018,0.139335641057415,11.814457513077,1.76287732892683e-06,4.3449150349134e-05,"Bag3"
"ENSMUSG00000087334.3",20.2579164199096,-1.95082200376792,0.20506865322334,-9.51301904559386,1.77090574177037e-06,4.35849376160895e-05,"AW495222"
"ENSMUSG00000023885.10",807.268800905972,2.28277871362018,0.27711353373958,8.23770200904529,1.83653341998372e-06,4.5135939250793e-05,"Thbs2"
"ENSMUSG00000000555.9",3693.81403301121,2.06706601585595,0.2310012873,8.9482878646103,1.92511300593929e-06,4.724582301952e-05,"Itga5"
"ENSMUSG00000097068.5",25.5125583603072,-2.37910861891097,0.299203220153757,-7.95148066149949,2.0204201684955e-06,4.95146030528457e-05,"Gm26760"
"ENSMUSG00000038807.20",487.880119886472,-1.81235804529612,0.176309861054525,-10.2793912629518,2.03712041704296e-06,4.98532637279736e-05,"Rap1gap2"
"ENSMUSG00000041624.11",114.92985694065,-1.83000098288594,0.18016170204075,-10.1575471487943,2.04281685418198e-06,4.99220582077071e-05,"Gucy1a2"
"ENSMUSG00000026778.14",904.218583010134,-2.08477431908449,0.235654709093783,-8.84673311686218,2.07987866288979e-06,5.07322982270721e-05,"Prkcq"
"ENSMUSG00000098098.10",60.6846972784491,1.96054043499493,0.208675209154058,9.39517656621837,2.08183630454405e-06,5.07322982270721e-05,"Bvht"
"ENSMUSG00000048988.9",959.88313097183,-1.7210571593477,0.156684882605348,-10.9841940762252,2.09269382686901e-06,5.0925159764399e-05,"Elfn1"
"ENSMUSG00000004044.10",2704.30157120494,1.88800508201802,0.193585333705143,9.75283119791352,2.24668264592437e-06,5.45956504772241e-05,"Cavin1"
"ENSMUSG00000030376.9",1007.15742324707,-1.9059992192968,0.197662999754967,-9.64267071560974,2.28568348966834e-06,5.5410873598541e-05,"Slc8a2"
"ENSMUSG00000049511.6",37.9725647550521,2.60755090720147,0.350728080268094,7.43467961050702,2.28663528779091e-06,5.5410873598541e-05,"Htr1b"
"ENSMUSG00000042662.17",385.932717397452,-1.98490080136485,0.214906206610946,-9.23612599499369,2.29249209341736e-06,5.5475102378052e-05,"Dusp15"
"ENSMUSG00000091722.3",349.726383120242,-1.86262287538796,0.188322845067486,-9.8905837723537,2.31873433144931e-06,5.60317617356647e-05,"Siah3"
"ENSMUSG00000032589.15",641.182318847519,-1.81052868292856,0.177382708244637,-10.2069063035816,2.44586657487273e-06,5.9021455339537e-05,"Bsn"
"ENSMUSG00000030513.15",1007.84614953919,-1.90920739628488,0.199000735680341,-9.59397154868653,2.4518683581609e-06,5.908388068649e-05,"Pcsk6"
"ENSMUSG00000046337.19",15.6460422754274,2.01512868031281,0.222330818158497,9.06364982148472,2.48739796044291e-06,5.98566891677096e-05,"Fam178b"
"ENSMUSG00000031595.10",33.4462909152393,-2.23117245377831,0.270266577404258,-8.25545087819341,2.61429526796004e-06,6.28229676753396e-05,"Pdgfrl"
"ENSMUSG00000138531.1",13.9813654234125,-2.08672096628053,0.238578892518413,-8.74646094737606,2.6195865106272e-06,6.28628097182688e-05,"ENSMUSG00000138531"
"ENSMUSG00000069893.11",22.4740093664813,-3.13489372686535,0.469165283063882,-6.68185358130709,2.67709238417659e-06,6.41538122313344e-05,"9930111J21Rik1"
"ENSMUSG00000016995.18",49.8934091717405,-2.60475783038497,0.352790144637104,-7.38330667673369,2.6981423434802e-06,6.45688227204626e-05,"Matn4"
"ENSMUSG00000024659.16",2691.87595734289,2.23323315855593,0.271358219840567,8.22983420169855,2.75108866473443e-06,6.57449393331976e-05,"Anxa1"
"ENSMUSG00000136702.1",33.2104752245678,-2.11324968385357,0.24544106318657,-8.61000867750967,2.8704900300533e-06,6.85037496551479e-05,"ENSMUSG00000136702"
"ENSMUSG00000066861.15",22.5273196648601,-2.93539699911278,0.427364382757187,-6.86860467916103,2.96765003315992e-06,7.07249047847562e-05,"Oas1g"
"ENSMUSG00000029602.12",51.439743464487,-2.61796307994706,0.357634946229746,-7.32021047592276,3.03318060954158e-06,7.21871951943444e-05,"Rasal1"
"ENSMUSG00000033061.16",63.9841482179248,-2.50320031086112,0.332995200285516,-7.51722640060528,3.17810908664641e-06,7.55324772213684e-05,"Resp18"
"ENSMUSG00000019789.10",121.612368272277,-2.16835671009576,0.2589464264027,-8.37376572528421,3.21151884028943e-06,7.62218092931245e-05,"Hey2"
"ENSMUSG00000046959.17",74.2630843005571,-1.60376392564739,0.13407016227472,-11.9621241478111,3.34463961734324e-06,7.92725406291408e-05,"Slc26a1"
"ENSMUSG00000103770.2",342.311100442852,-1.99425318287754,0.220819345890696,-9.03115247821034,3.35693027221584e-06,7.94550035155656e-05,"Pcdha9"
"ENSMUSG00000017453.5",1317.77119227998,1.65902058596754,0.146475929985622,11.3262335056032,3.41091229244279e-06,8.06224104970562e-05,"Pipox"
"ENSMUSG00000037541.23",387.848729265684,-2.14740935449058,0.255460036832069,-8.40604808924466,3.53547611045683e-06,8.3452670754603e-05,"Shank2"
"ENSMUSG00000035692.8",322.807043739946,-2.08200195842039,0.240980624051608,-8.63970689184751,3.56123108053838e-06,8.39460765060967e-05,"Isg15"
"ENSMUSG00000031428.12",999.429401800673,-1.64331028730748,0.143391910551121,-11.4602719288103,3.62221142847035e-06,8.52673498440734e-05,"Zcchc18"
"ENSMUSG00000063428.9",137.725801973478,2.26317898413145,0.281936950263708,8.02725212858619,3.72586537142635e-06,8.75882101310037e-05,"Ddo"
"ENSMUSG00000027412.13",307.152897343137,2.10126222055843,0.245957322549441,8.54319846540063,3.77695197170154e-06,8.85485406698917e-05,"Lpin3"
"ENSMUSG00000034248.8",1495.80561763065,1.29907997142769,0.0667941857376671,19.4489977994462,3.77372826812494e-06,8.85485406698917e-05,"Slc25a37"
"ENSMUSG00000028369.16",639.968017104775,1.77183447098442,0.172610478993701,10.2649299238031,3.88293653635552e-06,9.09101054831167e-05,"Svep1"
"ENSMUSG00000127535.1",166.210479735647,-3.33067630685021,0.521905030487996,-6.38176701177978,3.99018984958499e-06,9.32949524020534e-05,"ENSMUSG00000127535"
"ENSMUSG00000039313.15",38.386674133491,-2.27523393480553,0.285857061009969,-7.95934138120236,4.07720107340531e-06,9.5200719260538e-05,"Minar1"
"ENSMUSG00000140690.1",39.4298891905512,2.12163920020974,0.251543423854284,8.43448486031096,4.11660602419461e-06,9.59912633835784e-05,"ENSMUSG00000140690"
"ENSMUSG00000042425.19",83.5056501416427,-2.16075774340092,0.260647399010735,-8.28996472476568,4.22676306990994e-06,9.84272606131653e-05,"Frmpd3"
"ENSMUSG00000017639.14",1248.70668665637,-1.73345643586591,0.165032608442918,-10.5037207629514,4.40867434162205e-06,0.000102525380992937,"Rab11fip4"
"ENSMUSG00000010086.18",226.240324111422,-2.08613866487936,0.244443920932867,-8.5342219062682,4.42939176346075e-06,0.000102868907773689,"Rnf112"
"ENSMUSG00000057060.9",207.626751591668,1.77525460854604,0.174693817602906,10.1620917838166,4.54434535242441e-06,0.000105397135774326,"Slc35f3"
"ENSMUSG00000062542.12",444.325694730461,-1.81242404380529,0.183330861903857,-9.88608259942492,4.67978042983369e-06,0.00010839298660908,"Syt9"
"ENSMUSG00000036446.6",32.376150071482,-2.45051919476998,0.32883528646084,-7.45211750583163,5.14278350009745e-06,0.000118957807645302,"Lum"
"ENSMUSG00000020019.5",1306.96887306076,2.34735841498563,0.306038443444171,7.6701423146986,5.34858169533901e-06,0.000123388213990341,"Ntn4"
"ENSMUSG00000026463.18",942.139301203892,-1.75674729095399,0.17188458595046,-10.2205051211533,5.34688499217459e-06,0.000123388213990341,"Atp2b4"
"ENSMUSG00000038402.3",48.7205293513607,-1.73306644263445,0.166607413372958,-10.4020968067904,5.41346861096841e-06,0.000124718820115813,"Foxf2"
"ENSMUSG00000097587.5",93.4621781711575,-1.66748079896371,0.151775379705346,-10.9865038862096,5.46718030235309e-06,0.000125788768073555,"4930578M01Rik"
"ENSMUSG00000129424.1",215.470202424289,-1.62990786825775,0.143642687262219,-11.3469602896133,5.79285941843892e-06,0.000133104984937357,"ENSMUSG00000129424"
"ENSMUSG00000034177.16",120.519854212127,-2.40719869040197,0.321492315338032,-7.48757769799547,6.01389683206738e-06,0.000138000587517811,"Rnf43"
"ENSMUSG00000029816.11",8762.84733592456,2.14927604193411,0.262652761254427,8.18295620296998,6.05361168460716e-06,0.000138685195849365,"Gpnmb"
"ENSMUSG00000087211.10",39.7350763576194,-2.19850977426449,0.273918384927604,-8.02614901093823,6.05976234320424e-06,0.000138685195849365,"Lhx1os"
"ENSMUSG00000031712.11",75.5200498239728,-2.35998576335504,0.310887655669747,-7.59112084483029,6.08486407839373e-06,0.000139075717680804,"Il15"
"ENSMUSG00000031654.17",310.257535879828,-1.9923684337004,0.22711019211568,-8.77269494222248,6.22525533597987e-06,0.000142096791323382,"Cbln1"
"ENSMUSG00000097626.8",18.2830077898689,-1.88325518766154,0.202209704385588,-9.31337688952065,6.26902068003094e-06,0.000142907240850982,"4921504A21Rik"
"ENSMUSG00000022619.6",1250.27637025253,-1.9308553079956,0.213546963281474,-9.04182985477797,6.53233328477978e-06,0.000148713724333237,"Mapk8ip2"
"ENSMUSG00000040373.13",676.203170088238,2.17780604632957,0.270833307110946,8.04113079576817,6.84351394338814e-06,0.000155593269708938,"Cacng5"
"ENSMUSG00000074093.5",71.8387804288939,-2.6633341296235,0.382842931669212,-6.95672796677021,6.97360144839942e-06,0.000158342850735179,"Svip"
"ENSMUSG00000092335.3",19.1277026800338,-1.69815340581863,0.161231274910224,-10.5324069834725,7.45085183138251e-06,0.000168957586352005,"Zfp977"
"ENSMUSG00000042594.17",1549.22759205896,1.3878581457651,0.0896113428535925,15.4875276005247,7.51575856044381e-06,0.000170206354205234,"Sh2b3"
"ENSMUSG00000097545.10",47.8117548155891,-2.52939202915002,0.35379958935446,-7.14922262562581,7.70433639887825e-06,0.000174248925978289,"Mir124a-1hg"
"ENSMUSG00000117634.2",50.659119918425,-1.39504701500077,0.0913968460161838,-15.2636231534045,7.71962212829184e-06,0.0001743667128769,"Gm50069"
"ENSMUSG00000032076.21",2303.40657385555,1.65513207740072,0.151688935814022,10.9113566425832,7.83980059020627e-06,0.000176850364813232,"Cadm1"
"ENSMUSG00000118383.3",67.4609507425817,-1.70287414729853,0.162811586975932,-10.4591704984134,7.90457342791729e-06,0.000178079335221126,"Gm50321"
"ENSMUSG00000030000.11",191.90304791301,-2.35179103381912,0.313654489874541,-7.49803082608451,8.16976963875689e-06,0.000183814504928182,"Add2"
"ENSMUSG00000030638.14",428.97968115537,-2.06113669128088,0.247058933747993,-8.34269240950947,8.73170779414737e-06,0.000196202608122517,"Sh3gl3"
"ENSMUSG00000019846.12",3868.57952565474,1.79282731176729,0.184721816469745,9.70555263060077,8.85327206169175e-06,0.00019867615202515,"Lama4"
"ENSMUSG00000025355.8",571.366115576867,1.89760354660837,0.209418730237081,9.06128856984336,9.08913809960105e-06,0.000203705009584582,"Mmp19"
"ENSMUSG00000079654.4",13.8113460192782,-2.04729083299197,0.244677865503222,-8.36729071827307,9.33273473090588e-06,0.000208893889151531,"Prrt4"
"ENSMUSG00000027508.16",1790.67188762443,-1.424232641168,0.09929637345568,-14.3432493212221,9.66953175053361e-06,0.000216152762723169,"Pag1"
"ENSMUSG00000097825.7",23.9082654066995,-2.28489389453885,0.301169658234184,-7.58673336462784,9.93503772665239e-06,0.000221801319672954,"9630001P10Rik"
"ENSMUSG00000031146.7",209.617525781827,-2.88373980961931,0.44174267940879,-6.5280986964601,1.00248162737634e-05,0.000223517230887442,"Plp2"
"ENSMUSG00000001773.15",50.8352786836668,-2.7425300299767,0.409373440061017,-6.69933552496206,1.03789760674436e-05,0.000230818822517879,"Folh1"
"ENSMUSG00000034818.18",787.79466037281,-1.66425635792613,0.156051574171894,-10.6647841699624,1.03758124443445e-05,0.000230818822517879,"Celf5"
"ENSMUSG00000039316.15",111.32815587711,-2.24595839903973,0.293769351087577,-7.64531218360546,1.11123785623961e-05,0.000246811776491114,"Rftn1"
"ENSMUSG00000122514.1",21.0147499888306,-2.14084492668928,0.269229199048481,-7.95175610318469,1.13037012509571e-05,0.000250739280825718,"ENSMUSG00000122514"
"ENSMUSG00000040694.5",10.943887136356,-2.08273512350677,0.256252168258302,-8.12767805112726,1.1932614746913e-05,0.000264350960756837,"Apobec2"
"ENSMUSG00000136666.1",36.6306123878412,-1.83643007562274,0.19881883284844,-9.23670081607742,1.29393741791495e-05,0.000286287790342256,"ENSMUSG00000136666"
"ENSMUSG00000034353.15",116.922788281589,2.70198155427678,0.405192060130406,6.66839708904263,1.33203292068669e-05,0.000294340148067958,"Ramp1"
"ENSMUSG00000055733.7",375.700437011955,-1.70243898994919,0.167364429814884,-10.1720478588682,1.35199601970426e-05,0.000298370346083204,"Nap1l3"
"ENSMUSG00000000753.16",1492.60037634961,1.96814382572256,0.231002190228168,8.52002235900257,1.38827673924295e-05,0.000305986804361548,"Serpinf1"
"ENSMUSG00000030707.16",233.105483541081,-1.76858823253803,0.183444008077995,-9.64102480679593,1.39618569214984e-05,0.000307338484040415,"Coro1a"
"ENSMUSG00000031144.16",1498.3077246629,-1.77888569412912,0.185977329049252,-9.56506743710693,1.40669635601282e-05,0.000309258708408309,"Syp"
"ENSMUSG00000030606.9",44.7483736054745,-1.8880975240685,0.212245596745873,-8.89581481555619,1.43028197665597e-05,0.000314044908123116,"Hapln3"
"ENSMUSG00000026986.15",33.7850864840413,-2.30023720074598,0.312138756358556,-7.36927777755251,1.55284834407429e-05,0.000340524487315252,"Hnmt"
"ENSMUSG00000017009.4",7815.80331051326,1.78516439963792,0.18856144680877,9.46728204439558,1.56379916090605e-05,0.000342491811164512,"Sdc4"
"ENSMUSG00000055994.16",20.6699360507025,-2.04805203578487,0.251723857491469,-8.13610619269283,1.56703680786803e-05,0.000342767014535179,"Nod2"
"ENSMUSG00000025171.3",745.582970967316,1.57472013903134,0.138091082616719,11.4034889812695,1.5781097760025e-05,0.000344753224045394,"Ubtd1"
"ENSMUSG00000068794.8",1284.51453538334,2.36672394928024,0.329393971117895,7.1850858145584,1.66814114578994e-05,0.000363961892868317,"Col28a1"
"ENSMUSG00000132811.1",16.6087379039231,-1.59747911105709,0.144189453104341,-11.0790288517226,1.7086678923612e-05,0.000372334658358105,"ENSMUSG00000132811"
"ENSMUSG00000045287.7",105.572458620625,1.87866268251184,0.212240872516994,8.85155936381394,1.73704740906729e-05,0.000378042695241287,"Rtn4rl1"
"ENSMUSG00000027950.8",231.053894108146,-1.71347216771483,0.172411135280976,-9.9382917751943,1.75018787866754e-05,0.000380424003476203,"Chrnb2"
"ENSMUSG00000045648.16",130.25203182446,-2.55057205450521,0.374841848376611,-6.8043951483843,1.76242299664654e-05,0.00038260279407752,"Vwc2l"
"ENSMUSG00000047414.7",369.613248940279,-2.28105044322524,0.309775575226829,-7.36355809057889,1.7715716483171e-05,0.000384106925553664,"Flrt2"
"ENSMUSG00000020052.10",1131.32024109064,-1.85202547025305,0.206289377832452,-8.97780336395828,1.8118918968797e-05,0.00039235736670604,"Ascl1"
"ENSMUSG00000039116.8",2807.02653249011,1.68932063428134,0.166910488794983,10.1211172915343,1.81474684357787e-05,0.000392484373594805,"Adgrg6"
"ENSMUSG00000037625.8",208.943799989205,-3.115677077454,0.51241185275619,-6.08041570602869,1.82282718821994e-05,0.000393739775413002,"Cldn11"
"ENSMUSG00000026029.15",146.488574951271,-2.08972135123438,0.264125197697843,-7.91185910866788,1.84743537143843e-05,0.000398557690731019,"Casp8"
"ENSMUSG00000030307.9",1063.48478821706,-2.2464901404049,0.302810953627518,-7.41878757519539,1.92420488564461e-05,0.000414602651698917,"Slc6a11"
"ENSMUSG00000045034.13",75.4802688070677,-2.06728836745077,0.259370779527031,-7.97039809658023,1.9366217148814e-05,0.000416759066055696,"Ankrd34b"
"ENSMUSG00000048895.14",1041.02269721707,-1.74257326167383,0.180575132831051,-9.65012864370541,1.95895924842956e-05,0.000421042396476127,"Cdk5r1"
"ENSMUSG00000100252.9",108.236994638805,-2.05742776699979,0.257254487351894,-7.99763606916395,1.9745749159199e-05,0.000423872148824393,"Mir124-2hg"
"ENSMUSG00000046618.8",77.7984148136283,-1.79580799119293,0.19399544010815,-9.25695980375513,2.04620614881137e-05,0.000438704569848009,"Olfml2a"
"ENSMUSG00000026424.9",3766.26972978627,-1.92366997539164,0.225272697038905,-8.53929482213026,2.06369449172525e-05,0.000441906461582058,"Gpr37l1"
"ENSMUSG00000027750.17",185.662367977677,-2.31270768941634,0.320409882177024,-7.21796616790547,2.09302163442395e-05,0.000447632389602017,"Postn"
"ENSMUSG00000078486.4",20.6526272030362,-1.80747141622399,0.197346880370267,-9.15885476797391,2.14171172776536e-05,0.000457480201404893,"Perm1"
"ENSMUSG00000021211.5",93.375013338025,1.68419962357908,0.167437484792273,10.0586772768866,2.19154447643569e-05,0.000467547503468438,"Akr1c12"
"ENSMUSG00000070407.6",777.718324751948,2.19475883245213,0.292537973021366,7.50247501131019,2.21225227897682e-05,0.000471384100133707,"Hs3st3b1"
"ENSMUSG00000066755.3",19.0635998332413,2.10095074022784,0.269635725454952,7.79181147706944,2.22190506888191e-05,0.000472858567057746,"Tnfsf18"
"ENSMUSG00000027419.10",431.438252773096,-1.79353657876902,0.194400801936948,-9.22597314876685,2.23286029876344e-05,0.000474606251710136,"Pcsk2"
"ENSMUSG00000030428.17",524.236792757566,-1.89051043083956,0.218770386442818,-8.64152804947253,2.34536056804158e-05,0.0004979070987516,"Ttyh1"
"ENSMUSG00000040987.16",53.2655634427743,2.02701628411276,0.252601605786249,8.02455818839098,2.39385889084207e-05,0.000507580227075362,"Mill2"
"ENSMUSG00000083397.2",52.4894198967493,-1.80595640791907,0.198254746241824,-9.10927199551747,2.39898260960413e-05,0.000508044028290951,"Gm5466"
"ENSMUSG00000027737.11",2477.44996893018,1.97006133335031,0.239525523686504,8.22484928966807,2.56166016980475e-05,0.000541831836894397,"Slc7a11"
"ENSMUSG00000053004.10",485.560182943309,1.55728192813778,0.137788860970944,11.3019435472811,2.6221612474317e-05,0.000553951573907977,"Hrh1"
"ENSMUSG00000045761.17",32.2003069800843,2.01533658462591,0.251389477579955,8.01678974007544,2.68513975294748e-05,0.000566564487871919,"Togaram2"
"ENSMUSG00000005357.10",47.5446826401585,-2.06841701800347,0.264904877232575,-7.80815000317074,2.75100266737051e-05,0.000579754545077278,"Slc1a6"
"ENSMUSG00000022853.8",35.4462957028322,-1.89479149546955,0.221976359082278,-8.53600583099583,2.77674709945444e-05,0.000584468106018986,"Ehhadh"
"ENSMUSG00000097012.2",65.6287918630899,2.17143179450716,0.290712329216851,7.46934882451242,2.79451647126948e-05,0.000587493608577212,"Gm16531"
"ENSMUSG00000030827.6",54.4819719512823,2.33883152441275,0.33249841196831,7.03411336784267,2.82969701700962e-05,0.000594167691605589,"Fgf21"
"ENSMUSG00000005045.17",623.753409891233,-1.91344505804628,0.22711741771034,-8.42491552315305,2.88644660613433e-05,0.00060534908096165,"Chd5"
"ENSMUSG00000056091.13",693.838941092041,-1.72403360176519,0.180157158336165,-9.56960921057723,2.92352406002145e-05,0.000612382727439359,"St3gal5"
"ENSMUSG00000045007.10",109.12655920778,-2.28211201324857,0.319337744676834,-7.14638983737436,2.97343564344512e-05,0.000622084443807588,"Tubg2"
"ENSMUSG00000022003.8",1509.79708187877,1.25927875173124,0.0645911172495519,19.4961599265412,2.98295760152712e-05,0.000623322855333602,"Slc25a30"
"ENSMUSG00000051486.6",1153.84193056338,1.58329113993666,0.145333296286212,10.8942078683649,2.99160299251803e-05,0.000624375331442062,"Pcdhb11"
"ENSMUSG00000085675.3",12.476440614039,1.97636853622442,0.243520221890925,8.11582923536283,3.04373754461575e-05,0.000634490927673996,"Gm12022"
"ENSMUSG00000086915.10",49.1787443016894,2.0579245019889,0.263902369790141,7.79805237681419,3.05176200174386e-05,0.000635398148666333,"Gm16364"
"ENSMUSG00000055022.15",18421.618436658,-1.75899341907001,0.190181600788351,-9.24901994608593,3.29132174490481e-05,0.000684452509980084,"Cntn1"
"ENSMUSG00000115636.3",21.1790549034115,1.84890661074634,0.212826646475579,8.68738309494764,3.32149217412821e-05,0.000689897450141252,"Gm49120"
"ENSMUSG00000037217.16",1179.21529360468,-1.54568245105465,0.136960897724331,-11.2855747643078,3.38509580022562e-05,0.000702265318171508,"Syn1"
"ENSMUSG00000030607.8",36.9514781999195,-3.2287662327227,0.560048147393569,-5.76515831317215,3.45160156791673e-05,0.000715204914108926,"Acan"
"ENSMUSG00000106157.4",16.5570041053788,1.85458298821808,0.215503247252787,8.60582386511626,3.6617662783814e-05,0.000756940025669713,"4930555A03Rik"
"ENSMUSG00000126591.1",9.62010735384811,2.00593428446708,0.253660206644809,7.90795809480641,3.65940572039119e-05,0.000756940025669713,"ENSMUSG00000126591"
"ENSMUSG00000120496.2",28.129042403583,1.90586104236289,0.228644717090649,8.33546939817237,3.71822442757827e-05,0.000767693544701183,"Gm56762"
"ENSMUSG00000007021.6",353.022209243175,-1.64986020215405,0.164052357333344,-10.0569124941109,3.7271784193368e-05,0.000768625041851791,"Syngr3"
"ENSMUSG00000142837.1",10.7649321714637,-2.23371252905222,0.312222019842145,-7.15424405421997,3.88484797915937e-05,0.000800186187326374,"ENSMUSG00000142837"
"ENSMUSG00000035226.6",1250.58429367311,-1.46156630311777,0.117034858813289,-12.4882989387758,4.00942338481312e-05,0.000824863774126475,"Rims4"
"ENSMUSG00000033579.17",183.716238150678,-2.22396209026362,0.310473892206338,-7.16312110644586,4.03623439160406e-05,0.000829393437571656,"Fa2h"
"ENSMUSG00000053461.10",223.634243141419,2.39590335084283,0.354321263021521,6.76195193709644,4.07995228393151e-05,0.000837382377420913,"Hhipl2"
"ENSMUSG00000047821.17",232.343989891687,1.85797786446879,0.21786432990695,8.52814164329854,4.10596995006877e-05,0.000841723839764098,"Trim16"
"ENSMUSG00000020866.18",191.703780884021,-2.02667636615195,0.260948185216797,-7.76658540264682,4.17011771453021e-05,0.000853862446115997,"Cacna1g"
"ENSMUSG00000074731.4",73.4611685139802,-1.60690188578597,0.154282528154528,-10.4153199004913,4.18232924590128e-05,0.000855350598257493,"Zfp345"
"ENSMUSG00000050534.9",13.5888855055404,2.01361815913111,0.258033820718265,7.80369857534949,4.2785322407898e-05,0.000873992500946224,"Htr5b"
"ENSMUSG00000035910.16",30.0158772941176,-2.40150661281564,0.357278372117158,-6.7216680332056,4.37756115861755e-05,0.000893167018471709,"Dcdc2a"
"ENSMUSG00000000948.17",248.123456863675,-1.64991682825332,0.165740290969933,-9.95483245864838,4.40368994423801e-05,0.000897439851769212,"Gm38393"
"ENSMUSG00000040164.4",44.7091732416191,-2.17091266155097,0.298887232181938,-7.26331682254495,4.47224131162568e-05,0.000910337872632324,"Kcns1"
"ENSMUSG00000042821.8",56.9782432532519,2.23066755948327,0.314969477004125,7.08217056681355,4.66743927043837e-05,0.000948954574114274,"Snai1"
"ENSMUSG00000073413.10",39.3100746808135,1.63350654600254,0.162210864466732,10.0702659551978,4.70249516770681e-05,0.000954959758118112,"Ly6g6d"
"ENSMUSG00000050953.11",3166.64212107165,2.22229748827607,0.313198883610296,7.09548342784394,4.75777255965636e-05,0.000965052530213065,"Gja1"
"ENSMUSG00000004031.14",1120.5050576444,-1.69305592398257,0.177687317732657,-9.52828792502737,4.80121330268215e-05,0.000971585877929901,"Brinp2"
"ENSMUSG00000114832.4",16.4073016668703,-2.09490394374299,0.280707227297705,-7.46294979260093,4.79932965051093e-05,0.000971585877929901,"Gm21388"
"ENSMUSG00000023805.18",1202.17945106709,1.5669578575033,0.145441344432922,10.7738130695428,4.84573706892731e-05,0.000979450265964724,"Synj2"
"ENSMUSG00000121897.2",28.5962696455332,-1.99212354193211,0.255115382698002,-7.80871588715732,5.03454643710779e-05,0.00101642616633418,"ENSMUSG00000121897"
"ENSMUSG00000026536.10",66.0838746728317,-2.42846025693145,0.367820576340566,-6.60229582883077,5.14650391870657e-05,0.00103781830770934,"Ifi211"
"ENSMUSG00000000409.15",50.9856562691086,-1.72384339102201,0.186905857645322,-9.22305706594399,5.38026910045769e-05,0.00108369518016437,"Lck"
"ENSMUSG00000019817.19",466.016477372206,-1.92907380234591,0.239951744436676,-8.03942395532364,5.39908421357708e-05,0.00108495882768073,"Plagl1"
"ENSMUSG00000090272.10",37.1692963775122,-2.35025527700086,0.348705102169836,-6.73995092809446,5.3929088428829e-05,0.00108495882768073,"Mndal"
"ENSMUSG00000028024.15",78.2295343700634,-2.07843233256243,0.278611164981746,-7.45997502540362,5.42519756799963e-05,0.00108894162785997,"Enpep"
"ENSMUSG00000024654.9",3826.25762924874,-1.46145001996824,0.11954973477241,-12.2246195087797,5.67167203011249e-05,0.00113709466355743,"Asrgl1"
"ENSMUSG00000028780.14",168.000493301056,-2.27105633792722,0.329514224705405,-6.89213444414306,5.73081855772393e-05,0.00114762294775161,"Sema3c"
"ENSMUSG00000045967.12",211.18888469268,-2.00728474638723,0.261234619048733,-7.68383897087072,5.76611718987497e-05,0.00115335675860366,"Gpr158"
"ENSMUSG00000033006.11",1314.51469175514,-2.69204005893858,0.439673659601839,-6.12281404661912,5.94459345629613e-05,0.00118768309446693,"Sox10"
"ENSMUSG00000104876.2",18.6748821553898,-1.93838984458946,0.244578661697216,-7.92542501924859,6.23338727300514e-05,0.00124394540481586,"Trdc"
"ENSMUSG00000027215.14",59.7127533559275,-2.39863921208879,0.366177585239916,-6.55048071966836,6.68435225566495e-05,0.00133240394847367,"Cd82"
"ENSMUSG00000062151.14",133.277313772631,-2.25482542761005,0.329165551672837,-6.85012576848004,6.88841795111954e-05,0.00137150066041738,"Unc13c"
"ENSMUSG00000023963.11",404.505729859637,-1.43196709235872,0.113322465171754,-12.6362155128588,6.89681107460582e-05,0.00137159339325092,"Cyp39a1"
"ENSMUSG00000030329.12",351.664978025896,-1.72423918780451,0.190134347925507,-9.06853078687316,6.97390815784201e-05,0.00138533362740508,"Pianp"
"ENSMUSG00000029875.6",24.1330391868518,-2.1083263616493,0.291105420173885,-7.24248404715356,7.024546004899e-05,0.00139379237358673,"Ccdc184"
"ENSMUSG00000120143.2",36.47322690213,2.03950128153746,0.273569320577393,7.45515351367946,7.24143833690862e-05,0.00143518174232752,"Gm56946"
"ENSMUSG00000033214.11",951.560787347527,-2.15191898950309,0.303527774210504,-7.08969383477468,7.37912605752934e-05,0.00146079678543905,"Slitrk5"
"ENSMUSG00000121086.2",42.6065656807677,-1.53576412785268,0.141585432251859,-10.8469077886543,7.71532810019557e-05,0.0015256069347381,"Gm6403"
"ENSMUSG00000019929.17",60.036504654588,-2.06369830901162,0.281179087622354,-7.3394445030113,7.74771208565669e-05,0.00153026158111909,"Dcn"
"ENSMUSG00000045620.8",11.919260776963,-1.89985624943586,0.237886820232408,-7.98638717176412,7.75658501112234e-05,0.00153026720481686,"Cimap1c"
"ENSMUSG00000023011.9",664.392997960474,-1.86940291094161,0.229906019315485,-8.13116123060856,7.79249985828283e-05,0.00153560173744886,"Faim2"
"ENSMUSG00000021831.10",40063.8068204623,1.62020334211142,0.164198044017833,9.86737297513394,7.93113653651658e-05,0.00156114362178396,"Ero1a"
"ENSMUSG00000033419.17",1590.23304193798,-1.80406242177895,0.21296936940724,-8.47099480455909,7.98486752568163e-05,0.00156993384010618,"Snap91"
"ENSMUSG00000021360.17",503.644803014116,1.78773362950589,0.209162588145585,8.54710034598327,8.28985350984498e-05,0.00162804818873255,"Gcnt2"
"ENSMUSG00000021573.16",845.258275667587,-1.67602055745488,0.179579968970865,-9.33300393724202,8.34566484931614e-05,0.00163715071681256,"Tppp"
"ENSMUSG00000029659.17",40.5969340968699,-2.42652312983879,0.378984169904327,-6.40270312728724,8.35848638251265e-05,0.0016378089625168,"Medag"
"ENSMUSG00000031284.17",1150.21452620645,-1.89259723640168,0.237539059665255,-7.96752011677054,8.57458895769391e-05,0.0016782526939595,"Pak3"
"ENSMUSG00000034275.20",5598.58390294602,-1.53926516005019,0.143524221958444,-10.7247762018586,8.58744442337719e-05,0.00167886964308782,"Igsf9b"
"ENSMUSG00000005148.9",180.439433813783,1.60682047313266,0.161563289220515,9.94545531280649,8.63493359212573e-05,0.00168624854414175,"Klf5"
"ENSMUSG00000049630.7",154.739856980462,-1.84820553451981,0.225881897848593,-8.18217640334616,8.6641624112626e-05,0.00169004890687334,"C1ql3"
"ENSMUSG00000105338.2",24.0125856766188,-2.96026031105081,0.522414140450433,-5.66650111824773,8.76059678271478e-05,0.00170693519746094,"Gm43802"
"ENSMUSG00000073060.5",51.262799744283,3.83387254907206,0.758088836708357,5.05728664429203,9.26786922543395e-05,0.00180374210729424,"Zxda"
"ENSMUSG00000031362.18",14.2502236815654,-2.03935737288938,0.278427382766274,-7.32455749369063,9.46225566409838e-05,0.00183744048821807,"Xlr4c"
"ENSMUSG00000114830.2",10.9200827843895,-1.63345049997625,0.169688236490223,-9.62618584388654,9.45967469016161e-05,0.00183744048821807,"Gm47400"
"ENSMUSG00000026235.15",370.867481693778,-1.9200312803005,0.24650504898805,-7.78901401079851,9.48689245046561e-05,0.00184015934056005,"Epha4"
"ENSMUSG00000046159.17",2351.58400225407,1.70240268865042,0.188295619330104,9.04111680721532,9.56188194201183e-05,0.00185262801075799,"Chrm3"
"ENSMUSG00000039031.17",3971.65423528346,1.51182539098826,0.13738539886909,11.0042653981653,9.74752311938595e-05,0.00188648372496214,"Arhgap18"
"ENSMUSG00000023913.18",484.703995815721,2.09159131673716,0.293242240273696,7.13263994568104,9.8633849028692e-05,0.00190677414066417,"Pla2g7"
"ENSMUSG00000010122.15",209.315037625798,-2.58811235980003,0.426875028750249,-6.06292752091211,9.94846528009325e-05,0.00192107529326086,"Slc47a1"
"ENSMUSG00000046768.14",2871.07433098365,1.41568751987462,0.111821649653373,12.6602274627766,0.000100635686089793,0.00194113560838974,"Rhoj"
"ENSMUSG00000027071.15",291.414957713323,1.84427145849905,0.227578632650411,8.1038867182759,0.000103711075324296,0.00199822831320821,"P2rx3"
"ENSMUSG00000035131.15",65.2232276789505,-2.83791624493485,0.495642619389882,-5.72573086718858,0.000104390265487688,0.00200907716737261,"Brinp3"
"ENSMUSG00000045238.11",35.9367549613882,-2.24370270958255,0.335592662030712,-6.68579192407139,0.00010528372450062,0.00202402111256636,"A730035I17Rik"
"ENSMUSG00000117901.2",26.365460051639,-1.89304360879235,0.241237367353202,-7.84722379274144,0.000106983245325147,0.00205441077759789,"Gm54798"
"ENSMUSG00000026768.11",1523.45566321303,1.78326206908218,0.211670322607154,8.42471465587451,0.000107635543274968,0.00206235899196401,"Itga8"
"ENSMUSG00000120735.2",12.8626203088578,-2.29299510658327,0.349412923966775,-6.56242213525369,0.000107596542090619,0.00206235899196401,"Gm56620"
"ENSMUSG00000025876.16",466.446958739835,-1.49324551497529,0.133487972587526,-11.1863674758877,0.000109919226381713,0.00210378590138981,"Unc5a"
"ENSMUSG00000030077.12",6632.66736473506,1.90183777976259,0.244324108057606,7.7840774489359,0.000111619691268472,0.00213397115837248,"Chl1"
"ENSMUSG00000039787.14",139.358750782031,-1.57583926302445,0.15606795542312,-10.0971353071946,0.00011227254040217,0.00214408332675313,"Cercam"
"ENSMUSG00000022468.13",21.3502604141815,1.75218023851339,0.204024609327053,8.58808280183804,0.00011358452560814,0.00216674692620952,"Endou"
"ENSMUSG00000070644.14",22.0287173807251,-1.83432132647423,0.226593020385016,-8.09522430725109,0.000115694035199063,0.00220455748569844,"Etnk2"
"ENSMUSG00000026494.13",318.270738420505,-1.76189707872309,0.207239565472968,-8.50174084616533,0.000118270816132529,0.00225117894469198,"Kif26b"
"ENSMUSG00000029832.17",20.5473945828725,-2.25049994306876,0.340345977799468,-6.61238883332641,0.000119296865336689,0.00226821358687406,"Nfe2l3"
"ENSMUSG00000044447.6",294.053132347393,1.71823046410162,0.196327353130476,8.75186486602157,0.000126931471022249,0.00241072262527656,"Dock5"
"ENSMUSG00000029206.14",51.4093786222281,1.8418693259312,0.230192125067417,8.00144368705819,0.000127469631576058,0.00241828899729051,"Nsun7"
"ENSMUSG00000106738.3",22.9651174382476,1.90724049672899,0.248579140421566,7.67256855701767,0.000131270894562797,0.00248767690879027,"Gm5"
"ENSMUSG00000009394.14",1905.00036221875,-1.57822071882863,0.158778003430445,-9.93979445975329,0.000135425560121976,0.00256360288974882,"Syn2"
"ENSMUSG00000028730.15",27.9808208752068,1.75040751493806,0.206367466413988,8.48199353005876,0.000138308010782535,0.00261530623230537,"Cfap57"
"ENSMUSG00000074923.11",207.59481359356,-1.65603058650792,0.180803284430691,-9.15929481990547,0.000142579524665563,0.00269313420934888,"Pak6"
"ENSMUSG00000027499.13",2680.23347451726,-1.53952639546522,0.148818724284511,-10.3449777765999,0.000144261042935471,0.00272192428011943,"Pkia"
"ENSMUSG00000055125.9",13.1785450632077,-1.93213921829408,0.257254437352898,-7.5106157086169,0.000145370194687809,0.00273986395260182,"M5C1000I18Rik"
"ENSMUSG00000042804.14",53.1053008143011,-2.20330862728288,0.332315770244518,-6.63016571756942,0.000146744824922547,0.00276276274299228,"Gpr153"
"ENSMUSG00000070366.6",103.880682513911,-2.22333381450373,0.338375349844859,-6.57061401051555,0.000149990742679126,0.0028208041628633,"Plpp4"
"ENSMUSG00000086171.9",15.3036689259729,-2.1638924287277,0.321981813679891,-6.72054239336329,0.000150303175887164,0.00282361080260556,"Pcsk2os1"
"ENSMUSG00000046607.7",172.321432235167,-1.77459998136648,0.214989122950873,-8.2543709979783,0.000157299176276629,0.00295183334917378,"Hrk"
"ENSMUSG00000046182.9",182.30114265347,-1.92025959739415,0.255505297383805,-7.51553731784139,0.000158056853693039,0.00296283822599887,"Gsg1l"
"ENSMUSG00000039809.11",851.326844235101,-1.70682168695358,0.196337978318283,-8.6932833961785,0.000159093117045437,0.00297903583454563,"Gabbr2"
"ENSMUSG00000048186.15",78.5610246108243,-1.57154617257156,0.158885945546554,-9.89103326392763,0.000160824161749312,0.00300819421252605,"Bend7"
"ENSMUSG00000009378.5",17.0109337103625,-1.92822878354217,0.258343774016375,-7.46380976620689,0.000163447257062534,0.0030539572804492,"Slc16a12"
"ENSMUSG00000049191.13",307.655793797302,-1.79615248294885,0.22201732487953,-8.09014559527492,0.000167899243521629,0.00313375697023864,"Rtl5"
"ENSMUSG00000085761.4",12.4483355885154,2.01585488224433,0.283313773287616,7.1152731434552,0.000168140640660973,0.00313488078094414,"4930455G09Rik"
"ENSMUSG00000120498.2",7.63621381848616,1.96012712395115,0.268224105542369,7.30779629216256,0.000172079627021993,0.00320486728389077,"Gm38875"
"ENSMUSG00000024076.11",372.635539414037,-1.93908768851612,0.262550697049634,-7.38557433023893,0.000173922276066725,0.00323570238764138,"Vit"
"ENSMUSG00000022523.11",439.87642739643,-1.99707992958909,0.278849990857442,-7.16184326722846,0.000174655547128489,0.00324585421741903,"Fgf12"
"ENSMUSG00000028525.17",7829.16314410779,1.51991124048253,0.145764761891678,10.4271513962477,0.000180695411084194,0.00335449785684413,"Pde4b"
"ENSMUSG00000063415.13",18.2267327101364,-1.94233975351157,0.264684246761093,-7.33832775195247,0.000185257174255364,0.00343549799460483,"Cyp26b1"
"ENSMUSG00000096606.3",68.5773015678956,-1.67102606987799,0.188621572843199,-8.85914609177343,0.00018718232947903,0.00346748251032781,"Tpbgl"
"ENSMUSG00000079355.6",351.822650665432,1.95910293918171,0.270100820139035,7.25322839883738,0.000191952898424428,0.00355205245833096,"Ackr4"
"ENSMUSG00000015850.12",76.9820719846812,2.33323116230173,0.375546282573038,6.21289910344925,0.000192534038930198,0.00355899993757509,"Adamtsl4"
"ENSMUSG00000025537.13",114.49063287204,1.71981875923005,0.20289271851782,8.47649325118093,0.000194246176554479,0.00358681680549157,"Phkg1"
"ENSMUSG00000035273.15",274.903996827256,1.79016826123622,0.222812385352032,8.03441989280733,0.000195311644076078,0.00360264612559095,"Hpse"
"ENSMUSG00000085837.11",100.644752100343,-1.52343585296042,0.147744222646359,-10.3113057530982,0.00019791270210435,0.00364673649819965,"Kcnmb4os2"
"ENSMUSG00000002771.13",71.7654138455614,-1.72348735010031,0.204316084774049,-8.43539730122717,0.000199291653840755,0.00366823850505611,"Grin2d"
"ENSMUSG00000111977.2",69.1785901157841,-1.76676414736356,0.217424181537472,-8.12588615889106,0.000210480604245886,0.00387006951611299,"Gm47163"
"ENSMUSG00000027712.14",2739.6400907747,1.60754659431174,0.172453070086134,9.32164671529961,0.000213371688629795,0.00391906258670139,"Anxa5"
"ENSMUSG00000020151.17",99.066677720825,-2.15362154301666,0.327554167525227,-6.57485618115603,0.000214211847732887,0.00393032172796863,"Ptprr"
"ENSMUSG00000042834.16",3155.43171838321,-1.42456179447227,0.120609406308354,-11.811365614637,0.000215660889817517,0.00395271685976979,"Nrep"
"ENSMUSG00000100837.10",43.50336851558,-1.60575061753111,0.172187008892767,-9.32562002125908,0.000217421786932993,0.00398077434657635,"1700063D05Rik"
"ENSMUSG00000050751.16",760.066036001676,1.70497422144567,0.200592634174561,8.49968508794772,0.000220326862207605,0.00402969912253275,"Pgbd5"
"ENSMUSG00000109006.5",39.3487833869725,-2.27768950428271,0.363985733633416,-6.25763400544884,0.000223822932263857,0.00408931824079118,"B230209E15Rik"
"ENSMUSG00000086454.10",89.993017306624,1.70029932355516,0.199545417501932,8.52086379552513,0.000224497531269968,0.00409731675741877,"Platr14"
"ENSMUSG00000014773.14",723.403070798093,-1.52628654107955,0.150080922979557,-10.1697571601918,0.000226862846085338,0.00413612324864966,"Dll1"
"ENSMUSG00000033854.11",140.469003599821,-1.81812821833068,0.233407642397436,-7.78949737744597,0.000228177173160742,0.00415570678950228,"Kcnk10"
"ENSMUSG00000030074.10",1292.96270191426,1.6260843184188,0.178655601636752,9.10178188381133,0.000228801252363822,0.00416269113396305,"Gxylt2"
"ENSMUSG00000041577.6",116.740815140895,-1.87727821203851,0.250617215948065,-7.49061952881774,0.000232218677825229,0.00422042811316398,"Prelp"
"ENSMUSG00000097183.5",25.8117137512848,1.65403745755263,0.186986156453641,8.84577494357296,0.00023456918527246,0.0042586737078532,"Gm17501"
"ENSMUSG00000025969.16",1855.09950528244,-1.72340351504941,0.207078306816648,-8.32247250589775,0.000238472351769334,0.00432499856426942,"Nrp2"
"ENSMUSG00000125801.1",58.5442810462553,1.4408677969686,0.126213308937237,11.416132015722,0.000238779891343626,0.00432604154976692,"ENSMUSG00000125801"
"ENSMUSG00000033589.5",412.914383414145,1.30435171881999,0.0872802149435465,14.944414603741,0.000244176993984157,0.00441919492668817,"Reep4"
"ENSMUSG00000022758.15",92.0132964184227,1.89068508775892,0.256007194897661,7.38528106022458,0.000251512069876755,0.00454719104807484,"P2rx6"
"ENSMUSG00000026018.13",83.7150578327702,-1.78564826942087,0.225887307538399,-7.90504030031577,0.000252534016442498,0.00456090141178299,"Ica1l"
"ENSMUSG00000024598.10",6030.71034345121,1.50972044814342,0.14722038023696,10.2548332351366,0.000267794460043225,0.00483147001842324,"Fbn2"
"ENSMUSG00000053675.9",10.309087621804,1.88724145398272,0.256739370600659,7.35080657698659,0.000274325036393704,0.00494413727050403,"Tgm5"
"ENSMUSG00000021806.5",2789.14029331315,1.74446400203397,0.215701932071526,8.08738236732859,0.000278889400604258,0.00502117004084793,"Nid2"
"ENSMUSG00000106441.4",47.6507192872289,2.03859359857527,0.301263113699632,6.76682111374512,0.000282938395926416,0.00508877352008196,"Gm42921"
"ENSMUSG00000053046.17",536.818097004044,-1.70213080772871,0.203953527598639,-8.34567966423378,0.000288073348433954,0.00517574774102209,"Brsk2"
"ENSMUSG00000032531.16",2358.11884468866,-1.36803586700409,0.106921051097128,-12.7948224691633,0.000288579306151084,0.00517945970438387,"Amotl2"
"ENSMUSG00000139058.1",129.592699208912,-1.49623888205705,0.144370000046435,-10.3639182764826,0.000293803174326489,0.00526775390901234,"ENSMUSG00000139058"
"ENSMUSG00000042807.16",254.8216320689,-1.83340116120806,0.24301980941748,-7.54424573701518,0.000302508978028683,0.00541823016340814,"Hecw2"
"ENSMUSG00000117655.4",11.9223153870717,1.76243138333578,0.222915736621453,7.90626722925658,0.000312798271098344,0.00559672770066551,"6720468P15Rik"
"ENSMUSG00000107388.2",63.6944245501724,1.57267128240434,0.167772339674784,9.37384127474686,0.000320808296939605,0.00573411689426553,"Gm42788"
"ENSMUSG00000072930.4",331.413665937475,-1.85637627386672,0.251355220078237,-7.38546935006524,0.000328362368752646,0.00586308122204156,"Gm15107"
"ENSMUSG00000045930.4",393.667466168571,2.27791959335467,0.375116721068261,6.07256212644319,0.000328736410081186,0.00586370862600483,"Clec14a"
"ENSMUSG00000005131.5",80.401141181865,1.67623301432266,0.198533971357091,8.44305386561639,0.000329450949904332,0.00586937369764887,"4930550C14Rik"
"ENSMUSG00000020312.13",577.019155737802,-1.50810979146169,0.149185206045476,-10.1089768311341,0.000329732472206375,0.00586937369764887,"Shc2"
"ENSMUSG00000027075.17",12.9119578355505,-2.08050787173002,0.318270476176679,-6.53691758256295,0.00034322332546392,0.00609697122913423,"Slc43a1"
"ENSMUSG00000143609.1",10.6778381608474,-1.83065324900677,0.244673714881394,-7.48201845013953,0.000343214790890374,0.00609697122913423,"ENSMUSG00000143609"
"ENSMUSG00000027546.16",508.164456176293,-1.73952027652215,0.218243154734335,-7.97056053666218,0.000351360496967723,0.00623511724978004,"Atp9a"
"ENSMUSG00000035835.15",406.33497402655,-1.77791654477908,0.230298533033266,-7.7200515407637,0.000365259339252078,0.00647511996694616,"Plppr3"
"ENSMUSG00000045231.7",16.9622458497627,-1.74463840008879,0.221266760231218,-7.88477400882847,0.000382243692456081,0.00676927366107995,"BC106179"
"ENSMUSG00000054667.8",63.1631196044355,-2.05192471444948,0.313007877698601,-6.55550502286498,0.000388729968565635,0.00687710216372455,"Irs4"
"ENSMUSG00000085412.10",579.669715250986,1.55797253750121,0.166186605711084,9.37483818768014,0.000393245082313377,0.00694987376321353,"Halr1"
"ENSMUSG00000066113.17",67.7291927507177,-1.86806817707192,0.258892503590993,-7.21561324163777,0.000399694538024484,0.00705664785397921,"Adamtsl1"
"ENSMUSG00000040265.17",959.591404014729,-1.59029329629351,0.176226343612538,-9.02415191561841,0.000404595803720883,0.00713589867072244,"Dnm3"
"ENSMUSG00000063506.15",81.4014505198791,2.02978668382288,0.308684508830037,6.57560268092525,0.000424890740030411,0.00748621138900832,"Arhgap22"
"ENSMUSG00000053550.14",435.09974459803,-1.93686410360003,0.281461884543698,-6.88144366950448,0.00043647357357372,0.00768246772123347,"Shisa7"
"ENSMUSG00000007097.15",11820.6015854708,-1.89429083852046,0.26883010892727,-7.04642365425277,0.000439558838477748,0.00772890957656707,"Atp1a2"
"ENSMUSG00000074890.5",329.683871391838,-1.259787615141,0.0781449065511351,-16.1211737365971,0.00044299037918313,0.00778133963515382,"Lcmt2"
"ENSMUSG00000046523.6",343.604551615301,-1.9407648119275,0.283015297593993,-6.85745551009639,0.000443557533938837,0.00778340005295107,"Kctd4"
"ENSMUSG00000024228.13",181.515561869368,-1.6502387828261,0.195734238378548,-8.43101746785126,0.000446794574496334,0.00783225909618599,"Nudt12"
"ENSMUSG00000120512.2",18.4760228020908,-2.41112319804927,0.424962256503183,-5.67373492857761,0.000449145368124883,0.00786549914908575,"5730409N16Rik"
"ENSMUSG00000031952.6",48.9269449052642,-2.49311176828005,0.450157547089802,-5.53830938611966,0.000455168119894716,0.00796291082954335,"Chst5"
"ENSMUSG00000037347.8",3353.63318897677,1.73042508841542,0.220893485645798,7.83375337374209,0.000472035606841506,0.00824965663593105,"Chst7"
"ENSMUSG00000036306.14",264.309593804786,-1.66825440831866,0.20231847296442,-8.24568505225937,0.000478311512321635,0.00835090392148227,"Lzts1"
"ENSMUSG00000061603.9",1569.71652691154,-1.66804804468121,0.202299981759879,-8.24541866079409,0.000479537956017878,0.00836387672885214,"Akap6"
"ENSMUSG00000125671.1",85.2104086282976,-1.37921653525205,0.114872116151731,-12.0065389361356,0.000481350611468394,0.00838703754242311,"ENSMUSG00000125671"
"ENSMUSG00000070576.5",318.580540500131,-1.52378607363717,0.15869559939859,-9.6019428352889,0.000482441693651692,0.00839759173396537,"Mn1"
"ENSMUSG00000028927.7",625.032133269537,-1.90637981407198,0.274933986053655,-6.93395473377359,0.00048910837104588,0.00850078520093028,"Padi2"
"ENSMUSG00000106968.4",19.5232847660436,1.7502759337767,0.22759237470223,7.69039795848462,0.00048935279505991,0.00850078520093028,"C78283"
"ENSMUSG00000054150.13",105.162406254427,1.58293434594578,0.177139120388867,8.93610819829535,0.000499465167788205,0.00866774958181697,"Syne3"
"ENSMUSG00000097251.4",13.5133266062229,-1.62401672594138,0.189817600034755,-8.55566989385612,0.00050548759879894,0.00876347338118162,"5033417F24Rik"
"ENSMUSG00000034522.11",2484.376298208,1.37451439776112,0.114084157840163,12.0482495009243,0.000513924975548665,0.00890083075770071,"Zfp395"
"ENSMUSG00000052117.6",114.465739488184,2.03578793318749,0.315733851607232,6.44779748140524,0.000517982350779303,0.0089621306331835,"D630039A03Rik"
"ENSMUSG00000024427.8",13362.8739792067,1.41227631266122,0.125732716528876,11.232369359783,0.000520896747778318,0.00900355197808237,"Spry4"
"ENSMUSG00000003974.7",68.3440938188659,-2.39598691674086,0.42611369693013,-5.62288171913358,0.000526274651350555,0.00908742915934861,"Grm3"
"ENSMUSG00000109244.2",142.13790896618,1.69828780209255,0.21331660718187,7.96134827254505,0.000531158177041772,0.00916261094633772,"Gm44751"
"ENSMUSG00000038576.16",1190.66637974702,-1.6756000041222,0.206688407567396,-8.10688912766349,0.000540236058044367,0.00930992457797175,"Susd4"
"ENSMUSG00000029861.18",577.261952632839,-1.61390226541045,0.188196755069877,-8.57561154447755,0.000553099576391924,0.00952211827933638,"Fam131b"
"ENSMUSG00000048915.13",231.072005374927,-1.71502858859065,0.219477951736225,-7.81412700010898,0.000561277521737502,0.00965330385795454,"Efna5"
"ENSMUSG00000029122.12",49.3102332616698,-2.46026584112891,0.44843425286607,-5.48634682878183,0.000564241858528501,0.0096946500856605,"Evc"
"ENSMUSG00000039154.9",47.7227022868599,-1.77957962970419,0.239525395378084,-7.42960731531275,0.000567591673814374,0.00974253089319078,"Shd"
"ENSMUSG00000042529.15",352.532729753807,1.43030302752612,0.132266818332899,10.8137705703802,0.000570374271113345,0.00978059032587026,"Kcnj12"
"ENSMUSG00000097365.9",82.5544384248986,1.58632212791334,0.180293072144787,8.79857505916491,0.00057287884580192,0.0098138116733315,"C030034L19Rik"
"ENSMUSG00000120364.2",45.0408607163464,-1.83933318503471,0.258659619264663,-7.11101790941972,0.000587390900531611,0.010052460297723,"Gm57414"
"ENSMUSG00000021796.16",14025.7180607078,1.36957366366604,0.113957522707042,12.0182821733225,0.000591219542728555,0.0101079847117485,"Bmpr1a"
"ENSMUSG00000025558.20",1279.96293375267,1.36640839578715,0.113049861743311,12.0867763543991,0.000595301055590314,0.0101677185230243,"Dock9"
"ENSMUSG00000028037.14",166.847374163138,-1.80865988723211,0.249550711136844,-7.24766472911517,0.000596678445832418,0.0101811937571918,"Ifi44"
"ENSMUSG00000057836.13",314.349663889243,-1.79026954163392,0.244307151428792,-7.32794570753992,0.000608772736058938,0.01037732598945,"Xlr3a"
"ENSMUSG00000046637.4",17.4545279276198,-2.45732156277672,0.45060158165494,-5.45342418406884,0.000609986703581801,0.0103877853793035,"Ttc34"
"ENSMUSG00000029999.15",1137.09818265904,-1.52959033859758,0.164251178901,-9.31250751947125,0.00063146876016222,0.0107430407948149,"Tgfa"
"ENSMUSG00000033721.17",2591.36806046773,1.41476943499659,0.128691180723404,10.9935228431648,0.000634316320570827,0.0107808850476586,"Vav3"
"ENSMUSG00000042340.7",69.7437031799658,-1.60709230721711,0.188386351594015,-8.53083195050403,0.000635182309919542,0.0107850091523336,"Ctf1"
"ENSMUSG00000128528.1",15.7690137685694,-1.71673402397124,0.222787605243383,-7.70569808897497,0.000647426564674719,0.0109821317862765,"ENSMUSG00000128528"
"ENSMUSG00000118008.3",50.3983988501813,1.63190293939155,0.196990073864658,8.28418867700282,0.00066879387088799,0.0113334687111695,"Gm36913"
"ENSMUSG00000030785.9",64.1935659435498,2.03429374338008,0.322528752214137,6.30732525213582,0.000671039603699255,0.0113603984571473,"Cox6a2"
"ENSMUSG00000021913.9",3596.83169238469,1.23992037073713,0.0749555363974524,16.5420785485736,0.000685147775640757,0.0115879049991558,"Ogdhl"
"ENSMUSG00000032268.14",16.8952530231849,-2.0112452453731,0.315997710093804,-6.36474626596522,0.000686741398701535,0.0116035153128261,"Tmprss5"
"ENSMUSG00000031302.17",3568.33360579691,-1.45830533279759,0.143232233785047,-10.181404661929,0.000687767636525476,0.01160951770455,"Nlgn3"
"ENSMUSG00000024524.18",454.296169394509,-1.63555312662966,0.19902154148282,-8.21797034855571,0.000703067839998444,0.0118562180971278,"Gnal"
"ENSMUSG00000095687.3",817.046780565113,1.40705893521626,0.127560249510992,11.0305439242263,0.000708633712968663,0.0119384425528567,"Rnaset2a"
"ENSMUSG00000103472.2",44.0321024598177,-1.86280347205918,0.270467725502011,-6.88734106297401,0.000711259973650752,0.0119710311907639,"Pcdhga7"
"ENSMUSG00000038354.14",23.3652617047168,-1.72216966815003,0.226463726722732,-7.60461594919589,0.000714081925683089,0.0120068469175596,"Ankrd35"
"ENSMUSG00000066278.7",1524.851374767,-1.23141660475184,0.072653096349118,-16.9492652981306,0.000723202490104431,0.0121483975570746,"Vps37b"
"ENSMUSG00000087674.10",55.2085467923019,-1.62698266919715,0.197430494500314,-8.24078708466467,0.00074734267341403,0.0125417293262944,"4930447M23Rik"
"ENSMUSG00000117545.4",113.881275839809,1.40322840300963,0.127052401833843,11.0444854466014,0.000752501045780449,0.0126160591997028,"Gm30794"
"ENSMUSG00000086331.2",26.8578399288489,1.72623944054312,0.228856330683525,7.54289573457444,0.000753474099876688,0.012620144120103,"Gm16310"
"ENSMUSG00000027562.13",661.68418173928,1.49907667001304,0.157382305591206,9.52506486915263,0.000759287023806756,0.0127052070463293,"Car2"
"ENSMUSG00000023000.6",369.533435241779,1.88992098059461,0.28188456405489,6.70459195568652,0.000796896085143942,0.0133216387103,"Dhh"
"ENSMUSG00000103713.2",82.8257608384541,-1.70569231902013,0.223753363011995,-7.62309131831325,0.000805563494757857,0.0134535324192089,"Gm2136"
"ENSMUSG00000059921.16",1677.96664310088,-1.79612138872156,0.252568732635544,-7.11141624689293,0.000810509382638058,0.0135230794005821,"Unc5c"
"ENSMUSG00000135218.1",12.084978834626,-1.90145555094274,0.286049319367622,-6.64729968645389,0.000812451631403074,0.0135424259407861,"ENSMUSG00000135218"
"ENSMUSG00000053199.14",270.94673172866,-1.73723537815606,0.234101613703153,-7.42086032930518,0.000818559710515793,0.0136311069406586,"Arhgap20"
"ENSMUSG00000030047.15",168.120196916789,1.69371530891194,0.220512294875923,7.68082029106339,0.000827810126505934,0.013771895008467,"Arhgap25"
"ENSMUSG00000041598.8",735.122121337506,-1.3799400889123,0.12078350799384,-11.4249048718032,0.000828650835697897,0.0137726385775649,"Cdc42ep4"
"ENSMUSG00000028214.14",17.7858946038955,2.10671878440722,0.353337660118202,5.96233864146399,0.00086755365370605,0.014405387059906,"Gem"
"ENSMUSG00000032841.16",243.856494611025,1.71000985719252,0.226892150928239,7.53666378584141,0.000876165848630077,0.0145344405685499,"Prr5l"
"ENSMUSG00000025498.16",312.832007352609,-1.68270387537077,0.218322373746544,-7.70742753706159,0.000882864655275832,0.0146315366528568,"Irf7"
"ENSMUSG00000100975.3",15.5429646640343,1.62973494749028,0.201680564734587,8.08077342323499,0.000896801082151147,0.0148482797352911,"Gm28875"
"ENSMUSG00000020638.9",530.082152794381,-1.46449764892665,0.14884430148946,-9.83912473821077,0.000902124372170546,0.0149078852791736,"Cmpk2"
"ENSMUSG00000039059.12",64.924103693219,-2.04610859747263,0.335191790178837,-6.10429210208567,0.000901418258037731,0.0149078852791736,"Hrh3"
"ENSMUSG00000091849.9",143.938037414325,-1.45524071301855,0.146497662634541,-9.93354219342633,0.000943401781653079,0.0155751313226733,"Gm17188"
"ENSMUSG00000043458.6",132.618667466158,-1.58854664873459,0.189628898544925,-8.37713376454722,0.000955662792267017,0.0157625144249799,"Pcdhb12"
"ENSMUSG00000033327.19",490.718252629869,2.05347388714442,0.339524707302285,6.04808381534417,0.000958527905490402,0.0157947141150428,"Tnxb"
"ENSMUSG00000142665.1",158.066313142058,-2.03262651775368,0.33298586268758,-6.10424268870768,0.000963976147970193,0.0158693770810469,"ENSMUSG00000142665"
"ENSMUSG00000029135.11",2357.80978403078,1.51429260678504,0.166063733493805,9.11874359877334,0.000977583917603485,0.0160628271057697,"Fosl2"
"ENSMUSG00000107881.2",561.416767148276,1.96063477968041,0.310173818604053,6.32108405701135,0.00097716808452924,0.0160628271057697,"Gm44250"
"ENSMUSG00000023341.17",109.848724350956,-1.59796665880331,0.193384891206836,-8.26314118352811,0.000993708014861781,0.0163122733141732,"Mx2"
"ENSMUSG00000025938.17",572.383888109459,-1.55270271397344,0.178894270302571,-8.67944351346354,0.00100230129688481,0.0164377412689108,"Slco5a1"
"ENSMUSG00000114493.5",11.5545832478575,1.94323126086894,0.305650395593853,6.35769260855494,0.00101440951597504,0.0166205619748107,"Gm47071"
"ENSMUSG00000024661.8",62649.2053327084,1.46674746565375,0.15141944269134,9.6866521206503,0.00102641621179217,0.0168013749256653,"Fth1"
"ENSMUSG00000021779.20",70.5682237657384,-2.19551379729572,0.388517018334387,-5.65101062164049,0.00104505290771463,0.0170737985830824,"Thrb"
"ENSMUSG00000074384.5",52.8347830197404,-1.45507666547302,0.147903656514558,-9.83800333110631,0.00104601933291338,0.0170737985830824,"AI429214"
"ENSMUSG00000097342.3",62.1718947561632,-1.53576605542917,0.17411279995509,-8.82052356762569,0.00104505416467234,0.0170737985830824,"Gm26618"
"ENSMUSG00000090124.8",140.143931684456,1.85356234272837,0.277724377207202,6.67410747795282,0.00105811885653468,0.0172550164521801,"Ugt1a7c"
"ENSMUSG00000046215.4",87.6434094838204,1.83198266114029,0.270962513126392,6.76101885830143,0.00106860558302378,0.017409617511749,"Rprml"
"ENSMUSG00000031613.10",49.8765610212168,-2.3015061494215,0.424639343680709,-5.41990793757451,0.00108846515755073,0.0177164855653272,"Hpgd"
"ENSMUSG00000013076.18",13203.200404527,1.29270372502457,0.0956984095904382,13.5081004016365,0.00111184715775665,0.0180800559431444,"Amotl1"
"ENSMUSG00000021136.14",5544.67415499764,-1.54478056539817,0.178161651895277,-8.67066817670833,0.00111488622443577,0.0181124520705987,"Smoc1"
"ENSMUSG00000120813.2",24.7932119687596,-1.47469818553869,0.155502042722944,-9.48346503824483,0.0011340331990299,0.0184062311534853,"Gm57105"
"ENSMUSG00000120393.2",26.6262962683391,-2.04860280193783,0.343653831861739,-5.96123951489078,0.00113913294146733,0.0184716758699792,"Gm57437"
"ENSMUSG00000057346.13",60.6894026832951,-2.14816323021175,0.376410660357615,-5.70696703480942,0.00114308674337998,0.0185184333651315,"Apol9a"
"ENSMUSG00000015652.10",11.2215837876594,-1.73638407065528,0.24149328914547,-7.19019595451089,0.0011468988986765,0.018545462378412,"Steap1"
"ENSMUSG00000055567.19",681.305667054024,-1.54949057613795,0.180198310775691,-8.59880744424258,0.00114662510758942,0.018545462378412,"Unc80"
"ENSMUSG00000038037.6",40.5681524639461,-1.55712517155667,0.18276606791842,-8.51977169116377,0.00115071351247733,0.018589771421926,"Socs1"
"ENSMUSG00000069227.5",832.271479931776,-1.50229239039498,0.164921364031358,-9.10914361652583,0.00116089814200653,0.0187368093777956,"Gprin1"
"ENSMUSG00000041559.8",41.1757288659333,-2.09514201770937,0.359701700563502,-5.82466531135983,0.00116501202931191,0.018785683253639,"Fmod"
"ENSMUSG00000131972.1",14.575276273936,-1.59426498273557,0.195374740183198,-8.16003635495902,0.00117635841805664,0.0189509807720819,"ENSMUSG00000131972"
"ENSMUSG00000034855.14",170.337840240716,-1.80704494271511,0.265657413998823,-6.80216266323786,0.00119110123230869,0.019170635833865,"Cxcl10"
"ENSMUSG00000030748.10",281.091617179338,1.55569981230391,0.182964046874902,8.5027623671201,0.00119390430878834,0.0191978925191969,"Il4ra"
"ENSMUSG00000010311.16",35.7218592988509,-1.57853063822382,0.19060711817108,-8.28159332857131,0.00120188296072839,0.0193082441843292,"Optc"
"ENSMUSG00000087107.10",389.275699893498,-1.89884016819785,0.296330255157063,-6.40785115644508,0.00120972380762064,0.0194161793315883,"Slfnlnc"
"ENSMUSG00000022324.17",4419.64469356146,1.5195267605611,0.171381846055734,8.86632274965078,0.00121711662706959,0.0195167301960686,"Matn2"
"ENSMUSG00000075010.8",46.6897924913381,-2.41754440038199,0.467943799419153,-5.16631356881494,0.00122558621116161,0.0196343450236279,"AW112010"
"ENSMUSG00000022636.14",2275.4205272064,-1.72687586211619,0.240264445504157,-7.18739661414576,0.00124186754728098,0.0198767736383493,"Alcam"
"ENSMUSG00000056758.15",932.680212640412,1.75931988762481,0.251526043374072,6.99458339989202,0.00126867244697628,0.0202870338979516,"Hmga2"
"ENSMUSG00000029851.6",14.5528996867206,-1.93315715045102,0.309413716560749,-6.24780689084765,0.00128113893656804,0.0204674661869808,"Tcaf2"
"ENSMUSG00000057606.15",232.123131918889,1.86942005199736,0.288480303121975,6.48023463566222,0.00129001690584735,0.0205902882887185,"Colq"
"ENSMUSG00000026832.13",59.4021720177625,2.15595883074385,0.383770921285349,5.61782748813532,0.00129720841207765,0.0206859907334263,"Cytip"
"ENSMUSG00000024502.11",835.066220555499,-1.66573832524386,0.221116497961982,-7.53330638191575,0.00130278706435858,0.0207558211671567,"Jakmip2"
"ENSMUSG00000071656.8",137.255500358744,1.36805923176725,0.122378030615575,11.1789610021158,0.00131677200430763,0.0209593277079399,"Lrrn4cl"
"ENSMUSG00000069874.8",744.930808206345,-1.63503705864262,0.211286461249239,-7.73848475181706,0.00132540117053341,0.021077289570376,"Irgm2"
"ENSMUSG00000020193.4",30.5450198953232,-1.38634266410472,0.128623007052186,-10.7783412616239,0.00133366798876433,0.0211892778159783,"Zpbp"
"ENSMUSG00000014547.11",2766.27820761047,1.30163007205288,0.100479933729669,12.9541294837513,0.00134152959005001,0.0212946284101333,"Wdfy2"
"ENSMUSG00000138396.1",26.6103041220799,2.08859119784536,0.363205119715723,5.75044536673952,0.00136244789341858,0.0216068500934265,"ENSMUSG00000138396"
"ENSMUSG00000021933.12",96.2431761235551,-1.64983262840036,0.216961514186113,-7.60426398474114,0.00137154230742197,0.0217311584276693,"Gucy1b2"
"ENSMUSG00000024866.11",139.365018624041,1.50299463256997,0.168202019283608,8.93565153956771,0.0013929718255921,0.0220505018539748,"Acy3"
"ENSMUSG00000022114.6",9096.58583598383,1.34850574777281,0.116766020771716,11.5487856729246,0.00141951308360981,0.0224501054594305,"Spry2"
"ENSMUSG00000019256.18",67.120139280982,-1.50004656463062,0.167729629842853,-8.9432413702697,0.00143529884459508,0.0226583399718832,"Ahr"
"ENSMUSG00000050711.8",760.183336331662,-1.91502675381124,0.306900150953392,-6.23990163531091,0.00143413989195761,0.0226583399718832,"Scg2"
"ENSMUSG00000032017.15",314.688836550147,-1.89274204450325,0.299656683017991,-6.31636853695538,0.00144493397252461,0.0227896514062177,"Grik4"
"ENSMUSG00000073177.9",1082.5534155228,-1.74906012308057,0.251510809670251,-6.95421451417421,0.00144953368618451,0.0228413769019713,"Gm773"
"ENSMUSG00000028167.16",224.873111278973,1.71277314994802,0.239717275955627,7.14497168850301,0.00147264579706501,0.0231844563974694,"Bdh2"
"ENSMUSG00000020423.7",2061.21505501307,-1.36691989681184,0.123415537848949,-11.0757520538852,0.00147430807207218,0.0231895256936298,"Btg2"
"ENSMUSG00000028480.15",684.66367423213,1.38037675223735,0.128457737449365,10.7457657253341,0.00153269080728569,0.0240859367371998,"Glipr2"
"ENSMUSG00000066800.12",867.851152563332,-1.49944766294343,0.16911962089154,-8.8661957438106,0.00157238226188994,0.0246872576181667,"Rnasel"
"ENSMUSG00000031618.14",156.677036329476,-1.80626157913053,0.273129406213989,-6.61320801801684,0.00157892217771839,0.0247674628457693,"Nr3c2"
"ENSMUSG00000054293.11",15.0627956533908,-1.99753566127442,0.338104043965287,-5.90805019025298,0.00158691270949398,0.0248702569743341,"P2ry10b"
"ENSMUSG00000047153.5",1671.53529522105,1.29448628172332,0.100197599825215,12.9193342353652,0.00164607191405678,0.0257740599610954,"Khnyn"
"ENSMUSG00000043518.8",100.095473259417,-1.49883309006265,0.170170111567134,-8.80785160366628,0.00168730404356902,0.0263957817014748,"Rai2"
"ENSMUSG00000071104.11",20.4580162309648,-1.78403663196464,0.267529862291305,-6.66855137847026,0.00169126332665674,0.0264338194018201,"Ccdc110"
"ENSMUSG00000062713.9",11.1465516692837,2.20431299589799,0.411019352769939,5.36303943121584,0.0016944611618081,0.0264598980339384,"Sim2"
"ENSMUSG00000020303.3",839.557395732619,1.38475331584341,0.131329444954469,10.5441191525899,0.00169655334024082,0.0264686797951728,"Stc2"
"ENSMUSG00000048706.4",81.4656601855404,-1.60043161103649,0.205613381153864,-7.78369385326557,0.00174905001822969,0.0272631201940632,"Lurap1l"
"ENSMUSG00000107277.2",22.664042533702,1.79141117505215,0.271629041895224,6.59506495532666,0.00178658862358744,0.0278231830470836,"Gm10461"
"ENSMUSG00000026104.15",6277.18943355568,-1.46942199272213,0.161335887422961,-9.10784337070563,0.00180949045074141,0.0281544998010142,"Stat1"
"ENSMUSG00000053846.6",66.4461906812501,-1.86463661362953,0.297416294245703,-6.2694500930373,0.00182363571345434,0.0283490971376343,"Lipg"
"ENSMUSG00000037664.14",19.4723255903504,-2.35665571613875,0.466829840804625,-5.04821138271031,0.00182980336733709,0.0284194415275281,"Cdkn1c"
"ENSMUSG00000133588.1",18.1119447135267,-1.96017339603622,0.330841327729539,-5.92481419866217,0.00185265762050653,0.0287485938565058,"ENSMUSG00000133588"
"ENSMUSG00000081219.2",17.3903248757443,-1.45690248074457,0.157749000689188,-9.23557343868753,0.00188742039029197,0.029261780997161,"Bambi-ps1"
"ENSMUSG00000029189.11",1018.46906447834,1.71855697642666,0.248212170103167,6.92374179603024,0.00189621257189562,0.0293455008219482,"Sel1l3"
"ENSMUSG00000097533.4",22.3852023287959,1.33504219333116,0.115723276011144,11.536505354399,0.00189457654683932,0.0293455008219482,"Gm26590"
"ENSMUSG00000041923.16",487.934092038484,-1.65432091055701,0.22649070475523,-7.30414483166028,0.0019326366638528,0.0298824660929233,"Nol4"
"ENSMUSG00000032231.15",6466.72600157232,1.36069483951809,0.124942046090965,10.890607942561,0.00194530679655698,0.0300515162446686,"Anxa2"
"ENSMUSG00000040701.18",28.8169878414857,-1.90902414002822,0.314999699315493,-6.06039988030656,0.00195214008491489,0.0301033224146145,"Ap1g2"
"ENSMUSG00000127403.1",23.0709755100872,-1.55717204922532,0.193060780266164,-8.06570887716558,0.00195090453621392,0.0301033224146145,"ENSMUSG00000127403"
"ENSMUSG00000105366.2",157.715405424637,1.43443831153365,0.150639574596182,9.52232051490406,0.00196355127205937,0.0302523277908915,"Gm43719"
"ENSMUSG00000114348.3",51.7891778232502,-1.77169874634173,0.26773848806535,-6.61727329209872,0.00197400954364714,0.0303863995766751,"Gm41031"
"ENSMUSG00000068154.6",870.943587375086,-1.64492406009974,0.224232875953992,-7.33578451911418,0.00201288639608384,0.0309360089504855,"Insm1"
"ENSMUSG00000090700.3",17.2163242955737,1.9799525218587,0.340726021060657,5.81098125612844,0.00201329014439063,0.0309360089504855,"Cyp4f40"
"ENSMUSG00000054477.18",267.783420884666,1.78388467951146,0.273138515598467,6.53106236446674,0.00205290229563943,0.0315166952255133,"Kcnn2"
"ENSMUSG00000132714.1",12.0604528783392,-1.73133780958839,0.255425979126403,-6.77823694954537,0.00209687314051293,0.0321632084017329,"ENSMUSG00000132714"
"ENSMUSG00000097899.4",16.0342527756412,-1.68480433424861,0.239595202635323,-7.03187841708573,0.00213044583638651,0.0326492239691403,"Gm16894"
"ENSMUSG00000138125.1",11.9246978996266,-1.79857141909884,0.279564372207547,-6.43347864714174,0.00214180162291422,0.0327942050262494,"ENSMUSG00000138125"
"ENSMUSG00000036617.18",202.172444552359,-1.78185971173605,0.273952971146189,-6.50425401221585,0.00215867785684473,0.0330233813254885,"Etl4"
"ENSMUSG00000022756.18",63.3829762939114,-1.84908823638507,0.297619925484114,-6.21291814846505,0.00216592134932288,0.0331049215423891,"Slc7a4"
"ENSMUSG00000032281.12",3239.77544220261,1.55823217508558,0.196179367279014,7.94289530391542,0.00221695364826512,0.0338550150240805,"Acsbg1"
"ENSMUSG00000022805.18",12.2627728135646,1.77166696516153,0.271674596819282,6.52128313027382,0.00225278641132513,0.0343718787378725,"Cfap91"
"ENSMUSG00000115157.3",7.70120600895899,-1.67774027384127,0.238914093383836,-7.02235791149345,0.00227874263623779,0.0347372732089746,"Gm49397"
"ENSMUSG00000029334.15",527.768160826956,-1.56171598121365,0.198382726693451,-7.87223770558855,0.00231668364144249,0.0352845601797869,"Prkg2"
"ENSMUSG00000073236.7",223.683432954767,-1.28097272445516,0.0992590176233827,-12.9053536406691,0.0023222968096511,0.0353389440638375,"2500004C02Rik"
"ENSMUSG00000031538.7",4922.48123637156,1.34822333854331,0.123036868900135,10.9578807604216,0.00232568620693495,0.0353594224537684,"Plat"
"ENSMUSG00000030249.16",67.9486292762311,-1.76048434163488,0.26907254088849,-6.54278707080879,0.00235433078424223,0.0357635041518517,"Abcc9"
"ENSMUSG00000020475.4",27.6136706293461,-1.72411569458707,0.256686227112685,-6.71682198916807,0.00239359828877233,0.0363281031511744,"Pgam2"
"ENSMUSG00000055761.15",339.591932593502,-1.42282912245802,0.149993370244723,-9.48594674642352,0.00240878538478,0.0365265597961995,"Nkain3"
"ENSMUSG00000124420.1",83.6477866174988,-1.87994518917873,0.312782343268346,-6.01039422345482,0.00245192505862622,0.0371481675694841,"ENSMUSG00000124420"
"ENSMUSG00000003863.19",396.448466292747,-1.41758735695726,0.148658815151167,-9.53584458153903,0.00248453597631914,0.0375956494226643,"Ppfia3"
"ENSMUSG00000026950.19",37.7254977303675,-1.89438206929424,0.318413781073208,-5.94943492366836,0.00248580643506693,0.0375956494226643,"Neb"
"ENSMUSG00000022456.19",3855.81734094022,-1.38121394573832,0.135958878045669,-10.1590566617824,0.0025244944511659,0.0381474261956964,"Septin3"
"ENSMUSG00000025743.15",17232.9010619879,-1.29300080587557,0.104533598435208,-12.3692365443346,0.00253199940868484,0.0382274465698649,"Sdc3"
"ENSMUSG00000071317.5",392.854880605728,-1.43178488186579,0.154384321123848,-9.27415991107801,0.00258042805184048,0.0389246435509538,"Bves"
"ENSMUSG00000021773.12",263.834086156766,1.29626983151128,0.10596499596192,12.2330003388771,0.00258759685604761,0.0389987811875746,"Comtd1"
"ENSMUSG00000020427.12",48424.6484154039,1.42614413241694,0.152540457374344,9.34928449124219,0.00260586987769681,0.0392400005430028,"Igfbp3"
"ENSMUSG00000046634.14",20.600926208638,-1.64254803885684,0.230340707690065,-7.13094986695522,0.00263902774481784,0.0397047461224681,"Pkd1l1"
"ENSMUSG00000010051.16",740.261305058763,1.42039896466277,0.150838883907436,9.4166631830451,0.0026593256849063,0.0399753718507809,"Hyal1"
"ENSMUSG00000025545.11",1282.88558683798,1.33657190236299,0.121362818923627,11.0130261822946,0.00277480009591936,0.0416749924128444,"Clybl"
"ENSMUSG00000038916.8",887.928112364273,-1.54607401089728,0.197846948984839,-7.81449508739077,0.00288933343958671,0.0433575430804244,"Mtcl3"
"ENSMUSG00000048332.14",1228.99802518958,1.59796367660142,0.216910872094978,7.36691370592862,0.00291916932737403,0.0437375920457894,"Lhfpl6"
"ENSMUSG00000061013.7",116.852263764547,-1.52697629188113,0.191164494883125,-7.98776097420547,0.00291971557119909,0.0437375920457894,"Mkx"
"ENSMUSG00000104252.6",86.3459063538467,-1.82457639066278,0.299351541517657,-6.09509602460211,0.00293871738792879,0.0439841593823045,"Pcdha4"
"ENSMUSG00000135156.1",8.34086717772029,1.84160485917952,0.305708719198646,6.02405081545244,0.00295292656463176,0.0441586304418831,"ENSMUSG00000135156"
"ENSMUSG00000056445.9",143.442688231955,1.46386436382966,0.168813702231941,8.6714783484719,0.00299993413893922,0.0448228501484683,"Hoxaas2"
"ENSMUSG00000032946.17",196.299108248459,1.52732512265926,0.192031308700226,7.95352139709427,0.00301599592056143,0.0450239529055685,"Rasgrp2"
"ENSMUSG00000047230.7",18.8859298860449,2.04458439295532,0.381047162282824,5.36569904026151,0.00305934612704162,0.0456317299052362,"Cldn2"
"ENSMUSG00000029053.17",767.170057283848,-1.66208659601057,0.241806302349483,-6.8736281058893,0.00308989003721535,0.0460476119068907,"Prkcz"
"ENSMUSG00000044117.13",692.669405176059,-1.62009385396919,0.226519110383224,-7.152128803739,0.0030954978498459,0.0460914834750721,"Bmerb1"
"ENSMUSG00000031209.15",34.7346291803433,-1.97624241596417,0.357552069439923,-5.52714579182773,0.00316335254843197,0.0470613291427085,"Heph"
"ENSMUSG00000041779.6",2162.94366454838,1.32803763569636,0.120291059252948,11.0402023553867,0.00319533659764901,0.0474963177083532,"Tram2"
"ENSMUSG00000034842.17",80.1172769997124,1.8972982632373,0.329588011276917,5.75657547702245,0.00323965330895679,0.0481137180700175,"Art3"
"ENSMUSG00000037979.14",384.824837029477,-1.48245539885825,0.177256039868289,-8.36335619344644,0.00324637618669985,0.0481722133638772,"Ccdc92"
"ENSMUSG00000041827.16",49.3211072526387,-1.52326929091196,0.192445071265034,-7.91534582257046,0.00327340737584688,0.0485317004429329,"Oasl1"
"ENSMUSG00000121399.2",220.895524060529,-1.93755469057684,0.345569587654683,-5.60684377270197,0.00333314505452559,0.0493750648402412,"ENSMUSG00000121399"
"ENSMUSG00000034308.14",42.3961649484761,-1.86286049202998,0.318755347517699,-5.84417016541674,0.00339504117747111,0.0502489328080454,"Sdr42e1"
"ENSMUSG00000143224.1",17.5608935425672,-1.41083822933124,0.151891259975117,-9.28847538405018,0.00341709005165025,0.0505320445073954,"ENSMUSG00000143224"
"ENSMUSG00000025496.6",11.5631614762122,-1.57820914642221,0.213891348411069,-7.37855531860557,0.00343289860986739,0.0507224694687665,"Drd4"
"ENSMUSG00000020029.7",7869.10567429843,1.21991048592851,0.0814493376416982,14.9775372182274,0.00346732255563514,0.0511873846907842,"Nudt4"
"ENSMUSG00000018451.8",538.08317157742,-1.48102890880487,0.178231090927406,-8.30959907779561,0.00347839420009956,0.051307055797206,"6330403K07Rik"
"ENSMUSG00000017390.16",8892.20494452671,-1.40970078948162,0.152321207833255,-9.25478998974859,0.00357564252954421,0.0526517166350417,"Aldoc"
"ENSMUSG00000037206.16",119.688186312869,-1.62791790684207,0.233433841770919,-6.97378706742798,0.00357347826358229,0.0526517166350417,"Islr"
"ENSMUSG00000114452.3",10.9108194413552,1.72128531811632,0.268383322137333,6.41353309292271,0.00359924871150187,0.0529542527265351,"A530001N23Rik"
"ENSMUSG00000028664.15",737.17633451671,-1.58494758004382,0.218218650721155,-7.26311694626463,0.00367498485376641,0.0540225895835738,"Ephb2"
"ENSMUSG00000027408.8",148.212894666027,-1.60300154737702,0.225264877939986,-7.11607402821174,0.00371583295597774,0.0545766908355916,"Cpxm1"
"ENSMUSG00000037735.9",54.771822822062,-1.65346300311984,0.244270596841231,-6.76898089455503,0.00373467632541422,0.0547229060414516,"2810032G03Rik"
"ENSMUSG00000068246.7",37.5164350707023,-1.90961117686145,0.340028031478531,-5.61604044395387,0.00373527638625329,0.0547229060414516,"Apol9b"
"ENSMUSG00000096014.2",466.427402951174,1.92922395027771,0.347347643126172,5.55415874688096,0.00373424897573456,0.0547229060414516,"Sox1"
"ENSMUSG00000022747.18",1788.62988594901,1.31511613923751,0.117890981883886,11.1553582659342,0.00375942611392303,0.0550036056341049,"St3gal6"
"ENSMUSG00000035615.13",1645.89139018899,-1.29667323810596,0.110996208915473,-11.6821398746459,0.00376079444371437,0.0550036056341049,"Frmpd1"
"ENSMUSG00000035357.18",517.872418973586,-1.3934682821391,0.147649334811536,-9.43768750409719,0.00385074942365594,0.0562716778108911,"Pdzrn3"
"ENSMUSG00000004655.6",56.2909281660711,-1.73566417883033,0.276330640232974,-6.28111373160426,0.00388088790128222,0.0566642383696076,"Aqp1"
"ENSMUSG00000029123.9",570.247856547418,-1.79117740832837,0.29734677045396,-6.02386703441833,0.00389787439376279,0.0568642687697165,"Stk32b"
"ENSMUSG00000052688.13",260.826466902732,-1.52277433215713,0.19661803786776,-7.74483536033104,0.00392060252211893,0.0571476536122171,"Rab7b"
"ENSMUSG00000059149.18",65.6686192390892,-1.63383617675046,0.238856335354375,-6.84024635279799,0.00398156243261135,0.0579873680210788,"Mfsd4a"
"ENSMUSG00000036192.16",1257.76381867974,1.33966520172903,0.128163325382225,10.4527968335224,0.00402157908558963,0.0585209094523732,"Rorb"
"ENSMUSG00000004360.10",869.819256810404,-1.43256288163335,0.163302432354311,-8.77245281028742,0.00403836458505515,0.0586664853489707,"9330159F19Rik"
"ENSMUSG00000120374.2",9.76372070597922,1.65221866997524,0.246205408719836,6.71073262998597,0.00403552015108705,0.0586664853489707,"Gm57280"
"ENSMUSG00000029211.12",402.355404330403,-2.16667622423602,0.441619278910239,-4.90620841912204,0.00412316007394641,0.0597979175183745,"Gabra4"
"ENSMUSG00000029759.10",316.433600136912,1.82778090028787,0.313330349328871,5.83339885268958,0.00412237406846186,0.0597979175183745,"Pon3"
"ENSMUSG00000067879.4",6813.49513427352,-1.46722285587722,0.176921052107591,-8.29309366182698,0.00413485445533046,0.0599172963032894,"Vxn"
"ENSMUSG00000002900.18",6559.20279804074,1.41981383204756,0.159035601910736,8.92764774043793,0.00414839089006191,0.0600631457571977,"Lamb1"
"ENSMUSG00000025888.7",749.037728735083,1.48371701016115,0.18369914885407,8.07688560026921,0.00422919826312035,0.0611819300572812,"Casp1"
"ENSMUSG00000121482.2",1540.44747498698,1.61206375206857,0.232767505918453,6.92563915099618,0.00427544041597119,0.0617992231220832,"ENSMUSG00000121482"
"ENSMUSG00000030111.10",2739.77949433493,1.7863810010588,0.299329774798054,5.96793620769602,0.00430530442132048,0.0621789458244466,"A2m"
"ENSMUSG00000038530.12",323.611167575539,-1.85382186923097,0.325130514299231,-5.70177755608883,0.00431860363321859,0.0623189992176381,"Rgs4"
"ENSMUSG00000075334.3",947.87882311765,-1.47421680687231,0.180808498054933,-8.15347078666853,0.00436106911689123,0.0628793482170434,"Rprm"
"ENSMUSG00000037405.9",77.919126142202,-1.91313568033052,0.348646300115603,-5.48732534863031,0.004408247441557,0.0635052485825029,"Icam1"
"ENSMUSG00000038094.16",49.6815601728599,2.00411892115764,0.383425263446002,5.22688281712528,0.00441181995122925,0.0635052485825029,"Atp13a4"
"ENSMUSG00000027580.18",601.858592199045,-1.28872228734362,0.110521527896415,-11.6603734301561,0.00449594363579926,0.0646623580935983,"Helz2"
"ENSMUSG00000113484.3",12.9501597777403,-1.58348304483572,0.223537153385218,-7.08375775952972,0.0045240883548841,0.0650131035848876,"Gm47157"
"ENSMUSG00000000120.7",828.694334513161,1.73481413875643,0.282503405392567,6.14086097951892,0.00464653031568133,0.0667172344580235,"Ngfr"
"ENSMUSG00000130640.1",11.3773151964605,1.59595825394636,0.229265859629089,6.96116838559536,0.00466907249738143,0.0669853170395469,"ENSMUSG00000130640"
"ENSMUSG00000032839.14",140.188897887875,1.73931179662138,0.284579052706625,6.11187569878676,0.00468960425978269,0.067224136622005,"Trpc1"
"ENSMUSG00000106734.6",192.267787987011,-1.45744006842012,0.176551526416178,-8.25504088242521,0.0047852633568419,0.068538598178873,"Gm20559"
"ENSMUSG00000052525.15",17.9686556442753,1.54314580261681,0.209679770838462,7.35953590776125,0.00479379968150984,0.0686040712071822,"Spdya"
"ENSMUSG00000027894.15",330.531416677417,-2.14461536955738,0.44212643609667,-4.85068341194704,0.00481433468375512,0.0688410071887034,"Slc6a17"
"ENSMUSG00000031552.14",22.6462778908659,-1.86908527001993,0.335810494729737,-5.56589296449531,0.00482642734094782,0.0689569329918078,"Adam18"
"ENSMUSG00000020098.8",87.9462069017398,1.77984101770175,0.301724698273503,5.89889070363203,0.00487444388698545,0.0695855017595894,"Pcbd1"
"ENSMUSG00000131673.1",33.5255856026619,1.69512930438454,0.269198115206673,6.296958294389,0.00490832029607403,0.0700113419313049,"ENSMUSG00000131673"
"ENSMUSG00000058589.16",4652.37135623005,-1.61717193418892,0.239538386437651,-6.7512015850113,0.00499023304912586,0.0710883526111172,"Anks1b"
"ENSMUSG00000106651.2",15.8185766512404,1.51544783437261,0.200066703929473,7.57471285630235,0.00499204418116446,0.0710883526111172,"Gm42608"
"ENSMUSG00000003934.6",161.607718860247,-1.48385687772052,0.187959581636639,-7.89455299272315,0.00502273415814165,0.0714665677665845,"Efnb3"
"ENSMUSG00000039063.6",15.6623459562571,1.72391806593416,0.281387068368303,6.12650068082644,0.00504576558030766,0.0717352802551217,"Echdc3"
"ENSMUSG00000025665.18",970.212412809553,-1.42396301281058,0.165009693374919,-8.62957189778658,0.00509488828956448,0.0723148131140645,"Rps6ka6"
"ENSMUSG00000094832.2",33.601666104733,-2.0061998113904,0.391604496637335,-5.12302547242796,0.00509331839162229,0.0723148131140645,"Gm21846"
"ENSMUSG00000054034.11",60.5439145244869,-2.22811520625801,0.478902763099179,-4.65254197290272,0.00516719052321483,0.0732809265841501,"Tceal5"
"ENSMUSG00000130163.1",15.5248778243174,-1.41134593282289,0.160686750516136,-8.78321285538204,0.00523474683510302,0.0741782061760462,"ENSMUSG00000130163"
"ENSMUSG00000019899.18",42.2201002033264,-1.78552816663063,0.308130135344187,-5.79472100200833,0.00539636680792975,0.0764058416618662,"Lama2"
"ENSMUSG00000041308.7",1945.60440132756,1.39266305199013,0.154123927935493,9.03599506348558,0.00542163048910469,0.0767007773691655,"Sntb2"
"ENSMUSG00000071648.5",17.1847804097079,-1.9309107329281,0.365622445082519,-5.28116027584768,0.00544672337278904,0.0769928168267941,"Rom1"
"ENSMUSG00000023959.11",5673.54372173199,1.58254859162809,0.229152585144929,6.90609093773566,0.00550806993438346,0.0777964293915939,"Clic5"
"ENSMUSG00000060550.18",99.6704897584274,-2.17240552212149,0.462245229548263,-4.69968186420119,0.00560108772404919,0.0790456931496731,"H2-Q7"
"ENSMUSG00000006386.16",66.9804036294735,1.63198535842858,0.249516390656037,6.54059380282675,0.00565711215910662,0.0797712751237675,"Tek"
"ENSMUSG00000053110.14",3546.12323056821,1.40860996279538,0.161397826773605,8.72756462062688,0.00567564489908618,0.0799261658169766,"Yap1"
"ENSMUSG00000107090.3",24.2712974873235,-1.38214126695229,0.150949120261173,-9.15633866935361,0.00567733544035743,0.0799261658169766,"Gm42884"
"ENSMUSG00000069805.11",29.7130187705013,-1.62379560532103,0.246677852305148,-6.58265665177084,0.0057228825663333,0.0805018814330884,"Fbp1"
"ENSMUSG00000063568.12",464.829185958751,-1.41310392618056,0.163490486464048,-8.64334039700411,0.00575573599962436,0.0808982487940705,"Jazf1"
"ENSMUSG00000040389.16",934.503233288884,-1.33618891589036,0.133113340363768,-10.0379790052512,0.00577530905643973,0.0811074653364612,"Wdr47"
"ENSMUSG00000005716.17",45.5263783407192,-1.7658027724769,0.303444078075365,-5.81920327355452,0.00580629729142667,0.0814765253335476,"Pvalb"
"ENSMUSG00000094724.9",5439.4630576622,1.33220148339211,0.131731521518785,10.1130046023353,0.00583768604165191,0.0818506028303577,"Rnaset2b"
"ENSMUSG00000004864.14",22.3596408818369,1.69764107364854,0.277524742345271,6.11708008194994,0.00597194534898558,0.0836652618851405,"Mapk13"
"ENSMUSG00000085456.4",15.7979498370183,1.82581351479234,0.329066513536303,5.5484634251334,0.0060440134176021,0.0846064078894429,"Gm15398"
"ENSMUSG00000023467.19",8.44201148752154,-1.53029555129829,0.211477227111955,-7.23621910593788,0.00607809483022103,0.0850147103900438,"Tulp2"
"ENSMUSG00000036790.6",1498.23164365662,-1.37798987148086,0.15130299701553,-9.10748563255107,0.00624073759001539,0.0871735972959955,"Slitrk2"
"ENSMUSG00000094885.8",238.302906342917,-3.19075945096604,0.87694217964183,-3.63850607832462,0.00624252034734357,0.0871735972959955,"Ott"
"ENSMUSG00000037813.14",154.560408383068,-1.35926826676722,0.144141726068204,-9.43008179410903,0.00634298426579407,0.0884337741875656,"D630003M21Rik"
"ENSMUSG00000073910.11",299.782223643059,-1.43488547790451,0.174479577820362,-8.22380186741294,0.00634286501378463,0.0884337741875656,"Mob3b"
"ENSMUSG00000073889.11",521.614567846514,1.39829653786638,0.159837601594805,8.74823273068828,0.0063534015457469,0.0885076920648252,"Il11ra1"
"ENSMUSG00000033082.11",93.1535050801435,-1.50481439053091,0.203195263525533,-7.40575525443693,0.00648884926234342,0.0903218583564488,"Clec1a"
"ENSMUSG00000024044.20",222.597254375914,-1.76662573731967,0.308729357611864,-5.72224731391007,0.00651104942075703,0.0905580201591142,"Epb41l3"
"ENSMUSG00000024330.18",599.547477207248,-1.69267611521954,0.279077318010545,-6.06525864332543,0.00653195572829923,0.090775821695609,"Col11a2"
"ENSMUSG00000030823.7",21.21678817695,-1.47357621155861,0.190987375330135,-7.71556868097398,0.00657611402959576,0.091316151637292,"Zfp747l1"
"ENSMUSG00000020099.9",2366.30212569576,1.36582038352342,0.147604279373747,9.25325735350153,0.00659891343716174,0.0915592624617261,"Unc5b"
"ENSMUSG00000076435.4",1232.09138156391,1.3626317701069,0.146354582772893,9.31048242077515,0.00661047189069677,0.0916461415487464,"Acsf2"
"ENSMUSG00000073421.7",415.353319958166,-1.71925494508112,0.291455453737236,-5.89886009349178,0.00679723597427895,0.0941599494211164,"H2-Ab1"
"ENSMUSG00000040907.16",2988.64945190464,-1.41264092114263,0.167577517460488,-8.42977591833409,0.00690075745055182,0.095517524327558,"Atp1a3"
"ENSMUSG00000137456.1",62.1199083380998,-1.70930128250957,0.288088767107113,-5.93324515798995,0.00690644588141849,0.0955198454358934,"ENSMUSG00000137456"
"ENSMUSG00000123148.1",245.146297967247,-1.47467972364108,0.192854215293323,-7.64660353105661,0.0069209631541684,0.0956441729180685,"ENSMUSG00000123148"
"ENSMUSG00000001985.10",916.590059958788,-1.86951804753931,0.354310827187961,-5.2764914422091,0.00706167173484671,0.0974703899213423,"Grik3"
"ENSMUSG00000037071.4",7651.17688883708,1.45803543343382,0.186650553977391,7.8115783873346,0.0070643780465474,0.0974703899213423,"Scd1"
"ENSMUSG00000000308.15",264.1013320673,-1.61373283846314,0.250214089596751,-6.44940834892174,0.00708684849390988,0.0977025120650429,"Ckmt1"
"ENSMUSG00000010021.14",25.2214427383568,1.57579339963851,0.234993021468195,6.70570295999953,0.00713770538006606,0.0983253013422794,"Kif19a"
"ENSMUSG00000020297.11",3713.79525950323,-1.32038672308215,0.130804247261724,-10.0943719391635,0.00715551173798521,0.098492175091981,"Nsg2"
"ENSMUSG00000063297.8",277.806609581913,-2.13792681801996,0.466895115514829,-4.57903016539923,0.00740030493733468,0.10178066456738,"Luzp2"
"ENSMUSG00000086361.2",8.17804014874442,1.55784716335987,0.229162667255096,6.79799716952031,0.00746062787043007,0.102528819232868,"Gm6569"
"ENSMUSG00000008734.10",3625.45920968317,1.26534957610919,0.109283050113331,11.5786443990809,0.00758919328797799,0.104212874816345,"Gprc5b"
"ENSMUSG00000020354.16",11.989030329234,-1.76412317169166,0.315230770793668,-5.59629114648315,0.00767504909263474,0.105308246947475,"Sgcd"
"ENSMUSG00000059974.11",1868.59268816114,-1.57069779656685,0.236003427823,-6.65540247044571,0.00779926761912941,0.106927835456559,"Ntm"
"ENSMUSG00000039903.19",58.9656863990859,1.59134532630627,0.2446749147601,6.50391695391643,0.007827491123545,0.107144977388905,"Eva1c"
"ENSMUSG00000052056.15",1112.16972231706,1.50011172583423,0.206915200355077,7.24988653931641,0.00782474890397227,0.107144977388905,"Zfp217"
"ENSMUSG00000051067.9",67.9384475812599,-1.83113490186354,0.343994031465408,-5.32315893407493,0.00784319212052779,0.107275027722824,"Lingo3"
"ENSMUSG00000026479.14",42.6839199316501,1.64250805328742,0.26606578173398,6.17331564616469,0.00787091853750911,0.107569220012624,"Lamc2"
"ENSMUSG00000022836.12",584.93401676195,1.55516231688419,0.23044441835764,6.74853540809412,0.0079960843261855,0.109145393489142,"Mylk"
"ENSMUSG00000073538.13",267.931503943571,-1.45544333560223,0.18906164829675,-7.69824736383221,0.00799886481009314,0.109145393489142,"E330020D12Rik"
"ENSMUSG00000100183.3",32.1950181873766,-1.52129932980872,0.216769412934592,-7.018053466186,0.00808940887536289,0.110293894689936,"Gm28512"
"ENSMUSG00000022952.18",600.491624983111,1.38335122628938,0.159466377397188,8.67487710493241,0.00810921357438571,0.110476860837812,"Runx1"
"ENSMUSG00000026587.16",7561.66610029692,-1.32738677046147,0.13621955775217,-9.74446542306675,0.00812224499290386,0.110567335064691,"Astn1"
"ENSMUSG00000034520.15",217.781508586891,-1.66050332625111,0.275509993477222,-6.02701668020763,0.00825629802093129,0.112303827325592,"Gjc1"
"ENSMUSG00000033669.9",67.6897782266287,1.56433318643224,0.235507285237746,6.64239828017651,0.00828200420051666,0.112564993462168,"Zfp7"
"ENSMUSG00000019194.16",1644.30818907231,1.29543068578891,0.12332081019292,10.5045586690711,0.0082959783350169,0.112666418487019,"Scn1b"
"ENSMUSG00000052415.6",51.0626567369217,-1.65373535900094,0.273285902323318,-6.05130138416156,0.00837545790413728,0.113656606005791,"Tchh"
"ENSMUSG00000022180.8",185.282586277807,1.57173990460248,0.239292797529086,6.56827084154687,0.00844048417021129,0.114449261060342,"Slc7a8"
"ENSMUSG00000037624.17",228.237979965048,1.45737949314938,0.19155015245096,7.60834420908378,0.00847525824393911,0.114830789457036,"Kcnk2"
"ENSMUSG00000006221.8",10.8217118684371,1.51944018741327,0.217874271021666,6.97393125075412,0.00855981931470425,0.115885754133813,"Hspb7"
"ENSMUSG00000102206.6",32.8915310869717,-2.25866871103071,0.52864096604264,-4.27259492948287,0.00863398369057022,0.116798425187057,"Pcdha11"
"ENSMUSG00000002104.12",32.6309819153983,1.46232070674024,0.194536318517194,7.51695476652601,0.00873825415128989,0.118116619785639,"Rapsn"
"ENSMUSG00000097063.6",92.2891374374302,1.34682224426103,0.146139935187878,9.21597674536772,0.00881687416875855,0.119086305127135,"Pantr2"
"ENSMUSG00000036862.16",102.831982580522,1.50935544128474,0.214699632273888,7.0300793033464,0.00883624662660494,0.119254866718813,"Dchs1"
"ENSMUSG00000027661.5",318.123360326555,1.4106325723426,0.173290475855927,8.1402775621402,0.00890318856816612,0.120064667658932,"Slc2a10"
"ENSMUSG00000029130.13",34.8507495777382,1.55422969840536,0.23395245136197,6.64335718372392,0.00891850384265756,0.120177533867337,"Rnf32"
"ENSMUSG00000018500.3",129.290594418073,1.40913377152641,0.172886716167129,8.15061910346079,0.00897895784720025,0.120897998966738,"Adora2b"
"ENSMUSG00000038086.5",78.4984077902407,1.54883442143326,0.232076483511824,6.67381028011118,0.00901781139196665,0.121326728385542,"Hspb2"
"ENSMUSG00000055435.7",1598.7016165382,1.60806050993186,0.25719576541914,6.25228221511065,0.00903469048759248,0.121459374371659,"Maf"
"ENSMUSG00000079559.6",44.408208403424,1.48609930306501,0.205649101060101,7.22638365742577,0.0090459543423107,0.121516383564177,"Pou2af3"
"ENSMUSG00000035208.17",483.419667519622,-1.30363946502733,0.128952703828054,-10.1094387812574,0.00926988985973895,0.124427955277892,"Slfn8"
"ENSMUSG00000027254.14",5637.09166073007,-1.36768124487449,0.156984848982236,-8.71218626346075,0.00958663778029204,0.128579850290398,"Map1a"
"ENSMUSG00000020182.17",168.926226411247,-1.59141605302088,0.252802284707542,-6.29510154491654,0.00965630847227695,0.129413980780276,"Ddc"
"ENSMUSG00000038370.7",1050.91193489705,1.45339908017572,0.194101464562909,7.48783160110914,0.00974856685724531,0.130549306318931,"Pcp4l1"
"ENSMUSG00000028883.20",2376.91915182326,1.31932141101823,0.136799192115599,9.64421931602761,0.00979171987413121,0.131025782878746,"Sema3a"
"ENSMUSG00000017756.10",445.616828069582,-1.82595604642886,0.353989946997854,-5.15821441234298,0.00981684701919961,0.131260500097521,"Slc12a7"
"ENSMUSG00000040610.8",16.766210524803,-1.5554108899333,0.239032224128652,-6.50711800721959,0.0100739634105567,0.134594374462897,"Tlx3"
"ENSMUSG00000031490.7",2249.18981179723,1.24949541931921,0.107642860387489,11.6077872217565,0.0102298951377241,0.136572257463659,"Eif4ebp1"
"ENSMUSG00000090053.10",216.515542016312,-1.46725247710028,0.201855419249827,-7.26882876146283,0.0103122718931281,0.137565866071629,"Pakap"
"ENSMUSG00000117361.3",23.7464107139961,1.37134184836778,0.161068452419417,8.51403131878894,0.0105695484258423,0.140889311913654,"Gm30984"
"ENSMUSG00000079017.4",73.9379001532447,-1.57920614699084,0.251528140350498,-6.27844719398099,0.0106464877370701,0.141805643438635,"Ifi27l2a"
"ENSMUSG00000029784.14",8.53027421344002,1.47041485234026,0.204458397316735,7.19175573924889,0.0107018880135398,0.142433897238666,"Ssmem1"
"ENSMUSG00000090231.11",44.1178071156447,-1.98264690852307,0.427936931492031,-4.63303529707154,0.0108310139442972,0.144041662770353,"Cfb"
"ENSMUSG00000031825.17",55.5703757146249,1.42719939645144,0.186759700118744,7.64190237799701,0.0110854222142986,0.147217859610194,"Crispld2"
"ENSMUSG00000128142.1",23.1097574394234,-1.50300311170156,0.219903721360245,-6.83482345093809,0.0110868611184882,0.147217859610194,"ENSMUSG00000128142"
"ENSMUSG00000036949.17",157.249429547891,1.77062333777906,0.337158269029772,5.25160881527337,0.0111375848593694,0.14777798561105,"Slc39a12"
"ENSMUSG00000057378.16",172.447102362716,-1.83695688873233,0.366362349830642,-5.01404385461962,0.0111709130078254,0.148106618284594,"Ryr3"
"ENSMUSG00000060224.5",876.577700407913,1.27106518863059,0.118680040545288,10.7100164677274,0.0111857714085213,0.14819005888992,"Pyroxd2"
"ENSMUSG00000030075.11",130.762929328729,-1.7904060519667,0.346422305174742,-5.1682759026258,0.0112557225510965,0.149002686747568,"Cntn3"
"ENSMUSG00000100760.3",14.1600062781233,1.57655792952603,0.252983228632346,6.23186737733198,0.0113324575149162,0.149903807280642,"Gm4035"
"ENSMUSG00000053716.10",1669.04661823344,1.24645228079327,0.108298823773695,11.5093796715457,0.0114329127298026,0.151117078725015,"Dusp7"
"ENSMUSG00000120094.2",25.8879042973996,-1.33520233548182,0.147444086578837,-9.055651986205,0.0115004409828615,0.151893610599595,"Gm57161"
"ENSMUSG00000059602.15",78.3698701454287,-1.35303773192771,0.155480388598036,-8.70230479951867,0.0115848298386806,0.15289147663528,"Syn3"
"ENSMUSG00000054383.3",13.6918057401553,-1.55607451036835,0.246325150196884,-6.31715644596018,0.0119889969269998,0.15810489697481,"Pnma1"
"ENSMUSG00000050321.4",1331.43591328331,-1.6965853592663,0.308841892287682,-5.49337833251572,0.0120517453665205,0.158811346787158,"Neto1"
"ENSMUSG00000000031.20",503.819198096966,-1.70362776198754,0.312361832849316,-5.45402025096125,0.012142039307163,0.159879424727956,"H19"
"ENSMUSG00000117927.3",55.4860977083012,1.5534131260082,0.245936805339785,6.3163100938146,0.0122173358511991,0.160748551252812,"Gm50271"
"ENSMUSG00000071531.4",83.3652057236437,-1.51620585916852,0.230086142578869,-6.58973131616912,0.0124312313895905,0.16343857560995,"Gprin2"
"ENSMUSG00000027966.21",4060.28314690546,-1.72849015192802,0.324781832556951,-5.32200381505308,0.0124479603723568,0.163534252363339,"Col11a1"
"ENSMUSG00000040972.9",397.49163628443,-1.43525701959126,0.194080445471888,-7.3951655258291,0.0124592795652913,0.16355876710066,"Igsf21"
"ENSMUSG00000045608.8",80.6641105764145,-1.75043262445018,0.334703837103746,-5.22979550995589,0.0124781161042463,0.163681853552441,"Dbx2"
"ENSMUSG00000063245.12",29.1474885494665,-1.88552215617011,0.395364885906594,-4.76906832999725,0.0125532786946224,0.164543051495724,"Zfp993"
"ENSMUSG00000046805.12",1759.96815771746,-1.83600920919666,0.373334444545384,-4.91786717250909,0.0125680806137076,0.164612362436312,"Mpeg1"
"ENSMUSG00000085541.2",189.733707973391,1.44326846714401,0.198139794706786,7.28409186695588,0.0126382648037372,0.165406397605342,"Gm16010"
"ENSMUSG00000034936.3",342.783974532736,1.36797745014789,0.164833095732439,8.2991673733315,0.0127934582569891,0.167310971097827,"Arl4d"
"ENSMUSG00000020176.18",94.8642156917309,-1.68447435241137,0.30667010767699,-5.49278951630197,0.0128089177257482,0.167386627258985,"Grb10"
"ENSMUSG00000020889.12",1029.12802991009,1.29787308164717,0.133655847701187,9.71055964980158,0.0129183574503222,0.168689374041868,"Nr1d1"
"ENSMUSG00000031026.16",232.998204915407,1.42384852931133,0.191007472842854,7.45441268930225,0.0132428374369461,0.172796058321298,"Trim66"
"ENSMUSG00000027568.10",18.8333968418529,-1.9906259256788,0.446904000699406,-4.45425845945317,0.0133238018641854,0.173721491977495,"Ntsr1"
"ENSMUSG00000020641.17",409.380610087644,-1.39255250549759,0.177117396637249,-7.8623135385715,0.0133340867501133,0.173724675414503,"Rsad2"
"ENSMUSG00000002265.18",2874.23570590547,-1.38965898815101,0.175928358650612,-7.89900502005383,0.0133843881620099,0.174248821654699,"Peg3"
"ENSMUSG00000063873.11",1155.186513533,-1.4423125187979,0.199755424625422,-7.22039224467871,0.0134050926654831,0.174387152855781,"Slc24a3"
"ENSMUSG00000086596.3",343.732256281141,-1.62480931458897,0.282317763270824,-5.7552500266528,0.0134439267701333,0.174760947390568,"Susd5"
"ENSMUSG00000025221.17",89.0076009475032,-1.62820609360943,0.284048669008714,-5.73213773291603,0.0134966638187298,0.175314772816563,"Kcnip2"
"ENSMUSG00000042116.4",133.780774534003,1.46788190730458,0.211789978271273,6.93083742340457,0.0135811071617254,0.176279306910857,"Vwa1"
"ENSMUSG00000024140.11",2056.52508203817,1.39484125850432,0.178960676991225,7.7941214905703,0.0136814387526413,0.17744846574078,"Epas1"
"ENSMUSG00000063804.9",50.5861823327466,-1.73740595140665,0.334835744252555,-5.18883058702416,0.013822358114983,0.179141902700701,"Lin28b"
"ENSMUSG00000028803.19",526.318601807249,-1.35639472259829,0.161884883659175,-8.37876083262961,0.0138491982953209,0.179355410857516,"Nipal3"
"ENSMUSG00000024846.7",49.4504083263479,1.65650165944272,0.298932200411733,5.54139586555463,0.0140404000446839,0.181695588311983,"Cst6"
"ENSMUSG00000026259.15",301.237546943806,-1.37363892913055,0.170255016726265,-8.06812601204626,0.014096727526289,0.18228817612844,"Ngef"
"ENSMUSG00000059555.7",66.3718630447936,1.48944753215699,0.223336404020275,6.66907635900584,0.0142068758286536,0.183575329042095,"Tor4a"
"ENSMUSG00000098295.3",74.6188928440202,-1.61830076365267,0.282194696668828,-5.7346958775481,0.0142243341836917,0.183663753765846,"Gm19872"
"ENSMUSG00000084289.2",21.2055587079345,1.43896897556332,0.200406740250916,7.18024240981955,0.014247972234618,0.183831778973423,"Fth1-ps"
"ENSMUSG00000037921.16",168.549708030721,-1.54103198970905,0.247086505006761,-6.23681163674593,0.0142749582728069,0.184042718357754,"Ddx60"
"ENSMUSG00000049409.10",302.644832111175,-1.62821307836305,0.287080716294597,-5.67162120597544,0.0143245951883409,0.184545157072729,"Prokr1"
"ENSMUSG00000030352.16",4733.51145285216,1.28128034777435,0.128653067030588,9.95919007099708,0.01439508540897,0.18531530338244,"Tspan9"
"ENSMUSG00000075020.9",46.0428020780836,-1.46936577836568,0.214777268075315,-6.84134681259853,0.0144312088493868,0.185642212276647,"Mir670hg"
"ENSMUSG00000059213.8",581.623026498964,-1.61848786146303,0.283195087940995,-5.71509863829366,0.014482448773237,0.186162948495205,"Ddn"
"ENSMUSG00000073490.12",72.5709536958016,-1.71468970760255,0.327307024035603,-5.23878066061923,0.0144978391018302,0.186222429205543,"Ifi207"
"ENSMUSG00000070331.15",17.5834776375426,1.43990808791721,0.201527457627331,7.14497222795279,0.0145227204915555,0.186403642392354,"Qrich2"
"ENSMUSG00000026837.17",6319.7173802106,1.36601300069872,0.16784573834863,8.13850273553797,0.0146046147491,0.187315822378746,"Col5a1"
"ENSMUSG00000068923.15",14332.0883228953,-1.18703022956403,0.0859370541026839,-13.8127870679123,0.0147640620426774,0.189163531534181,"Syt11"
"ENSMUSG00000085810.9",21.0863351986015,1.54649222327244,0.251123441137636,6.15829496548209,0.0147705427755565,0.189163531534181,"Gm16325"
"ENSMUSG00000029718.15",1449.89824369673,1.47336810156003,0.217765786849369,6.76583830213502,0.0148620055966162,0.190194098249004,"Pcolce"
"ENSMUSG00000030560.18",4477.4962473975,1.463207062816,0.213276574977682,6.86060840469289,0.014933076688322,0.190936631909925,"Ctsc"
"ENSMUSG00000059824.13",556.5827412913,1.38215615325274,0.175977302425007,7.85417286324042,0.0149420991565159,0.190936631909925,"Dbp"
"ENSMUSG00000006589.9",397.656392542728,1.50399636270963,0.232197968294056,6.47721585920584,0.0149827553085691,0.191314857822039,"Aprt"
"ENSMUSG00000129919.1",53.7539683247415,-1.46021950687009,0.212693441121884,-6.86537158441716,0.0152410353500789,0.194469316834119,"ENSMUSG00000129919"
"ENSMUSG00000006445.4",332.94450713406,1.59871327852576,0.27753077690383,5.76049004856764,0.0154916909225641,0.197521913295655,"Epha2"
"ENSMUSG00000114241.4",12.4189403758661,1.38415675761481,0.178275441686599,7.76414712267604,0.0155868041612418,0.198586904890982,"Gm30108"
"ENSMUSG00000127643.1",17.7266354193024,-1.55917244108532,0.259529861620047,-6.00768031606304,0.0155981738381022,0.198586904890982,"ENSMUSG00000127643"
"ENSMUSG00000120285.2",19.3044101957457,-1.70117166338501,0.32608946748748,-5.21688626281783,0.0157679909318299,0.200601308163618,"Gm30439"
"ENSMUSG00000002602.17",2948.1963713317,1.33428941638099,0.155801444976703,8.56403749387888,0.0159519822295861,0.202792943818001,"Axl"
"ENSMUSG00000097828.3",31.9830201890049,1.4288605259935,0.200453945024241,7.12812374842861,0.0161997551597296,0.205791603358034,"6430562O15Rik"
"ENSMUSG00000020682.18",474.176906725268,1.53475051836827,0.250189707269877,6.13434715246999,0.0162835415909748,0.206603127887977,"Mmp28"
"ENSMUSG00000129181.1",22.8042442353478,1.52964430429106,0.247812050831858,6.17259854456771,0.0162875197340886,0.206603127887977,"ENSMUSG00000129181"
"ENSMUSG00000079227.11",87.8460809752372,-1.90772251418976,0.425370251669288,-4.48485174199007,0.0164230842310621,0.208170112355925,"Ccr5"
"ENSMUSG00000038457.18",46.1338575536482,-1.6829203412009,0.320102412415743,-5.25744348035452,0.0164441898723683,0.208285046245766,"Tmem255b"
"ENSMUSG00000040998.19",1432.95189092169,1.42242472885491,0.198064190203202,7.18163504162761,0.0164719305641179,0.208483791236553,"Npnt"
"ENSMUSG00000057228.7",9.32796343239916,-1.37503686973924,0.17603221189932,-7.81127984988157,0.0165651211501509,0.209510033728005,"Aadat"
"ENSMUSG00000043013.11",105.479397451672,-1.33474003930367,0.157549115240949,-8.471898031686,0.0168070366366167,0.212414425045101,"Onecut1"
"ENSMUSG00000046223.11",220.509791005809,1.37591168005313,0.177049326502455,7.77134659156159,0.0168684178821493,0.213034573866385,"Plaur"
"ENSMUSG00000006235.7",22.3329625726738,1.41408218335642,0.195517339516343,7.23251547333082,0.0170926331673597,0.215708781226592,"Epor"
"ENSMUSG00000109394.4",370.387792285307,-1.39029121310064,0.184478000116055,-7.53635236844505,0.017187216374611,0.216744327779534,"A230057D06Rik"
"ENSMUSG00000039891.7",183.111421590944,1.38592040035399,0.182659337239148,7.58745992020907,0.0173094716103293,0.217968324455544,"Txlnb"
"ENSMUSG00000075224.11",63.2873697647843,-1.51353592210846,0.243039034288026,-6.22754252847615,0.0173013625274267,0.217968324455544,"Lrrc55"
"ENSMUSG00000018800.15",1212.96001919235,-1.54184845237221,0.256640526844692,-6.00781361902856,0.0173727134252732,0.218605591042965,"Abca5"
"ENSMUSG00000018372.14",691.913407946647,1.37537921471292,0.17826148280996,7.71551539363766,0.0176117945249082,0.221452957027588,"Cep95"
"ENSMUSG00000063286.10",56.9078648128978,-1.8998957719949,0.42861586184506,-4.43263056998504,0.0178847012743835,0.224721206571811,"Gvin-ps7"
"ENSMUSG00000041607.18",4787.39175329399,1.77273414501673,0.368117282436655,4.81567758319465,0.0179017500397424,0.22477219099247,"Mbp"
"ENSMUSG00000028073.17",616.669578065298,1.51715499841008,0.246862943273889,6.1457381099391,0.018089613943431,0.226801811919742,"Pear1"
"ENSMUSG00000067071.9",2932.84638964507,-1.23624985119963,0.112767814587199,-10.9627898325873,0.0180849918777814,0.226801811919742,"Hes6"
"ENSMUSG00000000560.10",467.799953404998,-1.6836231710299,0.326850884559048,-5.1510436427341,0.0182396407056016,0.228517207449905,"Gabra2"
"ENSMUSG00000073805.6",154.859301841977,-1.41112931907794,0.197059435772793,-7.16093250518059,0.0184747594660314,0.23129543290975,"Insyn2a"
"ENSMUSG00000039680.11",2880.37304970663,1.27359828591089,0.131879890969657,9.65725916625092,0.0190117181780776,0.237845804712291,"Mrps6"
"ENSMUSG00000116498.4",13.6117908002925,-1.43341202207009,0.209218947284154,-6.85125339113423,0.0191527070002811,0.239436514825769,"Gm38563"
"ENSMUSG00000031028.15",120.47437957196,-1.77890486216214,0.376389935119283,-4.72622856293536,0.0192538435364821,0.240527076439143,"Tub"
"ENSMUSG00000040841.6",173.525609489397,1.31202451712904,0.151230036382798,8.67568737342632,0.0195447095099241,0.243984533867754,"Six5"
"ENSMUSG00000024197.11",404.035758256765,1.53947263024378,0.262442621489166,5.86593984433024,0.0199113567271759,0.248382331718528,"Plin3"
"ENSMUSG00000042613.10",6284.63981581579,1.25365779991488,0.123441696024855,10.1558698582889,0.0199453266696828,0.248626831440095,"Pbxip1"
"ENSMUSG00000029570.6",1086.73607700476,1.39351919326021,0.191695851756681,7.26942800530186,0.0200444838636962,0.24968298042453,"Lfng"
"ENSMUSG00000085007.4",231.123047070833,1.62767381929052,0.306342855715015,5.31324230000882,0.0202346793765324,0.251870807606304,"Smim43"
"ENSMUSG00000041594.19",231.665250839825,1.3451388132294,0.168573026493858,7.9795613877669,0.0203087151858251,0.252610632742737,"Tmtc4"
"ENSMUSG00000028082.15",12433.0348030226,-1.22336836549256,0.109369394311245,-11.1856554861324,0.0205594175067972,0.255361838982488,"Sh3d19"
"ENSMUSG00000041552.8",63.5736966005681,-1.4529902870404,0.221795134973349,-6.55104669998729,0.0205568502245794,0.255361838982488,"Ptchd1"
"ENSMUSG00000096834.9",182.013510417647,-1.95475130203718,0.46890359372029,-4.16877014425961,0.020868370353009,0.259013302616759,"Gm15127"
"ENSMUSG00000041351.17",2196.86379709559,-1.26076589396566,0.128193136687615,-9.83489386828817,0.0209675195591503,0.260057364453347,"Rap1gap"
"ENSMUSG00000027329.10",423.401209122531,-1.13814543910554,0.0685275840817903,-16.6085738225811,0.0219046961030787,0.271486426916524,"Spef1"
"ENSMUSG00000097403.4",36.9814267796886,-1.24418092487486,0.121202378976383,-10.2653176891627,0.0219704284959596,0.272106194586322,"9230116N13Rik"
"ENSMUSG00000022094.16",1475.5278209625,1.18360086065315,0.0911947004479098,12.978833801085,0.0220423633826315,0.272801839231967,"Slc39a14"
"ENSMUSG00000026828.12",9.85576495762485,-1.55053654946155,0.273537686736143,-5.66845675988043,0.0220755536038192,0.273017318408349,"Galnt5"
"ENSMUSG00000052131.8",12.0639162780695,1.71985772635561,0.35829717585036,4.80008730817875,0.0222628401275819,0.275136899919587,"Akr1b7"
"ENSMUSG00000028572.14",522.239477665121,-1.35021330473476,0.174406902457978,-7.74174236057019,0.022320352768145,0.275650780581331,"Hook1"
"ENSMUSG00000091472.4",66.108436291282,-1.55398130846061,0.27606176997951,-5.62910724138279,0.0223892344775361,0.276304233188537,"Gm3739"
"ENSMUSG00000036062.14",278.170855741713,-1.63912366595514,0.318554997429306,-5.1454966306686,0.0224109912313981,0.276375602484427,"Phf24"
"ENSMUSG00000069793.13",3960.64932372417,-1.24973493464199,0.124682657946031,-10.0233260601722,0.0225905507985552,0.278391531279631,"Slfn9"
"ENSMUSG00000115480.3",10.2447358138388,1.51098616217773,0.255241141341985,5.91983782172966,0.0226437569037657,0.278848599251925,"Gm49249"
"ENSMUSG00000028698.14",4773.15531845303,-1.3287377908705,0.164624577117529,-8.07132090563781,0.0229183625745847,0.28202952294841,"Pik3r3"
"ENSMUSG00000108601.2",272.821745840877,-1.28046753617819,0.140491900495669,-9.11417335562109,0.0229492626564011,0.282209056489731,"Gm44645"
"ENSMUSG00000019768.17",160.015644367941,-1.38604752781132,0.193989040397348,-7.14497852544801,0.0232928167228874,0.286230337314913,"Esr1"
"ENSMUSG00000021260.9",26.6062544864103,1.7100227054235,0.357156524325561,4.78788035204631,0.0234065362997703,0.287219780892643,"Hhipl1"
"ENSMUSG00000021534.9",13.8656380296333,-1.53025700917486,0.266721108242885,-5.73729248223339,0.0234026428030028,0.287219780892643,"Cfap90"
"ENSMUSG00000106917.2",23.2225565708373,1.23845870127844,0.119974230785906,10.322705910809,0.0234289325735697,0.287290851444297,"Gm7832"
"ENSMUSG00000025017.11",195.886400217144,-1.63579971401061,0.320024230743173,-5.11148705900142,0.0234765136772262,0.287670424676606,"Pik3ap1"
"ENSMUSG00000129695.1",375.42181923472,-1.19183837405215,0.0965958546127968,-12.3384008436968,0.0235172328103854,0.287965436719949,"ENSMUSG00000129695"
"ENSMUSG00000037887.12",848.60500875638,-1.26377822766777,0.132864959801944,-9.51174959561672,0.0235549566033735,0.288223379880883,"Dusp8"
"ENSMUSG00000025488.10",47.121139614071,1.61803163894581,0.311904349271578,5.1875892167729,0.0237688411896029,0.290634975450537,"Cox8b"
"ENSMUSG00000120007.2",27.2985814617421,1.55274506813323,0.279521623794659,5.55500875765484,0.0239943767326379,0.293185526997246,"Gm17619"
"ENSMUSG00000078451.6",26.0279788615976,1.46387847974204,0.234851471152691,6.23320974979237,0.0241227632436863,0.294338539945176,"Ppil6"
"ENSMUSG00000143383.1",28.3923741487873,-1.22380748004741,0.113295503948896,-10.8019068488316,0.0241096141593915,0.294338539945176,"ENSMUSG00000143383"
"ENSMUSG00000074673.16",18.0940575439899,-1.34975077340048,0.177146025715184,-7.61942452816078,0.0241701721901442,0.294709174935782,"Ttll9"
"ENSMUSG00000033446.8",618.164289239963,1.25701224356793,0.130445725887831,9.6362853977203,0.0244041813622079,0.297050797079256,"Lpar6"
"ENSMUSG00000042759.13",68.1676825925669,1.50807314917331,0.257931893239688,5.84678819758015,0.0244308914717247,0.297050797079256,"Apobr"
"ENSMUSG00000056602.14",569.420723221541,-1.40043141986928,0.203239198777979,-6.89055766943429,0.0244050351963505,0.297050797079256,"Fry"
"ENSMUSG00000069372.4",39.2061620074907,1.78182282280626,0.396868594049469,4.48970477765786,0.0244203848205068,0.297050797079256,"Ctxn3"
"ENSMUSG00000072955.15",17.7244714211767,-1.64316002648203,0.326919626312778,-5.02618960205817,0.0245723711529196,0.298561211859421,"Tmsb15l"
"ENSMUSG00000041809.6",166.571998338289,1.26424905801866,0.134472694142558,9.40152992456891,0.0247027234953955,0.299934401345497,"Efhc1"
"ENSMUSG00000085881.5",14.3584685379795,-1.50156096160043,0.255646565750516,-5.87358158789348,0.0248852501097845,0.301938707853781,"Gm15912"
"ENSMUSG00000074807.4",286.027438136371,-1.17531910532262,0.0894204580114018,-13.1437383733011,0.0249619664588643,0.30265728358183,"Gm10762"
"ENSMUSG00000027577.15",51.0905156612234,-1.57106544597702,0.291749081802624,-5.38498848486485,0.0251510762266244,0.304736639266846,"Chrna4"
"ENSMUSG00000114833.3",8.94688337772932,1.50912684239317,0.2602873084258,5.79792711185293,0.0252314756925824,0.305496845649448,"Gm41192"
"ENSMUSG00000067916.10",69.6384971667937,-1.73269001994883,0.374874093335304,-4.62205858114349,0.0253212773352376,0.306369748569427,"Zfp991"
"ENSMUSG00000026839.18",61.7952889071687,-1.49418642749264,0.253491076290848,-5.89443403434943,0.0256165596679163,0.30950957777534,"Upp2"
"ENSMUSG00000116760.3",59.8958151511529,1.55498847582951,0.28466249744059,5.46256879571585,0.0256097129824141,0.30950957777534,"Gm1604a"
"ENSMUSG00000052854.16",170.709454736261,-1.57228588281166,0.293991195882755,-5.34807131924692,0.0257908195007155,0.311397598744857,"Nrk"
"ENSMUSG00000121005.1",35.0821086199164,1.4004733620042,0.205981814845484,6.79901457832458,0.0259346396503294,0.312869282098601,"Gm56769"
"ENSMUSG00000126201.1",11.9340989068806,-1.34438843121245,0.177156278702137,-7.58871455791217,0.0259488741077039,0.312869282098601,"ENSMUSG00000126201"
"ENSMUSG00000056313.6",2004.10739555239,1.46468040641322,0.23935826458601,6.11919713299438,0.0261073522835616,0.314560869923526,"Tcim"
"ENSMUSG00000024266.9",79.9111611463223,-1.69129465639523,0.357409857736115,-4.73208732156445,0.0265455591058388,0.319618137542952,"Adad2"
"ENSMUSG00000105265.8",482.297963904346,-1.25321277149295,0.131278670386589,-9.54620250039471,0.0268766786423797,0.32337989838001,"Sox2ot"
"ENSMUSG00000034684.13",605.776768080139,1.24235766488317,0.125768514349929,9.87812944523245,0.0269889540220854,0.324279779507029,"Sema3f"
"ENSMUSG00000038526.15",278.288668673261,1.51767686015068,0.268616538608467,5.64997549299387,0.0269775713525129,0.324279779507029,"Car14"
"ENSMUSG00000071745.2",12.450172858022,1.98110143399764,0.509664562972917,3.88706921752948,0.0271150313478193,0.325568544330305,"Pwwp4b"
"ENSMUSG00000027015.5",25.7655442761267,-1.40245419497973,0.210210032503506,-6.6716805961977,0.0277759975817616,0.333273446712649,"Cybrd1"
"ENSMUSG00000041025.16",2155.14196941106,1.19463329504402,0.101770288403564,11.738527165284,0.027907545664303,0.334619788692842,"Iffo2"
"ENSMUSG00000081683.6",33.231069041214,1.85849483445315,0.44985513169569,4.13131851457982,0.0281710172405809,0.337544972504522,"Fzd10"
"ENSMUSG00000037411.12",162.405504393348,1.38410063572715,0.201548293127894,6.86733990274408,0.0283413321066089,0.339350676891729,"Serpine1"
"ENSMUSG00000009876.14",24.2503827536683,1.79031522096363,0.414812726649669,4.31596020552101,0.0283748442268905,0.339516981198934,"Cox4i2"
"ENSMUSG00000050248.12",195.617251407823,-1.60882971126131,0.320075041949947,-5.02641412295088,0.0285759839208901,0.341687404145985,"Evc2"
"ENSMUSG00000045136.7",21706.9884501706,-1.19765787099478,0.104098104057745,-11.5050882226484,0.0287976687142687,0.344100320507097,"Tubb2b"
"ENSMUSG00000056553.15",376.903838023658,-1.29868660806523,0.157693554941526,-8.23550847431141,0.0291061862881865,0.347546746140927,"Ptprn2"
"ENSMUSG00000034845.7",1750.52502394017,1.24016208247604,0.126839467502664,9.77741476603091,0.029150129521155,0.347831407568982,"Plvap"
"ENSMUSG00000113216.4",466.851515244736,-1.24122468500013,0.127607670019562,-9.7268815017926,0.0293547837678319,0.350032025328068,"Gm40841"
"ENSMUSG00000020524.17",455.759564348595,2.11021723762924,0.587979195862648,3.58893180656376,0.029500193907304,0.35152366045742,"Gria1"
"ENSMUSG00000030674.6",9.87091239608423,1.50319777203719,0.266799413784683,5.63418693734584,0.0296439223133564,0.352993216700408,"Qprt"
"ENSMUSG00000116237.3",19.3878868269806,1.39970331368944,0.212642847683512,6.58241426381149,0.0300749517996566,0.357879515844332,"Gm30339"
"ENSMUSG00000034394.15",116.033442570946,1.44784833414918,0.238509316009989,6.07040579533818,0.0302112829762381,0.359254720312627,"Lif"
"ENSMUSG00000020333.18",713.589392135418,-1.35148716472748,0.187454479262068,-7.20968189209316,0.0303926865451635,0.360915760195208,"Acsl6"
"ENSMUSG00000048347.6",671.815084549931,-1.24366323761402,0.129943792409309,-9.57077836928618,0.0303865028931455,0.360915760195208,"Pcdhb18"
"ENSMUSG00000097134.4",19.3578007088439,-1.42582264930015,0.227229680796386,-6.27480813379214,0.0304669633146887,0.361549656564296,"1110002J07Rik"
"ENSMUSG00000053310.12",523.516749310836,-1.70903416716839,0.378497987298581,-4.51530582597313,0.0305145993488415,0.361866756637186,"Nrgn"
"ENSMUSG00000040950.14",69.9485162238082,1.52932681065024,0.283117543391318,5.40173806374281,0.030767176706369,0.364612117379175,"Mgl2"
"ENSMUSG00000000958.11",140.508856792744,1.33113862492583,0.177174805054781,7.51313723480182,0.0308118334738016,0.364891405040188,"Slc7a7"
"ENSMUSG00000039257.12",157.946199876115,-1.47299735088093,0.253236841353296,-5.81667873840646,0.0308945421292814,0.365620634692768,"Vstm2b"
"ENSMUSG00000078695.9",86.1593028342559,-1.65996657203519,0.353964796067418,-4.68963747377586,0.031125917398742,0.368107055935088,"Cisd3"
"ENSMUSG00000126077.1",10.7859876565066,1.64346559059297,0.345536831991976,4.75626746103621,0.0312860449919571,0.36974805358664,"ENSMUSG00000126077"
"ENSMUSG00000100596.3",23.6339622443206,-1.42925831217801,0.23058951216444,-6.19827978628432,0.0313319256200355,0.3700375270156,"Gm29502"
"ENSMUSG00000024347.17",503.171263863135,-1.33970824366226,0.182602121822701,-7.33676164487869,0.0314163137728411,0.370781078374964,"Psd2"
"ENSMUSG00000117605.4",27.8953940927369,1.36521979538597,0.196420169539468,6.95050716322511,0.0314866254894405,0.371357596604157,"Gm50097"
"ENSMUSG00000052331.15",761.011352377272,-1.20337454324535,0.109453149540482,-10.9944259100582,0.0315776369725048,0.372177298977028,"Ankrd44"
"ENSMUSG00000029605.18",52.5797533964004,-1.39779558003701,0.214333562148734,-6.52158983419977,0.0317292766969295,0.373709969646204,"Oas1b"
"ENSMUSG00000072419.6",28.2531558198158,1.64001325534451,0.346241022348948,4.73662318872107,0.0322677928443268,0.379794116865676,"Dppa2"
"ENSMUSG00000053129.6",36.5953174332562,-1.63289000045911,0.34401640183454,-4.7465469429695,0.032905500736586,0.387036691872476,"Gsx1"
"ENSMUSG00000047495.16",108.569688179876,1.64773826629532,0.352486187082178,4.67461797562912,0.033058666144661,0.388574077197639,"Dlgap2"
"ENSMUSG00000110723.2",57.6256606104524,-1.42773404522077,0.233273918170192,-6.12041867526365,0.0333557444694425,0.391799790095243,"Gm49353"
"ENSMUSG00000032020.16",1671.87500172326,1.2351348145719,0.128274449875163,9.62884515017557,0.0333967945524897,0.392015834021151,"Ubash3b"
"ENSMUSG00000097040.9",379.34236285134,-1.4192553937093,0.229271915426513,-6.19027145592195,0.033726909470757,0.395622364517314,"2610316D01Rik"
"ENSMUSG00000030701.18",1477.41295016465,-1.35697727293692,0.195683157455532,-6.93456345748757,0.0340562652313053,0.399215109100301,"Plekhb1"
"ENSMUSG00000039087.18",1471.89061528418,1.27014094909809,0.148156344417272,8.572977108026,0.0341251588860645,0.399751861236755,"Rreb1"
"ENSMUSG00000042429.10",535.30358745403,-1.47868426273905,0.262607412266172,-5.6307788496095,0.0341658423934049,0.399957648911158,"Adora1"
"ENSMUSG00000098087.4",26.8108249758536,-1.49052170475214,0.269445515946925,-5.53181113262891,0.0343425371180191,0.401754278036488,"Gm17750"
"ENSMUSG00000138595.1",13.3496844066217,1.73009226629813,0.401892491544437,4.30486337191705,0.0346364531039544,0.40491885919231,"ENSMUSG00000138595"
"ENSMUSG00000021464.16",26.5953536878022,-1.97408758836109,0.537721593914285,-3.67120757414806,0.0350310528011681,0.409255419018103,"Ror2"
"ENSMUSG00000025780.8",100.285694899256,-1.75606570360404,0.41754289676454,-4.20571327451971,0.035089797579895,0.409665099681068,"Itih5"
"ENSMUSG00000036390.9",2252.90074760233,1.29525150155553,0.163142370878158,7.93939363871868,0.0351650972022838,0.410267371405202,"Gadd45a"
"ENSMUSG00000032503.19",828.890080662358,-1.42028170440142,0.232368783048611,-6.11218807349134,0.0352500535720249,0.410981419746075,"Arpp21"
"ENSMUSG00000120741.2",428.777381253233,-1.2562869655504,0.14174633250151,-8.86292395280856,0.0352979821828787,0.411263089379237,"Gm33302"
"ENSMUSG00000047428.15",39.1559402301202,-1.45548606647275,0.25216616832271,-5.77193235775422,0.0354362670185573,0.412338684794085,"Dlk2"
"ENSMUSG00000072875.3",336.612572918339,-1.34303365330775,0.189912553611639,-7.07185295425064,0.0354379623331872,0.412338684794085,"Gpr27"
"ENSMUSG00000050541.15",122.781333720268,1.57596982910721,0.321189984956758,4.90665930732363,0.0364675021487778,0.424032743399297,"Adra1b"
"ENSMUSG00000026255.16",264.762022183875,1.49251329491525,0.275295896605717,5.42148761865802,0.0368047941053497,0.427513832247448,"Efhd1"
"ENSMUSG00000058966.14",277.467107620733,-1.22847640782028,0.12771968098363,-9.61853645702216,0.0368162992745751,0.427513832247448,"Tlcd3b"
"ENSMUSG00000020577.18",1475.38557839548,-1.2838904074053,0.158937796479407,-8.07794266590103,0.0370356222739929,0.429484139802027,"Tspan13"
"ENSMUSG00000056938.18",247.48575548469,1.22184654791422,0.124197028227363,9.83796927634556,0.0370296508781693,0.429484139802027,"Acbd4"
"ENSMUSG00000020020.9",44.5597429072492,1.61648819835583,0.345671834521874,4.67636653299138,0.0372565953974553,0.431757276334073,"Usp44"
"ENSMUSG00000111713.4",20.6449267951335,-1.63294435506093,0.355097208777003,-4.59858403473512,0.0373376326478391,0.432406773810517,"Gm20234"
"ENSMUSG00000033350.8",8541.07020478334,1.29559129112653,0.166709471171898,7.77155180218052,0.0381067011576806,0.441018156140596,"Chst2"
"ENSMUSG00000063605.6",302.355859072428,1.39201845822805,0.221482214662436,6.28501236701847,0.0383654739725378,0.443716196973829,"Ccdc102a"
"ENSMUSG00000049100.16",6085.48728952441,-1.34899034973502,0.197238862417855,-6.83937401178655,0.0384153033243346,0.443995710165423,"Pcdh10"
"ENSMUSG00000034295.12",254.658226548322,-1.33962678470977,0.192210653051627,-6.96957615741494,0.0386182265161583,0.446043094247377,"Fhod3"
"ENSMUSG00000106820.4",10.0272894534751,1.45370983909152,0.256990307280575,5.65667185846196,0.0387420245229386,0.447174455167368,"D5Ertd605e"
"ENSMUSG00000029544.17",256.615170975813,1.35987362989138,0.204011062772722,6.66568573002507,0.0388667673433302,0.44830360856632,"Cabp1"
"ENSMUSG00000035783.10",1382.58585321996,1.62497081146953,0.354353113532839,4.58573877133138,0.0388916724342877,0.44830360856632,"Acta2"
"ENSMUSG00000031375.19",1808.18034179209,-1.44903185242947,0.254761846759644,-5.6877898745826,0.0389877578399712,0.44911197479839,"Bgn"
"ENSMUSG00000112454.2",31.7525435793598,-1.46076486669101,0.261774360971544,-5.58024422739322,0.0391903061804286,0.451144828698454,"Gm48619"
"ENSMUSG00000110862.3",25.082395886281,-1.39812525911813,0.226986599467944,-6.15950572586808,0.0397187399046586,0.456923961323406,"Gm35835"
"ENSMUSG00000092536.4",10.6588629059432,-1.43593388257234,0.248734478985153,-5.77295873266548,0.0398347121447249,0.457953614304338,"Gm20501"
"ENSMUSG00000120979.2",12.3083281325045,-1.43465388134474,0.248307840698862,-5.77772283511835,0.0400191594345592,0.459768589997838,"Gm56718"
"ENSMUSG00000031387.15",1033.30019891419,1.2113987546375,0.121115527798249,10.0020102843907,0.0404549670049079,0.46446704652881,"Renbp"
"ENSMUSG00000030782.18",432.617779296586,-1.44501854923573,0.255601856785459,-5.6533961349452,0.0408364004895616,0.46853541198302,"Tgfb1i1"
"ENSMUSG00000003420.9",1203.42971924204,1.3535304660886,0.203556920440165,6.64939547700845,0.0412143594912686,0.472245594647636,"Fcgrt"
"ENSMUSG00000029212.12",208.364884899702,-1.93600429549256,0.538904975383421,-3.59247805072709,0.0412056732731859,0.472245594647636,"Gabrb1"
"ENSMUSG00000039899.6",222.713531875802,-1.36938792355713,0.212917119781727,-6.43155385983503,0.0413800864510535,0.473830745053692,"Fgl2"
"ENSMUSG00000055737.13",224.830405379411,-1.35999062642682,0.207796665440177,-6.54481448749883,0.0415996071570635,0.476029367084334,"Ghr"
"ENSMUSG00000039601.17",1104.45745968992,-1.35267230208163,0.203685531727161,-6.64098372923976,0.0416853353792126,0.476695091031816,"Rcan2"
"ENSMUSG00000096993.6",14.811458306091,1.39793973878142,0.229874368680028,6.08132062225376,0.0417153287039306,0.476722996852977,"Gm26787"
"ENSMUSG00000111147.3",31.987280640344,-1.55182367437901,0.31898033560519,-4.86495091126791,0.0418185841690758,0.477587553328944,"Gm33699"
"ENSMUSG00000102548.3",68.2218044012003,-1.29596704019694,0.171129174943859,-7.57303388286714,0.0418602766847488,0.47774835567251,"Gm16701"
"ENSMUSG00000041649.14",33.7228231953632,-1.54353914616483,0.314851068672174,-4.9024421377206,0.0421433736367721,0.48066226147886,"Klf8"
"ENSMUSG00000026475.8",56.5816490447493,-1.40656905478555,0.236262208468338,-5.95342379936335,0.0426400860658374,0.486007094276099,"Rgs16"
"ENSMUSG00000029373.8",218.877352007446,1.5400517633466,0.314380118705211,4.89869324335574,0.0429137663012827,0.488804466454769,"Pf4"
"ENSMUSG00000028654.14",424.952246930458,-1.24452553384841,0.142421962034223,-8.7382979146809,0.0429979094536211,0.489440677214837,"Mycl"
"ENSMUSG00000025855.14",869.83203195489,-1.35971711618998,0.209574855226232,-6.48797831553882,0.0430431913521601,0.489633988675263,"Prkar1b"
"ENSMUSG00000001761.8",3479.39251910323,1.34941352216182,0.20395302604093,6.61629566550789,0.0433373357202996,0.492656098970186,"Smo"
"ENSMUSG00000090558.3",12.9225114064583,-1.37892174345573,0.221257082042479,-6.23221517126847,0.0433943810122521,0.49298068304267,"Gm17202"
"ENSMUSG00000027820.13",33.9635962937855,1.71436590731942,0.417321026590221,4.10802667032352,0.0434676994960449,0.493489590997749,"Mme"
"ENSMUSG00000029408.14",220.590991215171,-1.28678120758575,0.167620952655135,-7.6767324561935,0.0435506025999794,0.494106574547439,"Abcb9"
"ENSMUSG00000052920.17",1285.19002542465,1.23477058287,0.137372937182052,8.98845586473579,0.0437253174981458,0.495763724346605,"Prkg1"
"ENSMUSG00000038152.7",11.8185453081374,-1.43088637365802,0.25242334962005,-5.66859752004641,0.0439111308104288,0.497544456635258,"5033430I15Rik"
"ENSMUSG00000028086.16",1886.46102220047,-1.17475333214809,0.102662784219816,-11.4428353085844,0.0443582652403819,0.502281875123748,"Fbxw7"
"ENSMUSG00000031594.10",12.0577277977511,-1.54095338197639,0.318032497760285,-4.8452701935444,0.0444773677967077,0.503301123360783,"Fgl1"
"ENSMUSG00000045763.9",7205.63722988893,-1.33054883646924,0.194422546608964,-6.84359329551079,0.0445507072962455,0.503472460901136,"Basp1"
"ENSMUSG00000054545.18",404.479395423109,1.47064155431867,0.276805100887676,5.31291348895855,0.0445407051690213,0.503472460901136,"Ugt1a6a"
"ENSMUSG00000020263.15",5801.86943520681,1.22565373600966,0.133167320702953,9.2038627009973,0.0450839360842552,0.509165967447639,"Appl2"
"ENSMUSG00000059049.16",774.970537312599,1.32843504154249,0.194021788907464,6.84683431187241,0.0452492458241353,0.510699576809647,"Frem1"
"ENSMUSG00000136675.1",7.91258861481204,1.37973062085698,0.224563649990584,6.14405145674658,0.0454211703007092,0.512305794356499,"ENSMUSG00000136675"
"ENSMUSG00000117873.2",13.8325566344229,2.41358650096884,0.839193466171238,2.87607875688148,0.0460702940809128,0.519288748005181,"Gm45928"
"ENSMUSG00000043857.17",1325.55524528259,-1.30782320100029,0.182991289175412,-7.14691506297132,0.046267545702851,0.520889465646593,"Mgat5b"
"ENSMUSG00000097431.5",64.970660107998,-1.36242651372034,0.215457825454218,-6.32340232176825,0.0462725181307834,0.520889465646593,"Gm26782"
"ENSMUSG00000089768.3",17.0405654037776,-1.46547063417927,0.278660089815726,-5.25899003028515,0.0474212529454059,0.53347367910365,"Tmsb15b1"
"ENSMUSG00000002341.9",13646.3697913825,-1.2527719177575,0.151403092660768,-8.27441431836833,0.0475062522620678,0.534082635892331,"Ncan"
"ENSMUSG00000021747.13",537.681442991257,1.19083996029475,0.1144583052404,10.4041376271787,0.0477242336272862,0.53618486377877,"Cfap20dc"
"ENSMUSG00000093593.2",90.8678159099116,-1.34588853677337,0.207735522039602,-6.4788560163379,0.0479521078862364,0.538395438447542,"Gm20683"
"ENSMUSG00000079410.5",16.2273125198352,-1.82651995187867,0.497994436621125,-3.66775172082553,0.0484877024579566,0.544055919537979,"Gm2897"
"ENSMUSG00000142392.1",30.8569120405138,-1.42649873926053,0.257836359380272,-5.53257400426079,0.0490490216275849,0.549997519248525,"ENSMUSG00000142392"
"ENSMUSG00000044505.6",93.9903241544248,-1.28027716493338,0.169596813026709,-7.54894589164101,0.0492052654199405,0.551392164699359,"Lingo4"
"ENSMUSG00000022504.11",55.9210904306732,-1.45657216897792,0.276775559558056,-5.26264736418098,0.0495112021844117,0.554461372294298,"Ciita"
"ENSMUSG00000071636.9",100.594982747592,-1.13165224926483,0.0798439630989726,-14.1732975837141,0.0495872200805556,0.554953481134394,"Rimbp3"
"ENSMUSG00000049804.10",3550.85483758767,-1.19621252147374,0.119251038558747,-10.031044894292,0.0499463857944757,0.558611743384627,"Armcx4"
"ENSMUSG00000039963.21",56.2900488638829,-1.45560851790491,0.27725857392026,-5.25000362413877,0.0501643538366332,0.560687112455702,"Ccdc40"
"ENSMUSG00000022816.12",11106.3447347982,1.25160699999099,0.153265513902432,8.16626629254485,0.0503321799525497,0.562199727268569,"Fstl1"
"ENSMUSG00000051279.3",19.4948680424815,-1.76101571242239,0.464452132598941,-3.79159786083499,0.0506562741724663,0.565454745633555,"Gdf6"
"ENSMUSG00000033644.6",125.852311751634,1.41203534316516,0.252062789437021,5.60191905484707,0.0510608435313742,0.569603297730391,"Piwil2"
"ENSMUSG00000129024.1",14.6557299253409,1.39421810239413,0.241530406666935,5.77243305153178,0.0513220928639703,0.572148744028618,"ENSMUSG00000129024"
"ENSMUSG00000035279.9",1634.80295421687,1.22608317167571,0.138558587873036,8.84884286493447,0.0513735375651617,0.57235347517864,"Ssc5d"
"ENSMUSG00000001506.11",341.175228875398,-1.48011137056668,0.294658120131399,-5.02314808058453,0.0516158251225443,0.574682758217672,"Col1a1"
"ENSMUSG00000027314.7",26.3140080772758,-1.43827613254964,0.26923903519528,-5.34200448128354,0.0517801717812739,0.576141821324502,"Dll4"
"ENSMUSG00000020061.19",1329.65752075632,-1.81357197578417,0.500129838208306,-3.62620231234595,0.0518981361851916,0.577083259817599,"Mybpc1"
"ENSMUSG00000133162.1",60.5435098360147,-1.29025312530626,0.178617362883802,-7.22355937001279,0.052081332726863,0.578748374335378,"ENSMUSG00000133162"
"ENSMUSG00000128213.1",17.2835446895823,-1.30628217775484,0.188956509655829,-6.91313667962084,0.052518084036555,0.583227143774374,"ENSMUSG00000128213"
"ENSMUSG00000121172.2",14.6043133979982,1.46815696197262,0.289415075555294,5.07284203891486,0.0528747365334057,0.586811219692742,"Gm57324"
"ENSMUSG00000022217.15",38.642343986191,-1.60159147658366,0.373801529539139,-4.28460386065908,0.0537658279261504,0.596318176139907,"Emc9"
"ENSMUSG00000108713.4",18.7401587193236,-1.38625994075267,0.241135602997747,-5.74888122499947,0.0545958248761758,0.605135786039457,"Gm33027"
"ENSMUSG00000087236.4",10.4728467374737,-1.3700955570012,0.231370107248111,-5.92166193505704,0.0548456250492067,0.607515367862596,"Kif28"
"ENSMUSG00000024066.10",961.728570162207,1.45025375606258,0.281674129140046,5.14869349375541,0.0549667961478686,0.607871927102976,"Xdh"
"ENSMUSG00000027070.15",41.1320501466414,-1.407378283195,0.254875213912347,-5.52183267094385,0.0549832138432642,0.607871927102976,"Lrp2"
"ENSMUSG00000056917.14",1228.82471383719,1.26939396473174,0.168523063074786,7.5324643498108,0.0549593752811353,0.607871927102976,"Sipa1"
"ENSMUSG00000028251.6",453.520650640096,-1.16196438514564,0.101415670379568,-11.4574442075544,0.0551289418395585,0.608705138294857,"Tstd3"
"ENSMUSG00000117840.3",28.8893518177797,1.24929063172558,0.156066841832144,8.00484341875283,0.0550958099127714,0.608705138294857,"Gm50399"
"ENSMUSG00000083097.4",144.276822303477,1.2608214250735,0.163425246839516,7.71497335605455,0.0552479958175134,0.609630627317995,"Gm14494"
"ENSMUSG00000000876.12",183.218669752185,1.29267050453317,0.183908125338221,7.02889283524505,0.0557603340073341,0.614891841296937,"Pxmp4"
"ENSMUSG00000074151.15",695.540242752537,-1.39579713165565,0.248761538108624,-5.61098448847092,0.0557968612636406,0.614902734766567,"Nlrc5"
"ENSMUSG00000085684.4",13.918277855125,-1.49974511327348,0.31473252877304,-4.76514175106119,0.056161184753501,0.618523754681779,"4930469K13Rik"
"ENSMUSG00000013766.12",10.6281570132519,1.39019561321436,0.246119153380353,5.64846577001647,0.0564385213441715,0.621182758458559,"Ly6g6e"
"ENSMUSG00000120732.2",1830.90834274295,-1.1574230839557,0.0999929484321399,-11.5750470618554,0.0577042191329508,0.634709726279921,"Gm56936"
"ENSMUSG00000021978.10",6913.73752944261,1.12414215660638,0.0789872723764656,14.2319404479312,0.0580132133825694,0.6377030609563,"Extl3"
"ENSMUSG00000021983.17",130.135432186234,-1.41888625832733,0.266743269570767,-5.31929544318232,0.058164254189718,0.638957413327302,"Atp8a2"
"ENSMUSG00000120092.2",16.4605338753829,-1.2783109092546,0.177283271592118,-7.21055572685759,0.058223191215171,0.639199019292443,"Gm57162"
"ENSMUSG00000043448.14",42.2223859000727,1.30550947783646,0.194661652098604,6.70655706330474,0.058272907571156,0.63933915459489,"Gjc2"
"ENSMUSG00000026981.16",30.7230079588187,1.56880224949358,0.363086586289807,4.32073865775202,0.0586070710644319,0.642597936347782,"Il1rn"
"ENSMUSG00000121054.2",22.2325520087127,-1.22648734066858,0.145013342377529,-8.45775513176942,0.0591630851294012,0.648283533191197,"C030010C08Rik"
"ENSMUSG00000120820.2",25.3724761929923,1.42830824868454,0.27434071370657,5.20632985672054,0.059235049034511,0.648661277465259,"1700031C06Rik"
"ENSMUSG00000021959.17",2880.72486120194,1.17086634725204,0.109738584516738,10.6695958619136,0.0597315960010109,0.653685056299488,"Lats2"
"ENSMUSG00000031549.17",12.7374916917583,-1.38944296589061,0.250488610951539,-5.5469306992142,0.0600048091159496,0.656259928776334,"Ido2"
"ENSMUSG00000021265.4",447.947941121113,1.216688139128,0.139478701650061,8.72311058774089,0.0601450393698834,0.657378061388327,"Slc25a29"
"ENSMUSG00000024074.9",3416.69029079758,1.28866074433255,0.186276849678683,6.91798656975043,0.0606148196775477,0.662094450796042,"Crim1"
"ENSMUSG00000024039.16",239.963527127152,1.73306384670219,0.473759351222655,3.65811005572677,0.0608913943459868,0.664695839100482,"Cbs"
"ENSMUSG00000023045.14",11.6927584129374,1.49517716608675,0.320384652255068,4.66681894891892,0.0611041278436046,0.666597490510748,"Soat2"
"ENSMUSG00000087390.2",14.0139726905004,-1.24929117678554,0.161584719888769,-7.73149328504282,0.0614409533075402,0.669849637131102,"Gm7598"
"ENSMUSG00000033849.4",624.786258597765,-1.24677659205693,0.160260434448392,-7.77969057895213,0.0617987935747649,0.673000292767139,"B3galt2"
"ENSMUSG00000047369.18",33.2931347960145,1.61403923055909,0.398785319753714,4.04738878441139,0.0618077369787877,0.673000292767139,"Dnah14"
"ENSMUSG00000029710.16",1016.09548144034,1.37155782325847,0.241753148598057,5.67338142734532,0.0621551467287447,0.676357452013044,"Ephb4"
"ENSMUSG00000096727.4",556.90824401005,-1.31727292494859,0.206722698085178,-6.37217362752211,0.0624194958075927,0.678807112798849,"Psmb9"
"ENSMUSG00000073424.10",48.6771689512156,1.49165128169573,0.320454034004958,4.65480575498902,0.0624861219372663,0.679104825225239,"Cyp4f15"
"ENSMUSG00000028159.15",49.432418227175,1.3667566183076,0.239361652713376,5.71000660638076,0.0627330948226453,0.681360958331079,"Dapp1"
"ENSMUSG00000082063.2",9.14050577691281,-1.28131541706695,0.183995846493143,-6.96382794225031,0.0631418103275196,0.685369888511132,"Gm12993"
"ENSMUSG00000036422.11",94.3949073274721,-1.36138617722375,0.236448879375092,-5.75763429635081,0.0632078290083754,0.685656336992421,"Pcdh8"
"ENSMUSG00000086904.3",62.9328772841087,1.27207481343378,0.178118192175374,7.14174558981205,0.0633188693762435,0.686430499967271,"Gm13404"
"ENSMUSG00000104117.7",31.4495249048878,1.48046177628293,0.314917261277496,4.70111346160347,0.0635452599981475,0.688453405440168,"Gm20743"
"ENSMUSG00000136070.1",9.23745545425141,-1.44648380115695,0.292967007492385,-4.93736074084909,0.0637534680839149,0.690276911631975,"ENSMUSG00000136070"
"ENSMUSG00000040380.16",157.48391842706,1.30693237633432,0.201564158336236,6.48395224191686,0.0639102876656549,0.691109873244476,"Cbln3"
"ENSMUSG00000073535.8",37.6727602393794,1.24630606463042,0.161737605893022,7.70572840959919,0.0638950618706803,0.691109873244476,"Gm5532"
"ENSMUSG00000027947.12",339.388253656761,1.41536056484275,0.274271169940668,5.16044236493734,0.0649602203442697,0.702024817237073,"Il6ra"
"ENSMUSG00000032402.13",961.266283864567,1.34274218702407,0.226722407455678,5.92240617984157,0.0653017745208277,0.705275469887241,"Smad3"
"ENSMUSG00000054934.11",1375.88179764186,-1.22315168369338,0.148137653731176,-8.25685875863146,0.0659847524528089,0.712207228283531,"Kcnmb4"
"ENSMUSG00000035184.16",1476.29147638569,1.18329278089491,0.121830786584464,9.71259247410786,0.0662280658038631,0.714387777143666,"Fam124a"
"ENSMUSG00000020623.12",595.325656804684,-1.17180194875137,0.114226933819716,-10.2585433186959,0.0662854535994495,0.714561319736869,"Map2k6"
"ENSMUSG00000027861.14",25.655050217763,1.37379735988361,0.248785679298855,5.52201141060585,0.0664856338636371,0.716272999444986,"Casq2"
"ENSMUSG00000032495.9",30.9229779250549,-1.47522596750767,0.316437823303706,-4.66197735816113,0.066574529292417,0.71662720868335,"Lrrc2"
"ENSMUSG00000053219.16",308.078312848575,-1.30951511261353,0.206124741644906,-6.35302245700056,0.0666013496452911,0.71662720868335,"Raet1e"
"ENSMUSG00000029675.13",721.494174376206,-1.18150932270161,0.121049799596848,-9.76052274879086,0.0668771795963098,0.719147893956093,"Eln"
"ENSMUSG00000026589.15",525.219247189988,1.20272246409925,0.135279650812579,8.89063844321677,0.0669960280257492,0.719978432858083,"Sec16b"
"ENSMUSG00000033948.4",619.222007510506,-1.22195086008737,0.148378766314699,-8.23534856392936,0.0673477070571815,0.723308521106986,"Zswim5"
"ENSMUSG00000033658.17",115.99782128696,-1.64039461330956,0.429098743185441,-3.82288375195878,0.0677948227901266,0.727658823768468,"Ddx19b"
"ENSMUSG00000126956.1",39.2547065690347,-1.62223096964712,0.417037375935785,-3.88989348018751,0.0678460511901708,0.727757208736723,"ENSMUSG00000126956"
"ENSMUSG00000134457.1",10.04927980008,-1.35224752627789,0.236477836216205,-5.71828441901661,0.0681702052502129,0.730781221337784,"ENSMUSG00000134457"
"ENSMUSG00000001555.11",3505.13146438633,1.30134371155303,0.202615228504272,6.42273397295798,0.0684716526235859,0.733558225197079,"Fkbp10"
"ENSMUSG00000144010.1",8.28940886498741,1.3808402561691,0.256146585368266,5.39082047173826,0.0685330404832252,0.733761551015323,"Gm32273"
"ENSMUSG00000025964.16",1162.52309309167,-1.43277487411829,0.291181821346004,-4.92055056011125,0.0686038281783384,0.734065204169209,"Adam23"
"ENSMUSG00000024036.17",29.2876329723998,-1.52663289630874,0.354608539970257,-4.30512163197418,0.0687572662622414,0.735252299672003,"Slc37a1"
"ENSMUSG00000015133.18",406.843425685797,1.22391958744429,0.151200620691863,8.0946730366839,0.0693108052766945,0.74071374484087,"Lrrk1"
"ENSMUSG00000017002.15",9.67582856860443,-1.43449412714917,0.293833095482836,-4.88200325015111,0.0696088325614368,0.74343951912221,"Slpi"
"ENSMUSG00000001053.16",119.677275706498,1.21038595397906,0.142325341478684,8.50436009078778,0.0696765307850347,0.743483970207347,"N4bp3"
"ENSMUSG00000036882.8",1046.6279630171,-1.18718692946341,0.126645631004321,-9.37408515436992,0.0696989365204206,0.743483970207347,"Arhgap33"
"ENSMUSG00000029361.19",641.276268971057,1.29594399911329,0.200562921381129,6.46153331926499,0.0700301042569848,0.745637454679601,"Nos1"
"ENSMUSG00000030093.8",257.525114250587,-1.37466209820989,0.253858908560427,-5.41506345396847,0.0699897405462987,0.745637454679601,"Wnt7a"
"ENSMUSG00000038387.10",1411.52865038835,1.24079257192675,0.163119486597479,7.60664833986748,0.0699487360897285,0.745637454679601,"Rras"
"ENSMUSG00000036699.13",285.351144064772,-1.39519212543131,0.268712060969814,-5.19214552705933,0.0706874937194941,0.7521740567864,"Zcchc12"
"ENSMUSG00000131932.1",25.6271453479111,-1.29767324338959,0.202463323211651,-6.40942380478971,0.0707459974185311,0.752333895104748,"ENSMUSG00000131932"
"ENSMUSG00000022089.10",611.262649018432,1.15815996072325,0.107874043395597,10.7362246214878,0.0713031679641464,0.757793250685296,"Bin3"
"ENSMUSG00000090066.3",48.9175366694014,-1.36675502719042,0.250306290408732,-5.46033032153772,0.0714297743910871,0.758672778707544,"1110002E22Rik"
"ENSMUSG00000042988.11",59.4933490394051,1.39439327910727,0.27071512869195,5.15077707642253,0.0725779039813973,0.770394413917875,"Notum"
"ENSMUSG00000109953.2",19.798115486195,1.25965546429919,0.178451427305932,7.05881417322411,0.0728279309753627,0.772574409402652,"5430430B14Rik"
"ENSMUSG00000011171.12",29.899684404562,-1.27897101822204,0.192148252602761,-6.65616783341833,0.0732712408062547,0.776800863008467,"Vipr2"
"ENSMUSG00000039620.18",37.2887230695301,-1.27912629588086,0.192702557737041,-6.63782728626956,0.0737410687281182,0.781303105409615,"Trmt9b"
"ENSMUSG00000092312.2",36.8827085510864,-1.22896600555722,0.158132489822709,-7.77174891089794,0.0738172268568092,0.781631370303864,"Zfp419"
"ENSMUSG00000037860.16",43.9545316224244,-1.45910467860938,0.317218718699152,-4.59968026033542,0.0739090952543562,0.782125483847628,"Aim2"
"ENSMUSG00000087579.10",72.5967079569709,1.23153762269308,0.160414748687179,7.67720943848292,0.0744583222217639,0.787455923643618,"Hectd2os"
"ENSMUSG00000050164.12",33.6789947931967,-1.35603446083306,0.247166463546746,-5.48632060100093,0.0748680450943121,0.791305385596694,"Mchr1"
"ENSMUSG00000085016.4",14.9090459922192,-1.26366896489567,0.183253135979179,-6.89575628893602,0.0751002323234471,0.793274859377462,"Gm11335"
"ENSMUSG00000020080.9",59.3575449274366,1.2762011244438,0.192085927301174,6.64390745524436,0.0752306463972612,0.794167568008184,"Hkdc1"
"ENSMUSG00000139499.1",22.9070150115849,-1.34069317139158,0.237195578581118,-5.6522688129833,0.0754530040207081,0.796029192418471,"ENSMUSG00000139499"
"ENSMUSG00000035033.16",69.1522883061869,-1.35031168226198,0.244758738075228,-5.51690898915713,0.0761788569689915,0.803197186640763,"Tbr1"
"ENSMUSG00000143209.1",84.4809696726132,1.54916923929605,0.384314078105885,4.03099789352299,0.0765079422360524,0.806175649554311,"ENSMUSG00000143209"
"ENSMUSG00000040212.13",160.406690664421,1.28760987458829,0.201596908827696,6.38705167691238,0.076839225907335,0.809173637643767,"Emp3"
"ENSMUSG00000028457.19",8.23865830238636,-1.31758452593957,0.223251066049314,-5.90180620077547,0.0774341539375184,0.814447253147078,"Atp8b5"
"ENSMUSG00000041028.17",9834.13990506783,1.11130337463023,0.0782330053178152,14.205045173909,0.0774092016074152,0.814447253147078,"Ghitm"
"ENSMUSG00000040412.18",48.7534451719152,-1.41653101990355,0.293024881278063,-4.83416634698453,0.0775876346951509,0.815565768830803,"Elapor1"
"ENSMUSG00000001313.13",1759.6165985918,-1.18384892180542,0.12938145010347,-9.15006688252961,0.0776607601705874,0.815838781099881,"Rnd2"
"ENSMUSG00000034959.9",25.5978104658234,1.33655304044623,0.23696543073872,5.64028700844522,0.0777656828893889,0.815950179109889,"Rubcnl"
"ENSMUSG00000052560.16",1822.39276181406,1.22231048101032,0.156526151427496,7.8089857181246,0.0777635381247147,0.815950179109889,"Cpne8"
"ENSMUSG00000074570.15",13.6742490846752,1.41495726495972,0.292484897654523,4.83771051533417,0.0779887908972097,0.817795187941528,"Cass4"
"ENSMUSG00000071856.11",774.404386752092,1.26547967470207,0.188190395153592,6.72446472982454,0.0791669497029546,0.829646616450952,"Mcc"
"ENSMUSG00000038665.16",152.855437497627,-1.23449359220463,0.166294740010492,-7.4235276000115,0.0792538542501671,0.830054592152779,"Dgki"
"ENSMUSG00000038151.14",66.2631511887039,1.37110293725878,0.26326684370717,5.20803500338937,0.0793277944547474,0.830326376077459,"Prdm1"
"ENSMUSG00000036766.13",7250.34985410921,-1.22109032678704,0.157247683022799,-7.76539471560925,0.0798619826420174,0.83541234804848,"Dner"
"ENSMUSG00000117486.4",241.965162360139,1.19996333951962,0.143094698304172,8.38579873147292,0.0811437106393562,0.848307239566248,"Gm30938"
"ENSMUSG00000029449.12",49.620404774939,-1.29604054938634,0.212059806275961,-6.11167468341338,0.081353655048477,0.849988490126056,"Rhof"
"ENSMUSG00000032269.9",921.948219214603,-1.26301257278376,0.189606111789996,-6.66124399081949,0.0826976484650731,0.863509181498307,"Htr3a"
"ENSMUSG00000120485.2",31.3020836991468,1.26095743415148,0.188287181086014,6.6969903467589,0.0828804244875542,0.864895720436467,"Gm35340"
"ENSMUSG00000137436.1",9.58415371072925,-1.33887563228761,0.24581068105672,-5.4467756508053,0.0840084136003908,0.876138379815529,"ENSMUSG00000137436"
"ENSMUSG00000107638.4",54.7538523344073,1.28555571967517,0.207295624494396,6.20155742703545,0.0841743884788907,0.877340523772148,"Gm30524"
"ENSMUSG00000020774.10",85.9876172611619,1.49167369647363,0.35707369750128,4.1774953095454,0.0842633908024995,0.877739426649516,"Aspa"
"ENSMUSG00000082724.4",16.4410408421828,-1.65081009544832,0.473555668773566,-3.48598951359543,0.0846734618421803,0.881480286879305,"Gm14416"
"ENSMUSG00000083282.4",467.305444266772,1.19906041050579,0.144960256836535,8.27164932425522,0.0848440330697702,0.882724870819701,"Ctsf"
"ENSMUSG00000025422.11",2108.64932235212,-1.18676010419911,0.136131193111064,-8.71776759666595,0.085045317882749,0.884287313706324,"Agap2"
"ENSMUSG00000034422.15",434.831798735323,-1.3141592902566,0.229401794502002,-5.72863561555586,0.0854259207122423,0.887711279377307,"Parp14"
"ENSMUSG00000103082.2",55.1270261013423,-1.3589872584597,0.262224045858034,-5.1825424858079,0.0854981237375653,0.887928293461798,"Gm38124"
"ENSMUSG00000035413.9",990.161209144053,1.35603632639875,0.260913254432241,5.19726883691494,0.0861929583739323,0.894607417987868,"Tmem98"
"ENSMUSG00000021065.17",10296.1776949258,1.15992124181348,0.117229189526746,9.89447463124228,0.0862560966587317,0.894726009825765,"Fut8"
"ENSMUSG00000108398.2",20.6202794392788,1.45525143393293,0.334483546745164,4.35074145826868,0.0867477151204448,0.899286379277373,"Gm30191"
"ENSMUSG00000028862.7",205.696304848419,1.24096405769547,0.177562805921943,6.98887388747959,0.0873804683412296,0.903680533753609,"Map3k6"
"ENSMUSG00000030125.12",13.7275008108436,1.38843183362676,0.286229653218228,4.8507616804056,0.0873805070494618,0.903680533753609,"Lrrc23"
"ENSMUSG00000045281.6",12.3456178784801,-1.26156471594194,0.192697798812638,-6.54685587336975,0.0873297737448783,0.903680533753609,"Gpr20"
"ENSMUSG00000079056.14",3678.27477154571,-1.18928585185735,0.139426043449102,-8.52986875648887,0.0872941200301293,0.903680533753609,"Kcnip3"
"ENSMUSG00000087501.3",8.13954020860453,-1.31453543669888,0.23191652236634,-5.66814051576031,0.0875107426359409,0.904486779621893,"Gm12116"
"ENSMUSG00000053559.14",41.2518761082299,1.3474834723163,0.256415426032287,5.25507959161017,0.0876835763952336,0.9057320828599,"Smagp"
"ENSMUSG00000085246.3",22.9005261536885,-1.268112187512,0.198000128113118,-6.4046028636281,0.0878520656940188,0.906931050499948,"Gm15893"
"ENSMUSG00000064373.14",7241.8298914313,1.32637923391231,0.241520845214369,5.49177953039643,0.0882916448568093,0.910925485576932,"Selenop"
"ENSMUSG00000048905.6",50.0262064305871,-1.28794645662556,0.213378348741561,-6.03597536592379,0.0885939454184658,0.912955594776828,"Bnip5"
"ENSMUSG00000087024.3",8.78586780100433,-1.30086754475755,0.222899694471515,-5.83611183425733,0.0885418450158709,0.912955594776828,"B230119M05Rik"
"ENSMUSG00000058498.13",27.7690553742731,1.41123681488675,0.305259299924838,4.62307557946386,0.0889624042355501,0.916206856002076,"Rnf207"
"ENSMUSG00000052353.14",382.414149708297,1.20413575046661,0.151573193001303,7.94425271793447,0.0890255430069431,0.916311686559268,"Cemip"
"ENSMUSG00000050103.19",502.013893688591,1.25317795073922,0.18929568190757,6.62021414387639,0.0905340698074189,0.93128446837572,"Agmo"
"ENSMUSG00000113629.3",19.553708296427,1.38324976667222,0.28663483056893,4.82582582140022,0.0906005013722537,0.931414066989146,"Gm48558"
"ENSMUSG00000032181.8",332.223936650702,-1.58262080039485,0.436134331904464,-3.62874620185032,0.0907951246810872,0.932860598118867,"Scg3"
"ENSMUSG00000051262.10",89.2006197736949,1.37625819525222,0.28212690921697,4.87815288187844,0.091159501745597,0.936048486173483,"Nat8f3"
"ENSMUSG00000043822.19",162.573562933384,1.37150907032341,0.278968552640875,4.91635726442972,0.0914754772615573,0.938735888244048,"Adamtsl5"
"ENSMUSG00000041263.15",540.850505910369,-1.16439208635245,0.123815779358732,-9.40423015857167,0.0921361129751217,0.944954965438978,"Rusc1"
"ENSMUSG00000028463.15",888.520265350011,1.39438105213463,0.298047232650938,4.67838952817145,0.0928816750618656,0.950910498177751,"Car9"
"ENSMUSG00000046879.8",4074.33636281493,-1.18894114686384,0.142778246143699,-8.32718694182047,0.0928646800645873,0.950910498177751,"Irgm1"
"ENSMUSG00000121001.2",63.6883549687926,-1.27668166083731,0.209056192725999,-6.10688276769013,0.0928379246608737,0.950910498177751,"Gm57461"
"ENSMUSG00000027078.15",310.389425641245,-1.16570652513059,0.125391193075155,-9.2965582074963,0.0931646095545848,0.953243095513558,"Ube2l6"
"ENSMUSG00000022340.16",426.311167876149,-1.22205670052182,0.168079752161333,-7.27069551690445,0.0932275256522853,0.95332307850818,"Sybu"
"ENSMUSG00000086363.10",278.866742731064,-1.20779686510564,0.157374543029397,-7.67466479556374,0.0933512623036142,0.954024536548809,"A330102I10Rik"
"ENSMUSG00000037940.18",2042.70916351437,1.20705222729555,0.15738484119607,7.66943130051391,0.0941576552388606,0.961697609765506,"Inpp4b"
"ENSMUSG00000063296.6",776.429187412249,-1.23504173812177,0.178783773086634,-6.90801920554223,0.0943103459205376,0.962688852576485,"Tmem117"
"ENSMUSG00000099686.2",27.9140490872033,-1.51610705223694,0.393167772119084,-3.85613257176567,0.0946438646677173,0.965523671274083,"Gm29460"
"ENSMUSG00000060591.10",3740.11204520502,1.21907607693549,0.167089232001333,7.29595834712892,0.0949065471889602,0.967632928381491,"Ifitm2"
"ENSMUSG00000028865.15",13.8717603694131,1.40521923739226,0.309590891498346,4.53895536329036,0.0952864553788234,0.970934187847116,"Cd164l2"
"ENSMUSG00000015647.10",15182.980545814,1.30482281923103,0.233682324876743,5.58374630994989,0.096043080067915,0.978067905435589,"Lama5"
"ENSMUSG00000023031.9",166.668370613503,1.27567962111892,0.211831128722141,6.02215372600989,0.0965586952175123,0.982740320384351,"Cela1"
"ENSMUSG00000032440.14",2618.83004910041,1.236552911056,0.182321836791159,6.78225347451067,0.0972387235481254,0.98907959719557,"Tgfbr2"
"ENSMUSG00000032766.10",1151.07616294837,1.19914392163134,0.153564603551638,7.8087260598964,0.0973484995823093,0.98961441819807,"Gng11"
"ENSMUSG00000015222.19",39572.5659383953,-1.13882440001476,0.107133720754972,-10.629934179355,0.0975213552215476,0.99048137803889,"Map2"
"ENSMUSG00000062380.5",302.326326871602,1.49460935479258,0.381746506232556,3.91518803811155,0.0975482758165686,0.99048137803889,"Tubb3"
"ENSMUSG00000103983.2",73.341023774475,-1.16757438649879,0.129409935256298,-9.02229325890938,0.0976754162760265,0.991190646573496,"Gm20045"
"ENSMUSG00000005320.10",10.7819248228021,1.38522738414964,0.29855458827316,4.63977925163302,0.0984718640971648,0.99868710000536,"Fgfr4"
"ENSMUSG00000033389.17",433.903302732588,-1.19236286053123,0.149158257099133,-7.99394471161438,0.098585038985091,0.999249176637401,"Arhgap44"
"ENSMUSG00000000001.5",8748.73504003214,-0.191946191373969,0.0519902439035493,-3.69196558742948,1,1,"Gnai3"
"ENSMUSG00000000028.16",1070.94232463589,-0.110894908468997,0.109598445386778,-1.01182921051155,1,1,"Cdc45"
"ENSMUSG00000000037.18",90.0357137286257,-0.187487236109457,0.159667253839835,-1.17423724402205,0.99999981982021,1,"Scml2"
"ENSMUSG00000000056.8",2641.14013533429,-0.0680177525720596,0.119856507842745,-0.56749319495693,0.999999999999996,1,"Narf"
"ENSMUSG00000000058.7",3988.72741993259,0.148472449562022,0.0956907947729101,1.55158549904796,1,1,"Cav2"
"ENSMUSG00000000078.8",3512.54938440016,0.683624768696525,0.102662118782666,6.65897778852342,0.998970935677213,1,"Klf6"
"ENSMUSG00000000085.17",899.641941738649,-0.0253404621795048,0.0759741886307084,-0.333540412029649,1,1,"Scmh1"
"ENSMUSG00000000088.8",3283.97962750512,0.191651934030527,0.0464414896477632,4.12673959177702,1,1,"Cox5a"
"ENSMUSG00000000093.7",396.194446301998,0.161918812319459,0.130511481985683,1.2406480246483,0.999999999932537,1,"Tbx2"
"ENSMUSG00000000094.13",343.900678833602,-0.305419572100185,0.202684463361161,-1.50687214518245,0.99969474890256,1,"Tbx4"
"ENSMUSG00000000125.6",35.872819328656,-0.366641382541646,0.200754452771417,-1.82631756098138,0.999197212373207,1,"Wnt3"
"ENSMUSG00000000126.12",81.708734957218,0.697898833654368,0.184713278128041,3.77828189032839,0.949029336787869,1,"Wnt9a"
"ENSMUSG00000000127.16",1189.81145841439,-0.0665715660490035,0.081920610955058,-0.812635126531526,1,1,"Fer"
"ENSMUSG00000000131.16",3453.49394836371,-0.00106420142558537,0.0592346762388604,-0.0179658519832882,1,1,"Xpo6"
"ENSMUSG00000000134.18",1425.40693745837,0.154032438971719,0.0478286191441474,3.22050775723822,1,1,"Tfe3"
"ENSMUSG00000000142.16",1480.622116717,-0.251318689838673,0.143577377310536,-1.75040591036225,0.999999907833025,1,"Axin2"
"ENSMUSG00000000148.18",966.10971071865,-0.0920174521029626,0.0464022852293825,-1.9830370777665,1,1,"Brat1"
"ENSMUSG00000000149.11",5258.68189106983,-0.0456074378749784,0.0538805225441535,-0.846455003059862,1,1,"Gna12"
"ENSMUSG00000000167.15",29.1817141144199,-0.149722160044676,0.130609895049921,-1.14633091150904,0.999999999962439,1,"Pih1d2"
"ENSMUSG00000000168.11",3422.2920841458,0.484311642910878,0.0481219414518294,10.0642581803496,1,1,"Dlat"
"ENSMUSG00000000171.6",3336.56735822436,0.4945783516759,0.0418966354290847,11.8047271961262,1,1,"Sdhd"
"ENSMUSG00000000184.13",17260.4424629695,1.2645714792247,0.206199574738512,6.13275503030667,0.0997312359243002,1,"Ccnd2"
"ENSMUSG00000000194.14",2477.71748775975,0.279979249433386,0.0494115989529149,5.66626572234958,1,1,"Gpr107"
"ENSMUSG00000000202.10",830.919921237657,-0.45744077772332,0.12866606963806,-3.55525570191202,0.999987610381629,1,"Btbd17"
"ENSMUSG00000000204.17",56.8414769966308,0.125057163732192,0.31613105047498,0.395586461830612,0.997363226273657,1,"Slfn4"
"ENSMUSG00000000223.14",429.830124029468,0.235714995948022,0.102105783630646,2.30853716181925,0.999999999999964,1,"Drp2"
"ENSMUSG00000000244.18",12.0092247951436,0.270715809431638,0.216060890660301,1.25296072141657,0.99963141168693,1,"Tspan32"
"ENSMUSG00000000247.12",1279.28888450124,-0.258901576225573,0.0520693487332955,-4.9722453328866,1,1,"Lhx2"
"ENSMUSG00000000253.14",405.146800467658,-0.72593130398359,0.109107977745223,-6.65332928888764,0.993995901631165,1,"Gmpr"
"ENSMUSG00000000266.12",2217.23701406474,0.46648420361029,0.0912565049499357,5.11179125111364,0.999999997487342,1,"Mid2"
"ENSMUSG00000000275.17",101.021111796813,-0.138742443770278,0.344320718702341,-0.402945382703555,0.994284641312683,1,"Trim25"
"ENSMUSG00000000276.12",1149.43540646636,-0.463911961921563,0.0906994245091231,-5.11482806459152,0.999999998295683,1,"Dgke"
"ENSMUSG00000000278.11",6164.30894665002,0.504469800081925,0.0653276792586809,7.72214482140645,0.999999999999983,1,"Scpep1"
"ENSMUSG00000000282.13",1058.45284362284,-0.255392935827083,0.0658629893493551,-3.87763960230243,1,1,"Mnt"
"ENSMUSG00000000290.14",390.359467550893,0.0629034900019786,0.247095313830058,0.254571764340464,0.999933894443014,1,"Itgb2"
"ENSMUSG00000000295.14",795.213124896151,0.105289390054748,0.0873694846689113,1.2051048538714,1,1,"Hddc2"
"ENSMUSG00000000301.17",70.8769657808007,0.284517563473365,0.110305154264962,2.57936780352013,0.999999999956042,1,"Pemt"
"ENSMUSG00000000305.13",13393.4344881397,1.01508840682919,0.0945243631012514,10.7389076585669,0.436588428152792,1,"Cdh4"
"ENSMUSG00000000317.12",43.5661992319593,-0.759726509258941,0.215449350422582,-3.52624181864005,0.867621986998516,1,"Bcl6b"
"ENSMUSG00000000326.14",2499.20196485171,0.180091656454529,0.0593234053494391,3.0357605972502,1,1,"Comt"
"ENSMUSG00000000339.15",1262.66888532372,-0.00891936196836672,0.0469902880069795,-0.189812881483976,1,1,"Rtca"
"ENSMUSG00000000340.11",1340.25558319264,0.119773972314766,0.0534929923577876,2.23905911850395,1,1,"Dbt"
"ENSMUSG00000000346.10",6651.05863865963,0.176050631784644,0.0460555441374974,3.82257196351975,1,1,"Dazap2"
"ENSMUSG00000000355.14",933.306747888751,0.368059344442748,0.0406135292253746,9.06248118454064,1,1,"Mcts1"
"ENSMUSG00000000374.9",3163.02957607412,0.191537167524343,0.0729417285507881,2.6258929056086,1,1,"Trappc10"
"ENSMUSG00000000378.16",1343.15151351319,-0.00431378364680428,0.0377028664801734,-0.114415269965554,1,1,"Ccm2"
"ENSMUSG00000000384.16",1229.6437912269,0.353198431858256,0.0620990367892588,5.68766361154491,1,1,"Tbrg4"
"ENSMUSG00000000399.11",3358.66710046377,0.219369518852256,0.0429832982898137,5.10359901590527,1,1,"Ndufa9"
"ENSMUSG00000000416.17",1261.46621845366,-0.840739674236041,0.102782433269623,-8.17979928564818,0.939367981939511,1,"Cttnbp2"
"ENSMUSG00000000420.16",7217.34449024379,0.381560881275781,0.0535625958914385,7.12364430673104,1,1,"Galnt1"
"ENSMUSG00000000439.10",1495.4884115375,0.245773324517248,0.0585390825222921,4.19844852238086,1,1,"Mkrn2"
"ENSMUSG00000000441.18",4251.01547321724,-0.193790617140325,0.0492242035069062,-3.9368969599099,1,1,"Raf1"
"ENSMUSG00000000486.14",46.6150026168591,-0.160425421030561,0.139389200857467,-1.1509171445398,0.999999999145201,1,"Septin1"
"ENSMUSG00000000489.8",92.3632986744694,-0.130466716141101,0.265887667652602,-0.490683593161468,0.99947344772226,1,"Pdgfb"
"ENSMUSG00000000530.17",84.2664096050326,-1.12674986366659,0.232497709303167,-4.84628372057359,0.292819650805447,1,"Acvrl1"
"ENSMUSG00000000531.6",285.312357055163,0.116425028592996,0.133345836107696,0.873105842607382,0.999999999982777,1,"Tamalin"
"ENSMUSG00000000532.12",934.141654264623,-0.367184176403696,0.0756995943234095,-4.8505435159267,1,1,"Acvr1b"
"ENSMUSG00000000538.19",3018.69571578457,0.270660300970211,0.0664327739757149,4.0741983929371,1,1,"Tom1l2"
"ENSMUSG00000000552.11",1135.23723345267,0.170608388700482,0.0589820243336628,2.8925488846457,1,1,"Zfp385a"
"ENSMUSG00000000561.15",2518.41030259425,-0.324650146214908,0.0729049908074105,-4.45305791303808,1,1,"Wdr77"
"ENSMUSG00000000563.18",9465.7932505207,-0.0767672433236408,0.0339162889971712,-2.26343286938154,1,1,"Atp5pb"
"ENSMUSG00000000567.6",8877.24851838443,-0.937265617988508,0.124277103888054,-7.54174010067678,0.693148363741302,1,"Sox9"
"ENSMUSG00000000568.16",12388.9934409552,-0.196046104393154,0.0664808465111849,-2.94891107260752,1,1,"Hnrnpd"
"ENSMUSG00000000579.15",106.86609113737,-0.437911865304451,0.117212080185882,-3.7360642743477,0.99999918856941,1,"Dynlt1c"
"ENSMUSG00000000581.9",1439.83958182039,-0.0207532647184903,0.0412849948735785,-0.50268299129115,1,1,"C1d"
"ENSMUSG00000000594.8",2296.73866024694,0.0769149265893427,0.0635489067179506,1.21032651168516,1,1,"Gm2a"
"ENSMUSG00000000600.16",1474.53307752379,-0.183900215990153,0.040394273389438,-4.55263086965782,1,1,"Krit1"
"ENSMUSG00000000605.10",3924.38137442632,-0.360030942444818,0.0485583798627997,-7.41439363220262,1,1,"Clcn4"
"ENSMUSG00000000628.11",3528.42097834402,0.554063194657799,0.178385392573206,3.10598971510754,0.993787712968809,1,"Hk2"
"ENSMUSG00000000631.21",5657.84469669019,-0.00295777019599597,0.0984317065861416,-0.0300489577858483,1,1,"Myo18a"
"ENSMUSG00000000682.8",147.501625095483,0.203605442012882,0.385033258456463,0.528799623256193,0.981583857220699,1,"Cd52"
"ENSMUSG00000000686.12",138.201447446109,-0.183299401543472,0.13068933668377,-1.40255820554819,0.999999999793687,1,"Abhd15"
"ENSMUSG00000000693.11",1335.53225193992,0.743195377607182,0.0915301824893859,8.11967547091218,0.997489492287115,1,"Loxl3"
"ENSMUSG00000000706.17",10.5385362884286,-0.370050414405774,0.221176934051217,-1.67309677201729,0.997801431242223,1,"Btn1a1"
"ENSMUSG00000000708.15",1822.1132002716,0.178037442312769,0.0696237075294183,2.55713820235073,1,1,"Kat2b"
"ENSMUSG00000000711.4",5353.07860221026,0.15823841866341,0.0500792949579623,3.15975731679607,1,1,"Rab5b"
"ENSMUSG00000000732.10",245.106395624719,0.652484324598932,0.228463864314996,2.85596291805393,0.935882238643404,1,"Icosl"
"ENSMUSG00000000738.19",1717.84926301662,0.428849833295802,0.0473170135966177,9.06333263024143,1,1,"Spg7"
"ENSMUSG00000000740.13",24211.2430828255,0.547745865127895,0.100280386479546,5.46214353930138,0.999996757032459,1,"Rpl13"
"ENSMUSG00000000743.10",2427.57132545789,0.0146700572605165,0.122656802249209,0.119602476108178,1,1,"Chmp1a"
"ENSMUSG00000000751.14",4994.00730404193,-0.355189884213191,0.104105242871471,-3.41183473969423,0.999999999706401,1,"Rpa1"
"ENSMUSG00000000759.15",1986.99980891705,-0.0700863486607894,0.0390645624117838,-1.79411580045366,1,1,"Tubgcp3"
"ENSMUSG00000000776.14",1006.197291165,0.81261613997933,0.061423270517127,13.2297764859776,0.998858450265919,1,"Polr3d"
"ENSMUSG00000000782.17",360.807386035344,1.09490636402783,0.145792687904925,7.51002248303321,0.257533595041444,1,"Tcf7"
"ENSMUSG00000000787.13",21721.1231048212,-0.0108705754602194,0.0733965653926868,-0.148107413501702,1,1,"Ddx3x"
"ENSMUSG00000000792.3",20.4320855384562,-0.537706964769931,0.20568423551133,-2.61423518157915,0.987698703644095,1,"Slc5a5"
"ENSMUSG00000000804.15",3456.87219610161,-0.69057046096493,0.0985540970652713,-7.00701930745276,0.999154373115112,1,"Usp32"
"ENSMUSG00000000811.15",364.522451143406,0.0620687795923441,0.0714655777715206,0.868512947460964,1,1,"Txnrd3"
"ENSMUSG00000000823.17",2342.85406231216,-0.821714058741769,0.0715126119499363,-11.4904775023044,0.993667804639946,1,"Zfp512b"
"ENSMUSG00000000826.17",8230.11044624149,-0.289236964090223,0.0760198483048668,-3.80475587020747,1,1,"Dnajc5"
"ENSMUSG00000000827.19",2825.49903795573,-0.0934855321859253,0.0530969290627756,-1.76065798599009,1,1,"Tpd52l2"
"ENSMUSG00000000838.18",5494.81199973583,-0.0279270890876419,0.0727913007369654,-0.383659706653102,1,1,"Fmr1"
"ENSMUSG00000000881.13",659.204430243311,-0.404846088959291,0.140220812901014,-2.88720397909178,0.999989041287361,1,"Dlg3"
"ENSMUSG00000000884.18",222.94110574712,0.150105331901564,0.0893989815270441,1.67904968644587,1,1,"Gnb1l"
"ENSMUSG00000000901.18",389.868490588294,1.04585321944433,0.238516503127409,4.38482539250401,0.423775782477982,1,"Mmp11"
"ENSMUSG00000000902.14",3980.71341775567,-0.0325107070695722,0.0525638746400879,-0.61849906028004,1,1,"Smarcb1"
"ENSMUSG00000000915.16",813.70400772748,-0.973857362986901,0.125812831328172,-7.74052497433013,0.582303494693948,1,"Hip1r"
"ENSMUSG00000000916.16",340.043099533166,0.0244873406583552,0.0560241114270876,0.437085748164416,1,1,"Nsun5"
"ENSMUSG00000000934.10",375.065259815303,0.326833537985332,0.0596857355577776,5.47590701414657,1,1,"Top1mt"
"ENSMUSG00000000942.11",291.516732039927,0.251910712529148,0.0753083504076072,3.34505683852692,1,1,"Hoxa4"
"ENSMUSG00000000959.8",2264.21166676874,0.987988547919939,0.0672984938978267,14.6806932918872,0.570827085183716,1,"Oxa1l"
"ENSMUSG00000000976.14",1751.49848431719,-0.418276369675556,0.0689389089987315,-6.0673482616798,1,1,"Heatr6"
"ENSMUSG00000000982.6",35.9721756189588,-0.0620088913560391,0.386035663825818,-0.160629955122535,0.995416610995268,1,"Ccl3"
"ENSMUSG00000001016.13",4025.62280939807,-0.492656168580335,0.0557826886507588,-8.83170353556692,1,1,"Ilf2"
"ENSMUSG00000001017.17",6304.51307450649,-0.588445446232022,0.0487347997539816,-12.0744406297462,1,1,"Chtop"
"ENSMUSG00000001018.16",2115.87015578636,-0.335962962135794,0.0577151035650779,-5.82105794468465,1,1,"Snapin"
"ENSMUSG00000001020.9",62.7161292503901,-0.656185732014593,0.320862830072487,-2.0450662105871,0.858034611693789,1,"S100a4"
"ENSMUSG00000001025.9",238.020665551777,0.12940019968288,0.311261176230529,0.415728685632937,0.997563637917938,1,"S100a6"
"ENSMUSG00000001034.18",2395.23419854897,-0.0910222488603927,0.0677848373968086,-1.3428113477289,1,1,"Mapk7"
"ENSMUSG00000001036.18",9733.44872380394,0.616974699579498,0.0872250923069909,7.07336252976426,0.999994364396112,1,"Epn2"
"ENSMUSG00000001039.13",237.291000171549,0.473262169916847,0.121212387710882,3.90440431753296,0.99999305451562,1,"B9d1"
"ENSMUSG00000001052.16",2945.33661226313,0.130634800486059,0.0515132097316062,2.53594759803731,1,1,"Sec24b"
"ENSMUSG00000001054.10",728.393338840274,0.0179340847864825,0.0445188525907713,0.402842475553833,1,1,"Rmnd5b"
"ENSMUSG00000001056.4",1683.20971814423,0.145219420662812,0.0616774632640071,2.35449729897625,1,1,"Nhp2"
"ENSMUSG00000001062.19",601.854314039116,-0.283999709726666,0.0871784397014915,-3.25768287089229,1,1,"Vps9d1"
"ENSMUSG00000001065.16",735.771833595177,-0.0698997838184794,0.0749069894761969,-0.933154359923801,1,1,"Zfp276"
"ENSMUSG00000001082.13",430.489509581137,-0.350677117350268,0.0992734314010018,-3.53243674970552,0.999999999969395,1,"Mfsd10"
"ENSMUSG00000001089.15",2413.21010303545,0.299895673491948,0.0874285584671231,3.43017978049726,0.999999999999999,1,"Luzp1"
"ENSMUSG00000001098.16",3018.48284496181,-0.00817711248689896,0.0403177055847017,-0.202816910543682,1,1,"Kctd10"
"ENSMUSG00000001100.11",2790.49035614711,-0.232219085708271,0.0412646430593981,-5.62755590479736,1,1,"Poldip2"
"ENSMUSG00000001105.16",849.769288723617,-0.225577751022677,0.0679619851605885,-3.31917542563913,1,1,"Ift20"
"ENSMUSG00000001120.16",1277.38853332889,0.564058083604154,0.0902855765165613,6.24748830729,0.999999312097214,1,"Pcbp3"
"ENSMUSG00000001123.16",1386.12561930225,-0.731034300982396,0.149822951211084,-4.87932119260184,0.963690959714743,1,"Lgals9"
"ENSMUSG00000001127.13",2400.07500765399,0.0181316313610822,0.0561679305672531,0.322811098396658,1,1,"Araf"
"ENSMUSG00000001128.8",174.886938896141,0.0710837894357984,0.155252120198215,0.45786034577205,0.999999998909147,1,"Cfp"
"ENSMUSG00000001134.10",280.8625831974,-0.0916151472470202,0.0573083662125927,-1.59863477711373,1,1,"Uxt"
"ENSMUSG00000001138.14",1389.39253534336,0.399612264937093,0.0757002865938074,5.27887387112987,0.999999999999999,1,"Cnnm3"
"ENSMUSG00000001143.14",1529.44997520543,-0.232864786744443,0.062058974619488,-3.75231444238716,1,1,"Lman2l"
"ENSMUSG00000001150.8",2973.39496388628,-0.0440410096431358,0.120199546636991,-0.366399132736681,0.999999999999999,1,"Mcm3ap"
"ENSMUSG00000001151.11",1534.14957209961,-0.0561866637072744,0.0898453884062675,-0.625370591679193,1,1,"Pcnt"
"ENSMUSG00000001156.10",564.870980354939,-0.252430506200233,0.079536657408898,-3.17376307257279,1,1,"Mxd1"
"ENSMUSG00000001157.14",1138.63131136668,-0.087943762976194,0.0415374628471526,-2.11721556754212,1,1,"Gmcl1"
"ENSMUSG00000001158.14",1864.63695734369,0.250539513889863,0.0705379383726309,3.5518406076222,1,1,"Snrnp27"
"ENSMUSG00000001166.18",73.6988811177882,-0.985155674618413,0.16201336074406,-6.08070636948708,0.536501641203193,1,"Oas1c"
"ENSMUSG00000001173.16",1698.59593514021,0.139863273187665,0.0349419493754638,4.00273240868116,1,1,"Ocrl"
"ENSMUSG00000001175.17",23055.0816680514,-0.329438342801023,0.0708597281757925,-4.64916181986664,1,1,"Calm1"
"ENSMUSG00000001211.16",6189.75241788599,0.520684771569069,0.0703425496107317,7.40213106363764,0.999999999995254,1,"Agpat3"
"ENSMUSG00000001227.13",545.515820264996,-0.783696523391146,0.12724451121798,-6.1589809720642,0.955425524804214,1,"Sema6b"
"ENSMUSG00000001228.15",5656.62159566755,-0.180028486916972,0.136712389308673,-1.31684105462087,0.999999998999864,1,"Uhrf1"
"ENSMUSG00000001229.10",1690.75083210332,-0.0501824980096268,0.0558769627959642,-0.898089221364254,1,1,"Dpp9"
"ENSMUSG00000001240.14",1048.59870804549,0.0775175351285766,0.109400706726428,0.708565213590622,1,1,"Ramp2"
"ENSMUSG00000001248.16",3555.35434866137,0.365333196231498,0.0929269163710119,3.93140341354813,0.999999999995747,1,"Gramd1a"
"ENSMUSG00000001249.15",28.3656179878195,0.880238289832339,0.227128776928987,3.87550314730727,0.701002328160219,1,"Hpn"
"ENSMUSG00000001260.11",707.570333450733,-1.20905770492176,0.327134208696002,-3.69590728447879,0.261392628686927,1,"Gabrg1"
"ENSMUSG00000001270.10",49919.9914355368,-0.0770088167922598,0.0716546517351462,-1.07472180699313,1,1,"Ckb"
"ENSMUSG00000001280.14",6074.71986627688,0.0554657037025283,0.0745622310685494,0.743884710900556,1,1,"Sp1"
"ENSMUSG00000001285.13",1004.32060757678,-0.0481449274935248,0.0607915586273342,-0.791967315539054,1,1,"Myg1"
"ENSMUSG00000001288.16",668.532116035751,0.306250607863617,0.0866980256053829,3.53238272411826,0.999999999999999,1,"Rarg"
"ENSMUSG00000001289.13",3625.76141214226,0.0597790420919823,0.0915836014040807,0.652726483513442,1,1,"Pfdn5"
"ENSMUSG00000001300.17",1406.18525857523,0.42027978422546,0.125305086362759,3.35405206943275,0.999998140245916,1,"Efnb2"
"ENSMUSG00000001305.6",846.858012261956,-0.429153850987939,0.0719794989588086,-5.96216780049454,0.999999999999999,1,"Rrp15"
"ENSMUSG00000001323.18",2059.39267760953,-0.441190325849863,0.105055201288238,-4.19960478338788,0.999999947887872,1,"Srr"
"ENSMUSG00000001333.10",124.264083361611,-0.259272795650113,0.101875639952047,-2.54499305007707,0.999999999999821,1,"Sync"
"ENSMUSG00000001348.16",56.1516576358547,0.86436870148634,0.364177586991386,2.37348132439239,0.645214446639023,1,"Acp5"
"ENSMUSG00000001366.15",777.900980088743,0.222790156576979,0.049451992297428,4.50518060499994,1,1,"Fbxo9"
"ENSMUSG00000001376.18",1460.07473724465,0.122359142437318,0.047802527122026,2.55967936851895,1,1,"Vps50"
"ENSMUSG00000001380.8",2716.06951712317,-0.0426224517567517,0.0462459057508982,-0.921648112728852,1,1,"Hars1"
"ENSMUSG00000001383.10",3166.25797048531,-0.0395207544717217,0.0505185890136843,-0.782301232938561,1,1,"Zmat2"
"ENSMUSG00000001403.14",4207.5039049088,-0.180295129072261,0.130224755879822,-1.38449197200758,0.999999999845843,1,"Ube2c"
"ENSMUSG00000001415.11",2015.66511925803,-0.500116381494181,0.0791588865340488,-6.3178804476875,0.999999999864867,1,"Smg5"
"ENSMUSG00000001416.14",10151.1242497079,-0.352411115569243,0.0541765510843608,-6.50486434657842,1,1,"Cct3"
"ENSMUSG00000001418.14",2743.63713923994,0.14245008209662,0.0827317742448881,1.7218303777091,1,1,"Glmp"
"ENSMUSG00000001419.18",4820.74745242414,-0.122457361902186,0.0770879645096768,-1.58854060657957,1,1,"Mef2d"
"ENSMUSG00000001420.14",35.9397970482245,-0.128822159371988,0.0986641616267712,-1.30566314300931,1,1,"Tmem79"
"ENSMUSG00000001424.15",6522.64109464826,0.38222802813277,0.0959609388313159,3.98316265751282,0.999999999939369,1,"Snd1"
"ENSMUSG00000001435.16",340.750128409729,0.454843906125203,0.204394675019704,2.2253217021498,0.996175393241018,1,"Col18a1"
"ENSMUSG00000001436.16",340.611881866659,0.402392398288782,0.0798700118489984,5.03809113049265,0.999999999999963,1,"Slc19a1"
"ENSMUSG00000001440.6",24326.4547469903,-0.122818618747188,0.0690358108687139,-1.77905665482446,1,1,"Kpnb1"
"ENSMUSG00000001441.14",9689.51554627457,0.0510737995693212,0.0737169866902,0.692836235750681,1,1,"Npepps"
"ENSMUSG00000001444.3",18.0047767823117,-0.357774692850638,0.350513099382577,-1.02071703876646,0.966596018646077,1,"Tbx21"
"ENSMUSG00000001445.11",1893.8594850179,0.0469626811290814,0.0507098528557869,0.92610564780454,1,1,"Mrpl10"
"ENSMUSG00000001467.6",11902.6895072165,0.0565040917653427,0.11022481905079,0.512625851890096,1,1,"Cyp51"
"ENSMUSG00000001472.18",10466.6990429647,0.283161194472991,0.127075036820555,2.2282991337854,0.999999991550025,1,"Tcf25"
"ENSMUSG00000001473.8",5728.09203380849,1.12681314306289,0.146561444894766,7.68833265714571,0.193449197139718,1,"Tubb6"
"ENSMUSG00000001482.16",1675.81398051682,-0.00962703441716465,0.073639239352768,-0.130732398946253,1,1,"Def8"
"ENSMUSG00000001493.10",180.068428629966,0.597627515566126,0.313429146021415,1.90673880573089,0.90038981584363,1,"Meox1"
"ENSMUSG00000001504.11",801.695079851046,-0.0907695821940521,0.0712493041576107,-1.27397149020937,1,1,"Irx2"
"ENSMUSG00000001507.17",123.682838231803,1.20347550835013,0.364217604805376,3.3042760494601,0.288195298096462,1,"Itga3"
"ENSMUSG00000001508.16",21.8661750196047,0.361168543023638,0.255529091141159,1.41341457996312,0.993790983394178,1,"Sgca"
"ENSMUSG00000001517.15",3373.50849419445,-0.224551586360873,0.134255189820748,-1.6725728566671,0.999999996173513,1,"Foxm1"
"ENSMUSG00000001518.13",484.45755811722,-0.124461285203047,0.113617712787651,-1.09543910143361,0.999999999999994,1,"Itfg2"
"ENSMUSG00000001520.13",73.8812209758804,0.303385015739643,0.271673045916227,1.11672843625861,0.994829610242476,1,"Nrip2"
"ENSMUSG00000001521.13",5094.17516716979,0.793463236265216,0.113061735596646,7.01796440748034,0.966132140329779,1,"Tulp3"
"ENSMUSG00000001524.15",595.735225152676,0.177671151971528,0.0742959122764793,2.39139875300751,1,1,"Gtf2h4"
"ENSMUSG00000001525.11",52472.4651823927,-0.0455402100724425,0.0714691836367028,-0.637200647259884,1,1,"Tubb5"
"ENSMUSG00000001542.8",1234.342909502,-0.143341287541273,0.120254220757667,-1.19198550070131,0.999999999999475,1,"Ell2"
"ENSMUSG00000001552.15",681.087390717152,0.100892311340661,0.11949252307401,0.844339953205037,0.999999999999973,1,"Jup"
"ENSMUSG00000001558.6",35.3525047484666,0.11985213724231,0.127046148923422,0.943374815041041,0.999999999997862,1,"Klhl10"
"ENSMUSG00000001569.11",1367.02135196153,0.156092622894003,0.0568364597475934,2.74634668639109,1,1,"Nom1"
"ENSMUSG00000001576.16",5379.26726745681,0.148774508162949,0.0436877688931917,3.40540411955288,1,1,"Ergic1"
"ENSMUSG00000001627.13",1746.50699448284,-0.0255569179182063,0.0780514352896925,-0.327436873176646,1,1,"Ifrd1"
"ENSMUSG00000001630.14",812.691054695371,0.188366425887528,0.067739195328343,2.78075972078625,1,1,"Stk38l"
"ENSMUSG00000001632.17",1724.53592779006,-0.092145594774975,0.0522015574389291,-1.76518861305578,1,1,"Brpf1"
"ENSMUSG00000001642.19",2050.54862977496,-0.142260599357048,0.0747404128497399,-1.90339595317801,1,1,"Akr1b1"
"ENSMUSG00000001663.11",918.227841207879,-0.570776425968907,0.202696286477169,-2.81591950148134,0.982894249157119,1,"Gstt1"
"ENSMUSG00000001665.12",128.624695938252,1.22451810773559,0.294602328844856,4.15651197509863,0.222998466973309,1,"Gstt3"
"ENSMUSG00000001666.9",31.1587050119873,-1.31761837374357,0.276358736290762,-4.76778259818529,0.125216687410662,1,"Ddt"
"ENSMUSG00000001674.12",2747.60651602021,-0.422645694759262,0.0567971428043069,-7.44131964904426,1,1,"Ddx18"
"ENSMUSG00000001687.16",3246.46658950776,-0.250793681015723,0.0745694401594647,-3.36322333223111,1,1,"Ubl3"
"ENSMUSG00000001700.11",812.328966506559,0.262755660400275,0.0574275736065834,4.57542681848835,1,1,"Gramd2b"
"ENSMUSG00000001707.9",1464.57963969753,-0.0919288065794209,0.0637725717957843,-1.44151010365083,1,1,"Eef1e1"
"ENSMUSG00000001729.15",7747.03032533101,0.0439664504126179,0.0654590278115117,0.671663663249302,1,1,"Akt1"
"ENSMUSG00000001750.17",273.958697247874,-0.385194027046165,0.230276287884163,-1.67274724890446,0.996205882605661,1,"Tcirg1"
"ENSMUSG00000001751.10",1507.31630304933,0.868684580922448,0.0961181174914755,9.03767784465286,0.914060019121578,1,"Naglu"
"ENSMUSG00000001755.13",1263.92562809315,0.0358707916862533,0.064158668687613,0.55909501272396,1,1,"Coasy"
"ENSMUSG00000001763.15",77.8646395077781,0.211170389789149,0.158996867012617,1.32814182918706,0.999999649867756,1,"Tspan33"
"ENSMUSG00000001767.6",1599.62983339262,-0.73398611306202,0.0530894571728484,-13.8254589922122,0.999999728799334,1,"Crnkl1"
"ENSMUSG00000001768.17",2008.04790348489,-0.57692365560254,0.121145864990949,-4.76222325578875,0.999760549901962,1,"Rin2"
"ENSMUSG00000001774.9",2217.55492545053,0.0873194589677975,0.0653183158379393,1.33682961429142,1,1,"Chordc1"
"ENSMUSG00000001783.4",5612.52057607054,0.287560791186927,0.05477710826541,5.24965264310078,1,1,"Rtcb"
"ENSMUSG00000001785.14",2365.76609935346,-0.0101909811950447,0.0549289698609459,-0.185530171434918,1,1,"Pwp1"
"ENSMUSG00000001786.15",1073.69406666996,-0.75955538326218,0.105403448969345,-7.20617200565312,0.98873120691994,1,"Fbxo7"
"ENSMUSG00000001794.14",7479.21541981149,0.34089547966107,0.062397078948234,5.46332433195926,1,1,"Capns1"
"ENSMUSG00000001802.17",1693.92777949611,-0.0802975465173553,0.0495141993906924,-1.62170745978879,1,1,"Lrp3"
"ENSMUSG00000001829.18",2103.73712643669,0.31124571324528,0.0568384373823604,5.47597238030112,1,1,"Clpb"
"ENSMUSG00000001833.18",20145.7863829252,-0.191161452054893,0.0431009861174058,-4.43519903545072,1,1,"Septin7"
"ENSMUSG00000001844.11",786.391301155476,-0.0973675712607966,0.0739269823309106,-1.31707758372933,1,1,"Zdhhc4"
"ENSMUSG00000001847.15",16651.8291397895,0.022240993529205,0.0511981412763037,0.434410175345544,1,1,"Rac1"
"ENSMUSG00000001855.16",2239.61281627801,0.19222917146011,0.0984010255386189,1.95352813050375,1,1,"Nup214"
"ENSMUSG00000001864.14",1842.29626966488,-0.826105446047359,0.161355240763073,-5.11979308599202,0.85941895257999,1,"Aif1l"
"ENSMUSG00000001870.17",455.198543748972,0.202314612707762,0.201530258376296,1.00389199288378,0.999962233697394,1,"Ltbp1"
"ENSMUSG00000001891.17",5235.8061039376,0.179854788128635,0.0618007292278427,2.91023731233912,1,1,"Ugp2"
"ENSMUSG00000001901.16",21.0285334937328,-0.946146304182145,0.26194992619808,-3.61193575396045,0.581443526213704,1,"Kcnh6"
"ENSMUSG00000001909.17",1436.82864566857,0.418781589931017,0.0786859274931112,5.32219169644637,0.999999999999925,1,"Trmt1"
"ENSMUSG00000001910.6",6393.08797450465,0.0630140462314907,0.0610250516407345,1.03259308328759,1,1,"Nacc1"
"ENSMUSG00000001911.17",13232.7321506524,-0.159575996714185,0.0700671018964367,-2.27747391279359,1,1,"Nfix"
"ENSMUSG00000001918.18",802.683140256336,1.13055452050144,0.130345717776975,8.673507191359,0.158267947929293,1,"Slc1a5"
"ENSMUSG00000001924.16",17836.8500285178,-0.246679416452307,0.0434904745337171,-5.67203322329957,1,1,"Uba1"
"ENSMUSG00000001930.18",134.71082570087,-0.380546592530902,0.18489157139769,-2.05821492918339,0.999596467673423,1,"Vwf"
"ENSMUSG00000001942.9",1348.60922335752,0.518760188815277,0.067730468831887,7.65918496892271,0.999999999999399,1,"Siae"
"ENSMUSG00000001946.15",44.5027992002263,-0.543814260159508,0.248328500207293,-2.18989870154073,0.966896920649091,1,"Esam"
"ENSMUSG00000001948.11",243.092241843331,-0.261153904112559,0.106343796781999,-2.45575117698605,0.999999999998144,1,"Spa17"
"ENSMUSG00000001962.9",1769.92700180601,0.114961739274893,0.0474442797944053,2.42308956470765,1,1,"Fam50a"
"ENSMUSG00000001964.15",2388.74903405509,-0.168784500550869,0.044342371207751,-3.80639320707697,1,1,"Emd"
"ENSMUSG00000001983.8",443.549951867074,-0.0500097910059422,0.0778118694417143,-0.642701317482193,1,1,"Taco1"
"ENSMUSG00000001986.17",184.511314713649,0.455635842404175,0.403032147701312,1.13051984811357,0.911751797137101,1,"Gria3"
"ENSMUSG00000001995.10",3748.66019970741,-0.226202641995536,0.0868509034338717,-2.60449382852727,1,1,"Sipa1l2"
"ENSMUSG00000001998.16",971.043182790916,-0.217152033583465,0.0816280810553078,-2.66026140485076,1,1,"Ap4e1"
"ENSMUSG00000001999.16",749.732960419971,-0.362076530010073,0.0627296882824339,-5.77201226283575,1,1,"Blvra"
"ENSMUSG00000002006.13",956.143320912159,-0.80821619721862,0.103064701802289,-7.84183316970183,0.968614476470255,1,"Pdzd4"
"ENSMUSG00000002007.6",125.246466413938,-0.634335438115858,0.223338189914376,-2.84024616819475,0.949212800189811,1,"Srpk3"
"ENSMUSG00000002010.18",2771.28295698782,0.254647871395159,0.0619396416661987,4.11122609923208,1,1,"Idh3g"
"ENSMUSG00000002014.13",1337.62827880137,0.175170664076704,0.0569706577813479,3.07475235320269,1,1,"Ssr4"
"ENSMUSG00000002015.6",3946.6897529749,0.4337358045495,0.0637525727798654,6.80342432684512,1,1,"Bcap31"
"ENSMUSG00000002017.11",2268.48324845546,-0.189797831792799,0.0617805101962449,-3.07213118166083,1,1,"Fam98a"
"ENSMUSG00000002028.14",5243.53462177953,0.0877202192966889,0.0796676507092356,1.10107701828491,1,1,"Kmt2a"
"ENSMUSG00000002031.14",1016.82584747021,0.0703102855244478,0.0534843206174229,1.3145962164759,1,1,"Ift46"
"ENSMUSG00000002032.18",160.394875662106,0.305455248398296,0.115355064891414,2.64795697255102,0.99999999913291,1,"Tmem25"
"ENSMUSG00000002043.18",640.94876483617,0.926464195279521,0.138848213243214,6.67249634431144,0.701809825379403,1,"Trappc6a"
"ENSMUSG00000002052.7",6737.71702555906,-0.17090759618166,0.050064904197478,-3.41372062767813,1,1,"Supt6"
"ENSMUSG00000002055.10",3091.64304905888,-0.395946097456654,0.10675191703541,-3.70903032425465,0.999999992364156,1,"Spag5"
"ENSMUSG00000002058.14",1149.09572790234,-0.754610870185943,0.0755763038015975,-9.98475490633868,0.999416664760114,1,"Unc119"
"ENSMUSG00000002059.19",1252.12677092444,0.210738534346184,0.0532525487508186,3.95734174775897,1,1,"Rab34"
"ENSMUSG00000002064.11",1515.95701190226,-0.236233489424226,0.0564797324941535,-4.18262408464274,1,1,"Sdf2"
"ENSMUSG00000002068.17",1008.56133212148,-0.395911080535612,0.138469384687516,-2.85919578128454,0.999993574215092,1,"Ccne1"
"ENSMUSG00000002076.13",8.85731796769736,0.781463738653679,0.239135371071858,3.2678718131533,0.819604805135114,1,"Hsf2bp"
"ENSMUSG00000002083.14",467.10243848129,-0.128001297860524,0.123192867905757,-1.03903172347969,0.99999999999927,1,"Bbc3"
"ENSMUSG00000002102.16",5255.04340086904,0.0209226020431927,0.0469322625834367,0.445804248324833,1,1,"Psmc3"
"ENSMUSG00000002103.17",2301.0230987468,-0.0517588609210266,0.0633362254948106,-0.817207854062402,1,1,"Acp2"
"ENSMUSG00000002105.16",664.228500538542,0.694566686287732,0.0750412860574887,9.2557940139196,0.999976513967114,1,"Slc39a13"
"ENSMUSG00000002107.20",7923.38110480915,-0.134376872447736,0.0808172479318658,-1.66272517174829,1,1,"Celf2"
"ENSMUSG00000002108.11",50.8783270538695,-0.198150861046232,0.211743123804362,-0.935807772578775,0.999923737108971,1,"Nr1h3"
"ENSMUSG00000002109.15",235.663592746851,0.0350104227051159,0.0732105866180942,0.478215300851898,1,1,"Ddb2"
"ENSMUSG00000002111.10",74.6044315504598,0.0717295731252668,0.366206955115909,0.195871684366463,0.996088441771158,1,"Spi1"
"ENSMUSG00000002129.12",4543.31139774054,-0.105679198156985,0.0642184907603636,-1.64561946108849,1,1,"Sf3a1"
"ENSMUSG00000002147.19",191.443058864856,0.666158200484648,0.230065510154772,2.89551528187126,0.926620202476772,1,"Stat6"
"ENSMUSG00000002205.17",980.029222627324,0.0439382133172865,0.0519520718061669,0.845745160678477,1,1,"Vrk3"
"ENSMUSG00000002210.12",619.058452297124,0.125443125309344,0.0663106895340892,1.89174816595529,1,1,"Smg9"
"ENSMUSG00000002221.12",1220.19183718982,-0.168630085024378,0.073508702821176,-2.29401524652942,1,1,"Paxip1"
"ENSMUSG00000002222.15",4097.00437874495,0.0675107961910216,0.0525840684526079,1.28386407095652,1,1,"Rmnd5a"
"ENSMUSG00000002227.16",830.353973676369,-0.0356341578349376,0.0763816043967352,-0.4665280091506,1,1,"Mov10"
"ENSMUSG00000002233.14",6629.60325613891,0.255059849452717,0.0628252022810427,4.05983331835097,1,1,"Rhoc"
"ENSMUSG00000002249.22",325.242027756718,1.02701968913702,0.15007452099123,6.84339808219031,0.428559870476526,1,"Tead3"
"ENSMUSG00000002250.17",1299.81328164559,0.285309983390575,0.0670395707889007,4.25584442193075,1,1,"Ppard"
"ENSMUSG00000002257.9",142.760974682183,0.812122076171614,0.182757373622242,4.44371715392597,0.848029389304487,1,"Def6"
"ENSMUSG00000002266.18",59.5093357320576,-1.18883834620986,0.224965013592458,-5.28454770466456,0.200619058398377,1,"Zim1"
"ENSMUSG00000002274.15",3294.7038726765,0.609698294339114,0.11928506766426,5.11127089314457,0.999466067386183,1,"Metrn"
"ENSMUSG00000002279.20",1002.96172585384,0.29588468034302,0.0727436377116972,4.06749909202632,1,1,"Lmf1"
"ENSMUSG00000002280.12",548.720638837886,0.23417062461659,0.0510375370590276,4.58820386151783,1,1,"Ciao3"
"ENSMUSG00000002289.17",26.8717299097422,0.4414490057607,0.417876402942154,1.05641046647424,0.909611029299822,1,"Angptl4"
"ENSMUSG00000002297.17",2116.99987440962,-0.012595287157275,0.0988290815848495,-0.12744515030691,1,1,"Dbf4"
"ENSMUSG00000002307.17",997.954545068396,-0.0838641161622838,0.0429375704609798,-1.95316398347449,1,1,"Daxx"
"ENSMUSG00000002308.17",336.33923304007,0.127228120462161,0.0649979117198433,1.95741858616235,1,1,"Cd320"
"ENSMUSG00000002319.17",3469.63147234036,0.925626855195445,0.0864440194353916,10.707818322669,0.805205222217054,1,"Ipo4"
"ENSMUSG00000002320.16",2840.68105388313,0.970677131031966,0.0638813987612021,15.1949886798894,0.676890262765195,1,"Tm9sf1"
"ENSMUSG00000002325.16",879.741162745502,-0.407277335398806,0.139837176296132,-2.91251115180071,0.999988757255016,1,"Irf9"
"ENSMUSG00000002326.7",1049.54512184353,0.807735086281249,0.060800109776737,13.2850925639332,0.99921721419489,1,"Gmpr2"
"ENSMUSG00000002329.8",1181.27721821944,0.355473720556926,0.0472358297831566,7.52551023637741,1,1,"Mdp1"
"ENSMUSG00000002332.17",1450.27338683341,1.02084689867747,0.102335542582645,9.97548723458465,0.419289585166668,1,"Dhrs1"
"ENSMUSG00000002342.18",1144.4207672784,0.443174799430479,0.0612971297604711,7.22994373737008,1,1,"Tmem161a"
"ENSMUSG00000002343.12",344.646213522401,-0.375409725702607,0.0824178008024068,-4.554959269086,0.999999999999982,1,"Armc6"
"ENSMUSG00000002345.19",360.983161961916,0.135576757536831,0.0555908154189588,2.43883376264693,1,1,"Borcs8"
"ENSMUSG00000002346.18",225.333295051452,0.434961443695223,0.115901494594871,3.75285448402207,0.999999456403871,1,"Slc25a42"
"ENSMUSG00000002365.11",2156.8563002107,0.759224853410067,0.0719372345651612,10.5539899886248,0.999591568987334,1,"Snx9"
"ENSMUSG00000002372.10",2254.14327111134,0.0233472636823347,0.0445510663540231,0.524056225653651,1,1,"Ranbp3"
"ENSMUSG00000002379.8",1016.67640855436,0.0822023608042152,0.0686553144715116,1.197319704046,1,1,"Ndufa11"
"ENSMUSG00000002393.15",905.9719905133,0.375532730538205,0.0849529886317977,4.42047697893049,0.999999999999901,1,"Nr2f6"
"ENSMUSG00000002395.15",1434.98423178903,0.522995937114423,0.0982040431261203,5.3256049391241,0.999999404939327,1,"Use1"
"ENSMUSG00000002396.9",105.606581098179,-0.487377142940386,0.085885110111463,-5.67475715299033,0.999999998804277,1,"Ocel1"
"ENSMUSG00000002409.19",355.28907092879,0.247993820833305,0.100341159155761,2.47150643783516,0.999999999999967,1,"Dyrk1b"
"ENSMUSG00000002413.16",2848.13545004589,0.0116147430856875,0.0810535542130822,0.143297147157217,1,1,"Braf"
"ENSMUSG00000002416.14",1041.41467271388,0.0854933513454491,0.0635245225070417,1.34583225455921,1,1,"Ndufb2"
"ENSMUSG00000002428.13",1303.15883826768,-0.234209223164446,0.0580222200641403,-4.03654363630935,1,1,"Hltf"
"ENSMUSG00000002455.15",3254.05997722142,-0.387839566123248,0.0558696069046107,-6.94187032290075,1,1,"Prpf6"
"ENSMUSG00000002458.14",848.24226650102,-0.439721598763693,0.078577978476988,-5.59599021617065,0.999999999999499,1,"Rgs19"
"ENSMUSG00000002459.18",1162.93279273815,-0.313651506572551,0.108403783849465,-2.89336308599801,0.999999999878532,1,"Rgs20"
"ENSMUSG00000002475.17",141.8694063578,-1.03253097051403,0.151575895164925,-6.81197343014582,0.415032437904066,1,"Abhd3"
"ENSMUSG00000002477.6",3449.3247819729,0.0735758021620432,0.0829605244477348,0.886877254595901,1,1,"Snrpd1"
"ENSMUSG00000002486.16",350.837209976932,-0.176231981399407,0.054847175875631,-3.21314595666734,1,1,"Tchp"
"ENSMUSG00000002489.17",1023.07413531709,-0.35056638015357,0.145307840750949,-2.41257717644036,0.999996077372277,1,"Tiam1"
"ENSMUSG00000002496.11",3184.61429923724,0.0122586161524615,0.126594171298866,0.0968339697372095,0.999999999999998,1,"Tsc2"
"ENSMUSG00000002504.16",299.115634653759,0.109576107808582,0.101141782376027,1.08339110933597,1,1,"Nherf2"
"ENSMUSG00000002524.18",3808.82407964704,0.0317724583151671,0.0388983320066862,0.816807731233971,1,1,"Puf60"
"ENSMUSG00000002546.18",2845.36988973725,0.313084069482414,0.0583140033636049,5.36893458557876,1,1,"Golga2"
"ENSMUSG00000002550.17",1008.03374885034,-0.00492213470513178,0.0474436329405722,-0.103747002496568,1,1,"Uck1"
"ENSMUSG00000002578.19",195.843463875027,-1.10075458885528,0.156662203148596,-7.02629330324942,0.260068992414981,1,"Ikzf4"
"ENSMUSG00000002580.8",1250.76772031236,-0.00441949365819042,0.0779146251859816,-0.0567222603925915,1,1,"Mien1"
"ENSMUSG00000002603.16",158.01305602423,-0.00402180753455068,0.271121019463825,-0.0148339938471178,0.99998683926304,1,"Tgfb1"
"ENSMUSG00000002608.9",1035.20520570715,-0.231551063343166,0.0526790144857268,-4.39550864046449,1,1,"Ccdc97"
"ENSMUSG00000002617.15",849.92424686639,-0.256381178991833,0.0992874656289339,-2.58221093033036,0.999999999999965,1,"Zfp40"
"ENSMUSG00000002625.11",1481.80887434235,0.372297278984439,0.105029007402678,3.5447091064763,0.999999998859878,1,"Akap8l"
"ENSMUSG00000002635.12",493.670218436924,0.135166994752752,0.0505746627437778,2.67262276048261,1,1,"Pdcd2l"
"ENSMUSG00000002658.10",2112.91975674029,0.126327943602327,0.0470252305966273,2.68638647805775,1,1,"Gtf2f1"
"ENSMUSG00000002660.9",1183.1817032058,0.0931617908188065,0.0657744096228755,1.41638353507024,1,1,"Clpp"
"ENSMUSG00000002661.15",174.609727867346,0.353404300046285,0.100808534605293,3.50569821721949,0.99999999992917,1,"Alkbh7"
"ENSMUSG00000002679.15",710.347907879822,0.0341921098738527,0.0537454962781041,0.636185582824036,1,1,"Med6"
"ENSMUSG00000002688.9",914.445805604849,0.386893414168531,0.0998183122299672,3.87597631662198,0.999999999593134,1,"Prkd1"
"ENSMUSG00000002699.14",248.152595554856,-0.00372889383801911,0.437299020675106,-0.00852710310730266,0.999501990932941,1,"Lcp2"
"ENSMUSG00000002718.15",6401.74242240486,-0.552827474957845,0.0804735400491589,-6.86968007894445,0.999999986258957,1,"Cse1l"
"ENSMUSG00000002728.15",2014.00337181927,-0.0382768997152683,0.0591975196201623,-0.646596343239885,1,1,"Naa20"
"ENSMUSG00000002731.7",1249.59485143331,0.261618259593469,0.0518030755497624,5.05024570099427,1,1,"Prkra"
"ENSMUSG00000002732.15",502.652395422409,0.758922475851989,0.128180739205608,5.92072163536707,0.969997881488611,1,"Fkbp7"
"ENSMUSG00000002733.9",1368.63611258782,-0.0354463748829706,0.0452882930073482,-0.782682952462335,1,1,"Plekha3"
"ENSMUSG00000002741.10",3056.40900682766,-0.224137730368141,0.0554862459990148,-4.03951873716814,1,1,"Ykt6"
"ENSMUSG00000002748.8",7047.96009290823,0.0154055414204915,0.0718043266281386,0.214548929624728,1,1,"Baz1b"
"ENSMUSG00000002763.17",1120.34351928438,0.471754181036753,0.0578586191945581,8.15356791440892,1,1,"Pex6"
"ENSMUSG00000002767.14",1092.0711417367,0.186855210496768,0.0844017991686279,2.21387710140451,1,1,"Mrpl2"
"ENSMUSG00000002768.9",1446.40797939925,-0.115183193228454,0.0539188054341148,-2.13623414504611,1,1,"Mea1"
"ENSMUSG00000002778.15",3904.44696869531,0.485394914701558,0.0520165352660212,9.33155028913725,1,1,"Kdelr1"
"ENSMUSG00000002781.20",496.571250394125,0.798334666614299,0.158363463941131,5.041154359386,0.898567864331591,1,"Tmem143"
"ENSMUSG00000002797.10",354.257973813627,-0.572158062850855,0.100622000432185,-5.68621236303549,0.999989405186189,1,"Ggct"
"ENSMUSG00000002799.7",412.341753926001,-0.416890376263615,0.163205589657614,-2.55438785606671,0.99982344367602,1,"Jag2"
"ENSMUSG00000002803.15",214.422169687408,-0.377931810841403,0.0765922743194265,-4.93433331494043,1,1,"Btbd6"
"ENSMUSG00000002804.5",168.988877412166,0.401920453259822,0.121649026948909,3.30393479783956,0.999999559328027,1,"Nudt14"
"ENSMUSG00000002808.8",3331.37284994857,0.619773122780572,0.073516169808154,8.43043271157783,0.999999884209722,1,"Epdr1"
"ENSMUSG00000002812.5",2992.01336597476,0.152703933584677,0.0565641587579875,2.69965888183767,1,1,"Flii"
"ENSMUSG00000002814.16",539.970760872283,0.129772378326138,0.0556559324998897,2.33168994745341,1,1,"Top3a"
"ENSMUSG00000002820.7",634.484775728576,0.104354554409973,0.0513737079489713,2.03128328820701,1,1,"Atg4d"
"ENSMUSG00000002825.9",284.091006390776,0.14988371981122,0.0896569758241425,1.67174632462742,1,1,"Qtrt1"
"ENSMUSG00000002831.16",90.539563434893,1.07723320535383,0.374193764974734,2.87881121008675,0.418239654268562,1,"Plin4"
"ENSMUSG00000002833.12",2550.10654208514,0.0131957880906627,0.0439892068022107,0.299977859341613,1,1,"Hdgfl2"
"ENSMUSG00000002835.10",1803.85694695559,-0.0990502068595977,0.118166595834677,-0.838225102110716,0.999999999999988,1,"Chaf1a"
"ENSMUSG00000002844.10",3022.76046720299,-0.0277623246642883,0.0567527604695197,-0.489180163830069,1,1,"Adprh"
"ENSMUSG00000002845.15",893.582088862612,0.628590142609914,0.0941077941790821,6.67946951783548,0.999960372685795,1,"Tmem39a"
"ENSMUSG00000002846.10",975.80493861507,0.214425102089505,0.0482176345571837,4.44702657147579,1,1,"Timmdc1"
"ENSMUSG00000002870.9",4560.97766230493,-0.384225490070209,0.125252840528553,-3.06759901371353,0.999999558915542,1,"Mcm2"
"ENSMUSG00000002871.15",412.566182473535,0.380008660135462,0.0905619222516183,4.1961196349128,0.999999999996204,1,"Tpra1"
"ENSMUSG00000002881.15",2609.28559970296,-0.0464619299153453,0.0907660460267244,-0.511886679537252,1,1,"Nab1"
"ENSMUSG00000002885.15",43.6209691732664,0.316059899546855,0.299480757107578,1.0553596251038,0.988812528715134,1,"Adgre5"
"ENSMUSG00000002897.6",61.3452998049717,0.745135171452008,0.1893588358439,3.93504305268473,0.910838382458691,1,"Il17ra"
"ENSMUSG00000002908.19",153.640124337337,0.653600035303533,0.139758348315229,4.67664395853706,0.993404371731512,1,"Kcnn1"
"ENSMUSG00000002910.12",287.064924073449,0.603027339109825,0.125658744844649,4.7989285573029,0.99920880312933,1,"Arrdc2"
"ENSMUSG00000002944.16",700.970085358293,-0.808201569781525,0.371598174590359,-2.17493417633837,0.697123896084274,1,"Cd36"
"ENSMUSG00000002948.20",1615.21515741021,0.260840762944054,0.0796318483637392,3.2755834292907,1,1,"Map2k7"
"ENSMUSG00000002949.16",1845.50450758658,0.384373171223382,0.0466906460429453,8.2323378192249,1,1,"Timm44"
"ENSMUSG00000002957.12",4321.65009010131,0.125291557868473,0.0581160203415109,2.15588674400302,1,1,"Ap2a2"
"ENSMUSG00000002963.18",652.085647225435,-0.0314554347131553,0.0911705374750182,-0.345017541678686,1,1,"Pnkp"
"ENSMUSG00000002968.10",1861.90725946339,0.147715005147001,0.0557466768080474,2.6497544536265,1,1,"Med25"
"ENSMUSG00000002980.15",806.919285495383,0.538136476799046,0.133206593588777,4.03986366065581,0.999737115444285,1,"Bcam"
"ENSMUSG00000002981.11",5859.84066299374,0.13125815957391,0.074361338435225,1.76513982044913,1,1,"Clptm1"
"ENSMUSG00000002983.19",327.437505418072,-0.0277190556911014,0.101187525291399,-0.273937480052766,1,1,"Relb"
"ENSMUSG00000002984.18",2274.60621748169,0.390207306075981,0.0555055914681795,7.03005401356151,1,1,"Tomm40"
"ENSMUSG00000002985.17",25578.2987016616,0.673271972150659,0.195468673355164,3.44439833040321,0.952689601136061,1,"Apoe"
"ENSMUSG00000002996.18",1945.19739351725,0.465309717830497,0.100466552649994,4.63148884436738,0.999999948704181,1,"Hbp1"
"ENSMUSG00000002997.16",1230.64087439465,-0.434735538764554,0.188004388165619,-2.31236910481888,0.998679306178277,1,"Prkar2b"
"ENSMUSG00000003031.15",5916.22148645162,0.357892554815477,0.0734498676983844,4.87260993151319,1,1,"Cdkn1b"
"ENSMUSG00000003032.9",377.117347339735,0.278473652583647,0.167875595420595,1.65880961962315,0.999991382006102,1,"Klf4"
"ENSMUSG00000003033.16",2148.35722534664,0.160839962786171,0.0418885700543422,3.83971003492154,1,1,"Ap1m1"
"ENSMUSG00000003037.17",2204.97464003219,0.00574056482933883,0.0706203881468853,0.0812876419965133,1,1,"Rab8a"
"ENSMUSG00000003038.16",22106.449888422,-0.370182245441877,0.0891408316935886,-4.15277980257506,0.999999999999199,1,"Hmgn2"
"ENSMUSG00000003039.10",2469.31312568633,0.171713303244732,0.0368338495265922,4.66183430327486,1,1,"Fam32a"
"ENSMUSG00000003062.14",1329.11729136731,-0.105512331311896,0.0458196824928575,-2.30277307854203,1,1,"Stard3nl"
"ENSMUSG00000003068.18",3286.65006158011,0.0966983891067182,0.069169872430848,1.39798420480523,1,1,"Stk11"
"ENSMUSG00000003070.7",483.273817968432,-0.365911217873523,0.080839160078017,-4.52641043672876,0.999999999999998,1,"Efna2"
"ENSMUSG00000003072.16",5452.05935773845,0.582406850668425,0.0625482136774374,9.31132667787941,0.999999999987751,1,"Atp5f1d"
"ENSMUSG00000003099.12",3297.8383342121,0.234949821721404,0.0580835899090847,4.04502927744582,1,1,"Ppp5c"
"ENSMUSG00000003119.15",2484.07206235773,-0.277832571945214,0.0675572034034859,-4.11255288774843,1,1,"Cdk12"
"ENSMUSG00000003123.16",263.420389918653,0.19165689932243,0.0733362669142196,2.61339862781136,1,1,"Lipe"
"ENSMUSG00000003131.8",6233.30140160282,-0.00124410341154213,0.0681915721399952,-0.0182442400504863,1,1,"Pafah1b2"
"ENSMUSG00000003134.11",751.706970469329,0.168560635090416,0.100788328711135,1.67242216679196,1,1,"Tbc1d8"
"ENSMUSG00000003135.16",1936.38661593171,-0.018199530215989,0.0489908581188283,-0.371488292200264,1,1,"Cnot11"
"ENSMUSG00000003153.11",4437.58096273257,-0.244448750451625,0.190659297907575,-1.28212341666193,0.999962967474814,1,"Slc2a3"
"ENSMUSG00000003154.17",1603.39404674465,-0.0276367874139427,0.0500475822069246,-0.552210240640134,1,1,"Foxj2"
"ENSMUSG00000003161.16",2724.47242849716,-0.0631453044008847,0.0575028820536064,-1.09812416605516,1,1,"Sri"
"ENSMUSG00000003166.21",4732.39462670082,-0.00224209997524976,0.0421349911581586,-0.0532123043964523,1,1,"Dgcr2"
"ENSMUSG00000003184.16",876.869284917491,0.375307841558363,0.0796701903441535,4.71076873215861,0.999999999999998,1,"Irf3"
"ENSMUSG00000003190.13",370.837436049799,0.850855815584016,0.130284650817493,6.53074487474293,0.873844954092315,1,"Bcl2l12"
"ENSMUSG00000003198.11",234.347702664367,-0.526943585514249,0.0652250500418079,-8.07885291274579,0.999999999999796,1,"Zfp959"
"ENSMUSG00000003199.17",1930.75182959739,0.101172762807451,0.0677453966138087,1.49342638562143,1,1,"Mpnd"
"ENSMUSG00000003200.11",1990.51371192465,0.150811141866331,0.0478994830232919,3.14849205769083,1,1,"Sh3gl1"
"ENSMUSG00000003208.10",327.016422436884,-0.0140053272981185,0.0447504419200658,-0.31296511715203,1,1,"Yju2"
"ENSMUSG00000003226.8",8016.40249805694,0.110472629862976,0.0787014310657788,1.40369277110912,1,1,"Ranbp2"
"ENSMUSG00000003227.5",122.584917857515,-0.414926257913653,0.156343600412389,-2.65393822848647,0.999908802840866,1,"Edar"
"ENSMUSG00000003228.10",460.599508727378,-0.389876707901669,0.086538520941795,-4.50523886540535,0.999999999999107,1,"Grk5"
"ENSMUSG00000003233.13",3277.00380987621,-0.303909199903409,0.0537090801414397,-5.65843241223053,1,1,"Dvl3"
"ENSMUSG00000003234.17",1529.44480085315,-0.0104005490712164,0.037026080768557,-0.280897919934552,1,1,"Abcf3"
"ENSMUSG00000003235.14",2542.05293746229,-0.00982174218552113,0.0418157127257284,-0.234881616150907,1,1,"Eif2b5"
"ENSMUSG00000003269.20",2358.93768501409,-0.15813998043575,0.0515801498802187,-3.06590773394393,1,1,"Cyth2"
"ENSMUSG00000003273.15",339.789899931019,1.10337821799632,0.192484709643881,5.7322902169097,0.295608814841892,1,"Car11"
"ENSMUSG00000003283.16",49.4332740345232,-0.124474732799377,0.382296913076955,-0.325597012535438,0.990628140900279,1,"Hck"
"ENSMUSG00000003299.11",1382.49261029199,0.189001059981025,0.0547181339684536,3.45408452872294,1,1,"Mrpl4"
"ENSMUSG00000003308.16",1498.692096385,0.0439710666033641,0.0360529879785525,1.21962336740361,1,1,"Keap1"
"ENSMUSG00000003316.15",15494.6592525287,0.523966604023429,0.060867595928081,8.60830128139987,0.999999999999997,1,"Glg1"
"ENSMUSG00000003341.10",12.9757488521818,-0.00812466808154362,0.182612114263983,-0.0444913970482738,0.999999988968148,1,"Atp8b3"
"ENSMUSG00000003344.16",1705.97554051718,0.31823353465645,0.0555190070216685,5.73197453859805,1,1,"Btbd2"
"ENSMUSG00000003345.17",3728.07260161577,0.360853535852453,0.0706807793939607,5.10539836921048,1,1,"Csnk1g2"
"ENSMUSG00000003346.15",1455.81504771672,0.300405714149867,0.0791658010267615,3.79463998663156,1,1,"Abhd17a"
"ENSMUSG00000003348.11",980.54098888909,0.148861628651543,0.0522202160525421,2.85065133590722,1,1,"Mob3a"
"ENSMUSG00000003352.15",1151.96598652876,-0.681889016863725,0.0850016818945591,-8.02206499525008,0.999908867402233,1,"Cacnb3"
"ENSMUSG00000003354.7",31.2132851519783,0.785473599122482,0.175305926469805,4.48058782118682,0.889472175210331,1,"Ccdc65"
"ENSMUSG00000003355.8",20.7614691173964,-1.22280732300991,0.321429405165022,-3.80427958164599,0.244099384333549,1,"Fkbp11"
"ENSMUSG00000003360.16",3496.99205119337,-0.0626341959902719,0.0753425686979314,-0.831325465440251,1,1,"Ddx23"
"ENSMUSG00000003363.16",2169.24015462169,0.0328828435108373,0.120961716921056,0.271845046084273,0.999999999999999,1,"Pld3"
"ENSMUSG00000003378.10",2798.37705690842,-0.247840262795052,0.0601025949605252,-4.12362000272752,1,1,"Grik5"
"ENSMUSG00000003380.12",1072.8470128724,0.368366871207222,0.100667702548621,3.65923590070316,0.999999999824549,1,"Rabac1"
"ENSMUSG00000003382.19",1426.35821828895,-0.0828609909011242,0.0435041405743661,-1.90466906844146,1,1,"Etv3"
"ENSMUSG00000003402.15",6447.59416971082,0.419243100152576,0.0522829311263897,8.01873749463453,1,1,"Prkcsh"
"ENSMUSG00000003410.9",195.357783365641,-1.38031663994492,0.351399777338413,-3.92805211887091,0.139561733457135,1,"Elavl3"
"ENSMUSG00000003411.11",512.360098128976,0.823186725803473,0.167997090995997,4.90000583297651,0.853709894027504,1,"Rab3b"
"ENSMUSG00000003421.14",1126.10328941436,0.171036656214388,0.0446858068976317,3.8275387217737,1,1,"Nosip"
"ENSMUSG00000003423.16",792.847511106554,-0.0668061714154749,0.0665936584269332,-1.00319118957513,1,1,"Pih1d1"
"ENSMUSG00000003429.12",15932.6924184401,0.50304369324011,0.0951104636607612,5.28904679756751,0.999999912942898,1,"Rps11"
"ENSMUSG00000003435.10",4475.72553585105,-0.0788562468275299,0.0246703980974124,-3.19639133978146,1,1,"Supt5"
"ENSMUSG00000003437.15",1767.16382602832,-0.204280156112204,0.0677300148365604,-3.01609495590919,1,1,"Paf1"
"ENSMUSG00000003438.18",1539.35758235011,0.00111554430441073,0.0781496366581688,0.0142744656547821,1,1,"Timm50"
"ENSMUSG00000003444.9",476.192404864956,0.0884676418139607,0.060860686283036,1.45360900799799,1,1,"Med29"
"ENSMUSG00000003452.16",1396.34240641421,-0.540850051974992,0.0950877042843306,-5.68790734875401,0.999999312861879,1,"Bicd1"
"ENSMUSG00000003458.13",7212.58408062717,-0.114595184464329,0.0460723261619765,-2.4872888783919,1,1,"Ncstn"
"ENSMUSG00000003464.14",4132.02885211726,-0.410823737391746,0.0417642764852594,-9.8367258328238,1,1,"Pex19"
"ENSMUSG00000003469.10",360.397546704271,-0.480534593968905,0.216980846180532,-2.21464061196024,0.991668513921676,1,"Phyhip"
"ENSMUSG00000003500.14",1334.49373789034,-0.0435151442396781,0.0613443178790102,-0.709359004129825,1,1,"Impdh1"
"ENSMUSG00000003518.14",2970.96582846276,-0.00492465369022926,0.0709279535163844,-0.0694317747246389,1,1,"Dusp3"
"ENSMUSG00000003526.13",107.485155546197,0.560848157887917,0.139323877654291,4.025499198921,0.999189278017268,1,"Prodh"
"ENSMUSG00000003527.10",848.406050117722,0.0877894191947797,0.0405137777520137,2.16690281839778,1,1,"Ess2"
"ENSMUSG00000003528.16",2836.33928992135,0.165815424165073,0.0586984172327746,2.82487044765646,1,1,"Slc25a1"
"ENSMUSG00000003531.16",768.157829467077,0.0101067729742089,0.0746746336098195,0.135344125382892,1,1,"Dgcr6"
"ENSMUSG00000003534.18",6620.30620829714,0.203113288539898,0.0589344882756513,3.4464249115032,1,1,"Ddr1"
"ENSMUSG00000003541.7",995.392172713407,0.645384674238893,0.128368511433591,5.02759334848849,0.997131788001532,1,"Ier3"
"ENSMUSG00000003545.4",127.293926243925,0.0477965501741799,0.272394470097708,0.175468136915684,0.999823451389756,1,"Fosb"
"ENSMUSG00000003546.11",482.442670962983,0.0130086716050494,0.0759286711269199,0.171327529008172,1,1,"Klc4"
"ENSMUSG00000003549.10",515.400250387738,0.0187902777336167,0.0770329746163096,0.243925122029994,1,1,"Ercc1"
"ENSMUSG00000003573.16",993.985602304779,0.105819198820134,0.0651060735816374,1.62533528745894,1,1,"Homer3"
"ENSMUSG00000003575.14",1249.69689594318,-0.183387945253812,0.0748375463348373,-2.45048046382093,1,1,"Crtc1"
"ENSMUSG00000003581.15",658.287490825854,0.00132547101115591,0.0510457884203248,0.0259663147964651,1,1,"Rnf215"
"ENSMUSG00000003585.14",433.157231151725,0.306363121183675,0.0996383883558486,3.07474986537849,0.999999999998317,1,"Sec14l2"
"ENSMUSG00000003604.15",305.766212826477,-0.175805107131738,0.0879791515589197,-1.99825872398873,1,1,"Aven"
"ENSMUSG00000003617.17",6258.67814983523,-0.0107585159124923,0.295719861624143,-0.0363807687904515,0.999904343177359,1,"Cp"
"ENSMUSG00000003623.5",3688.07598602956,0.577356581857203,0.0780866574953624,7.39379300351654,0.999999968923204,1,"Crot"
"ENSMUSG00000003644.18",1543.8699301163,0.48148611948173,0.123660547110602,3.89361142847839,0.999986238083272,1,"Rps6ka1"
"ENSMUSG00000003657.10",257.64661590656,-0.793628149079177,0.224415176756949,-3.53642815315789,0.821108684075931,1,"Calb2"
"ENSMUSG00000003660.11",7899.4944173422,-0.4034932582205,0.0672273045654722,-6.00192527171071,1,1,"Snrnp200"
"ENSMUSG00000003662.11",1265.23512719077,-0.307034721996289,0.0560979810050624,-5.47318667259311,1,1,"Ciao1"
"ENSMUSG00000003680.17",476.139136934232,0.010576388338231,0.114824178847961,0.0921094184547594,1,1,"Taf6l"
"ENSMUSG00000003721.15",1530.85079480516,0.228773878686597,0.0988894641985758,2.31343025812342,0.999999999999997,1,"Insig2"
"ENSMUSG00000003731.14",4854.30911177601,0.0507573906943452,0.0893256029861255,0.568228917550426,1,1,"Kpna6"
"ENSMUSG00000003746.17",349.794373972632,-0.0651236393068782,0.155679153190578,-0.418319588539615,0.999999999048123,1,"Man1a"
"ENSMUSG00000003752.10",396.617930607965,0.44506936878747,0.0764152752984938,5.82435078652713,0.999999999999809,1,"Itpkc"
"ENSMUSG00000003762.14",431.581806447809,0.290716951738748,0.0693437088209498,4.19240557913334,1,1,"Coq8b"
"ENSMUSG00000003778.15",3394.86813928682,-0.0545110024015694,0.0466381773687231,-1.16880644735757,1,1,"Brd8"
"ENSMUSG00000003779.17",3568.10063606533,-0.0465841029597646,0.132299817747612,-0.352110106822921,0.999999999999714,1,"Kif20a"
"ENSMUSG00000003808.19",1686.87805905789,0.0517163785387065,0.044762791183179,1.1553430242335,1,1,"Farsa"
"ENSMUSG00000003809.15",831.068828077,0.0779561675949821,0.0434026886845029,1.79611378828742,1,1,"Gcdh"
"ENSMUSG00000003810.15",3950.51225940913,-0.18511502172597,0.0659141215260166,-2.80842735123011,1,1,"Mast2"
"ENSMUSG00000003812.14",500.433608744263,0.397302843509549,0.081501861823088,4.87477015398685,0.999999999999929,1,"Dnase2a"
"ENSMUSG00000003813.16",2511.86894626347,0.192879879861054,0.0458902149125632,4.20307205421804,1,1,"Rad23a"
"ENSMUSG00000003814.9",35011.5475844437,0.121254978860602,0.0790220249910695,1.53444535082852,1,1,"Calr"
"ENSMUSG00000003824.13",694.113604148315,-0.0731325689143789,0.123587691710299,-0.59174637783355,0.999999999999968,1,"Syce2"
"ENSMUSG00000003847.17",3472.57458619301,0.207421123662162,0.122399354756757,1.6946259567656,0.999999999952704,1,"Nfat5"
"ENSMUSG00000003848.15",1267.15675974576,0.22815691728285,0.0641995580617429,3.55387052763547,1,1,"Nob1"
"ENSMUSG00000003849.9",242.209436620986,0.594439477993519,0.286151835336578,2.07735685949498,0.921801131542926,1,"Nqo1"
"ENSMUSG00000003865.17",4915.24998151525,0.542705509799912,0.112637082288367,4.81817798165715,0.999975452384526,1,"Gys1"
"ENSMUSG00000003868.15",3013.85963059487,0.0863313746328432,0.0718252836851108,1.20196357331951,1,1,"Ruvbl2"
"ENSMUSG00000003873.12",2771.62181360883,0.100622447982299,0.0932998793187386,1.07848422438516,1,1,"Bax"
"ENSMUSG00000003882.6",59.3541818024098,0.295370436199013,0.378338293449203,0.780704573957356,0.969037642615081,1,"Il7r"
"ENSMUSG00000003923.15",1843.83292210202,0.174770704378169,0.0605717370220247,2.88535070926923,1,1,"Tfam"
"ENSMUSG00000003929.12",1351.09784778455,-0.0966524182121124,0.0724609586725498,-1.33385508531406,1,1,"Zfp81"
"ENSMUSG00000003948.18",1022.3181210269,-0.127928107655351,0.121876123092922,-1.04965685163627,0.999999999999583,1,"Mmd"
"ENSMUSG00000003949.17",879.268949020492,-0.651604070156012,0.222994045295448,-2.92206937316506,0.940897845075144,1,"Hlf"
"ENSMUSG00000003955.9",5594.52726883141,0.26267471728659,0.138510387025258,1.89642613040054,0.999999949034974,1,"Fam162a"
"ENSMUSG00000003970.10",23261.8014621195,0.401215378811297,0.0802024101642198,5.00253518553596,0.999999999999959,1,"Rpl8"
"ENSMUSG00000003992.16",1727.27711883999,0.252303526610863,0.0619285661862334,4.07410573421203,1,1,"Ssbp2"
"ENSMUSG00000004018.10",470.751382603386,-0.0317347124116554,0.0817318531451502,-0.388278390743162,1,1,"Fancl"
"ENSMUSG00000004032.11",1280.69544579905,-0.0519530849007636,0.0747117938280731,-0.695379969330119,1,1,"Gstm5"
"ENSMUSG00000004035.13",544.031018121784,-0.332567976186715,0.104556162506614,-3.18075920360674,0.999999999913445,1,"Gstm7"
"ENSMUSG00000004040.17",8166.17713655487,0.0824862522606541,0.0831476617145684,0.99204536314942,1,1,"Stat3"
"ENSMUSG00000004043.15",39.8772015184071,0.891740813224916,0.241758686156446,3.6885574926059,0.672850701524144,1,"Stat5a"
"ENSMUSG00000004054.10",1309.69267664855,0.528669366945868,0.0506096531716153,10.4460183742649,1,1,"Map3k11"
"ENSMUSG00000004056.17",5198.34578186271,0.400090743856485,0.0737824659233487,5.42257213620554,1,1,"Akt2"
"ENSMUSG00000004069.18",2250.72203356804,0.36187320304522,0.0631453153670496,5.7308004709729,1,1,"Dnaja3"
"ENSMUSG00000004070.16",1430.14674024398,-0.0195198973332369,0.0492300332678837,-0.396503842014893,1,1,"Hmox2"
"ENSMUSG00000004071.14",2961.17638641024,0.107457293347927,0.0534279608204597,2.01125574882089,1,1,"Cdip1"
"ENSMUSG00000004085.15",3320.90079078801,0.269305981633679,0.0607335995806517,4.43421736062345,1,1,"Map3k20"
"ENSMUSG00000004096.10",3029.78785823672,0.0324864081281083,0.0500884675034793,0.648580596438725,1,1,"Cwc15"
"ENSMUSG00000004099.17",9397.45672296808,-0.150110072952073,0.0995755005576243,-1.50750005886442,1,1,"Dnmt1"
"ENSMUSG00000004100.13",1163.37363919864,0.29639762403833,0.0787380483323041,3.7643506578601,1,1,"Ppan"
"ENSMUSG00000004113.20",1063.0617764551,-0.149634518094019,0.16169402563573,-0.925417729601961,0.999999927620554,1,"Cacna1b"
"ENSMUSG00000004127.13",519.789039364339,0.266957244266142,0.0629447844323175,4.24113366458808,1,1,"Trmt10a"
"ENSMUSG00000004151.18",10136.8400110646,-0.822439489696648,0.151520194883107,-5.42791995701387,0.879373438137285,1,"Etv1"
"ENSMUSG00000004187.12",333.120853828018,-0.731738515256572,0.142366442753361,-5.13982439333861,0.970237984616117,1,"Kifc2"
"ENSMUSG00000004207.16",37723.0475466526,0.493387987271658,0.0784881890011578,6.28614309427345,0.999999999945757,1,"Psap"
"ENSMUSG00000004221.17",1820.49568917408,0.14361704497468,0.0584833946642304,2.45568927383962,1,1,"Ikbkg"
"ENSMUSG00000004233.15",387.304722642032,-0.14512515745893,0.0817388826052788,-1.77547273504762,1,1,"Wars2"
"ENSMUSG00000004263.16",3755.85716625236,0.0598086092901925,0.0792296597408694,0.754876513237645,1,1,"Atn1"
"ENSMUSG00000004264.18",4686.90799656327,0.404317158401569,0.062806700894413,6.43748441876104,1,1,"Phb2"
"ENSMUSG00000004266.16",172.196330142621,0.16820289775326,0.196104314716486,0.857721554961376,0.999988904948339,1,"Ptpn6"
"ENSMUSG00000004267.17",848.684069807211,0.309927667659193,0.158667957823496,1.95330974136542,0.999993167000315,1,"Eno2"
"ENSMUSG00000004268.12",1887.00999648985,0.147804516792285,0.0561243571374839,2.63351821438629,1,1,"Emg1"
"ENSMUSG00000004270.14",2069.94372518199,0.485026954845154,0.0760029945794858,6.38168216303505,0.99999999999381,1,"Lpcat3"
"ENSMUSG00000004285.13",1429.6633666164,0.140341167754478,0.0915104691724284,1.53360778306185,1,1,"Atp6v1f"
"ENSMUSG00000004317.15",2542.52361224176,-0.01336599014001,0.153504641531833,-0.0870722214431427,0.999999999955439,1,"Clcn5"
"ENSMUSG00000004319.16",6127.99660697912,0.138658712856799,0.0747892814006934,1.8539917787673,1,1,"Clcn3"
"ENSMUSG00000004328.16",27.4305759029816,-0.366025574961692,0.268974382811899,-1.36081946219267,0.990788733079755,1,"Hif3a"
"ENSMUSG00000004347.18",508.973832088722,0.145507477407112,0.259442958711313,0.560845737074024,0.999510419022331,1,"Pde1c"
"ENSMUSG00000004356.9",3016.7674404223,0.108709175272067,0.0749044306498417,1.4513050073133,1,1,"Utp20"
"ENSMUSG00000004364.15",9159.53093959221,-0.285797635014418,0.0424387013541047,-6.73436334985248,1,1,"Cul3"
"ENSMUSG00000004383.19",1769.28474101369,0.130290698796586,0.0683640242223577,1.90583717501487,1,1,"Large1"
"ENSMUSG00000004393.11",1428.19942294437,0.26444578728263,0.0442641120191548,5.97427069514451,1,1,"Ddx56"
"ENSMUSG00000004394.13",3760.67251356295,0.333176065887078,0.0490910867252608,6.78689530243452,1,1,"Tmed4"
"ENSMUSG00000004415.16",40.1542571364604,0.3195002404969,0.340506982294701,0.938307456557176,0.977221501616727,1,"Col26a1"
"ENSMUSG00000004446.13",692.128710130043,0.16977549560421,0.0841188229117382,2.01828187470416,1,1,"Bid"
"ENSMUSG00000004451.15",2564.292011517,-0.269356454685127,0.052243697505087,-5.15576935684729,1,1,"Ralb"
"ENSMUSG00000004455.17",10617.2829929965,0.196747820336756,0.0570069000549447,3.45129835418389,1,1,"Ppp1cc"
"ENSMUSG00000004460.18",4793.82244022753,-0.0305472937535914,0.0675605847687589,-0.452146674842236,1,1,"Dnajb11"
"ENSMUSG00000004462.8",646.90516499853,-0.177276203055263,0.0513686332598147,-3.45105936844041,1,1,"Tbccd1"
"ENSMUSG00000004473.11",29.1724753692829,-0.221334058700607,0.116320993955885,-1.90278685878965,0.999999999989151,1,"Clec11a"
"ENSMUSG00000004500.10",384.336671856888,-0.381203922601124,0.0621266647048232,-6.13591481873851,1,1,"Zfp324"
"ENSMUSG00000004508.7",2527.4679275488,-0.101807387107532,0.0746562304806164,-1.36368239398271,1,1,"Gab2"
"ENSMUSG00000004530.13",6115.36256352344,-0.00494014374663139,0.141753947262975,-0.0348501318094987,0.999999999999561,1,"Coro1c"
"ENSMUSG00000004535.13",6121.6544276413,-0.444759647342929,0.0366335529954142,-12.1407728974201,1,1,"Tax1bp1"
"ENSMUSG00000004558.16",4667.85846532347,-0.897421739354605,0.243009853646171,-3.6929438287769,0.663529694793058,1,"Ndrg2"
"ENSMUSG00000004561.15",456.263523506751,0.633656475244735,0.117938987392593,5.37274814082838,0.999052496718053,1,"Mettl17"
"ENSMUSG00000004562.17",5278.74560709012,0.900829438467883,0.0705497514717328,12.7687117201089,0.920090809246573,1,"Arhgef40"
"ENSMUSG00000004565.16",663.448761803983,-0.0786397685293354,0.141337282308019,-0.556397910340134,0.999999999964593,1,"Pnpla6"
"ENSMUSG00000004567.17",1122.19669863459,0.215986259714289,0.0497262502945434,4.34350586330032,1,1,"Mcoln1"
"ENSMUSG00000004568.14",1471.69318957184,-0.547417481888421,0.0863858870252276,-6.33688558095788,0.999999919310185,1,"Arhgef18"
"ENSMUSG00000004591.17",4254.70322489088,0.230535376742456,0.0653343307254228,3.52854883769017,1,1,"Pkn2"
"ENSMUSG00000004609.12",90.0636115882499,0.0368750324363547,0.452458029644365,0.0814993436304772,0.994321352627745,1,"Cd33"
"ENSMUSG00000004610.5",1976.57055436242,0.306616392528606,0.0730342145216927,4.1982568654522,1,1,"Etfb"
"ENSMUSG00000004626.15",125.907251775871,0.470422312498606,0.354337759224342,1.32760988704218,0.932501485110388,1,"Stxbp2"
"ENSMUSG00000004631.16",1858.87178125167,0.36090997714623,0.0662122934709336,5.45080011923565,1,1,"Sgce"
"ENSMUSG00000004633.18",1462.43496401225,0.0194587281533316,0.124431899887242,0.156380543662557,0.999999999999998,1,"Chn2"
"ENSMUSG00000004637.16",445.440970658397,0.17491282238494,0.0507667679408796,3.44541970031724,1,1,"Wwox"
"ENSMUSG00000004642.14",2601.92746756268,-0.186097833635758,0.0742546712508941,-2.50621045788439,1,1,"Slbp"
"ENSMUSG00000004665.11",2201.50846444139,-0.0128477254457258,0.186430881437524,-0.0689141484858087,0.999999968226374,1,"Cnn2"
"ENSMUSG00000004667.19",1485.48064481137,0.410313224418137,0.0766774573326398,5.35115845897353,0.999999999999993,1,"Polr2e"
"ENSMUSG00000004677.19",3174.27926039866,0.205771263541882,0.0577812390395481,3.5612123755436,1,1,"Myo9b"
"ENSMUSG00000004698.12",1298.13775649849,-0.402168441561943,0.208078091512315,-1.9327764813632,0.997967746839292,1,"Hdac9"
"ENSMUSG00000004707.15",75.9271480313921,-0.357238087702145,0.361307629336682,-0.988736629663733,0.962465296235694,1,"Ly9"
"ENSMUSG00000004709.15",16.2404000078563,0.141395736162626,0.323412376502914,0.437199521216689,0.996240945957078,1,"Cd244a"
"ENSMUSG00000004730.16",202.810500333516,-0.0909664125361637,0.399432694934411,-0.227739025096833,0.991725707236939,1,"Adgre1"
"ENSMUSG00000004748.6",144.776135191548,-0.00304180402793068,0.10311335129638,-0.0294996136745434,1,1,"Mtfp1"
"ENSMUSG00000004768.15",1646.44787312649,-0.230817319810776,0.0644105275062694,-3.58353407039415,1,1,"Rab23"
"ENSMUSG00000004771.13",3893.87023147849,-0.00238937631014863,0.0387759375336393,-0.0616200783817482,1,1,"Rab11a"
"ENSMUSG00000004788.12",1603.54594226499,-0.0558523927225245,0.0740069616972191,-0.754691064754564,1,1,"Eif2b2"
"ENSMUSG00000004789.11",6310.01595532372,0.24046217569411,0.0344796483905777,6.97403212962642,1,1,"Dlst"
"ENSMUSG00000004791.8",213.028680183262,0.108163217563552,0.124524489464292,0.868610006183304,0.999999999999602,1,"Pgf"
"ENSMUSG00000004798.15",2212.37460613105,-0.101831622988775,0.0671166325847135,-1.51723379238738,1,1,"Ulk2"
"ENSMUSG00000004815.13",713.916316779157,-0.0382357173527085,0.0687734382315563,-0.555966348868163,1,1,"Dgkq"
"ENSMUSG00000004837.3",25.9170260408875,0.689059674864911,0.251912503731605,2.73531351027758,0.891457922944658,1,"Grap"
"ENSMUSG00000004843.8",2072.89016692006,-0.00360434212010352,0.0647032801036373,-0.0557057094220004,1,1,"Chmp2b"
"ENSMUSG00000004846.11",3262.92169680459,0.286117509352657,0.066770106658372,4.28511385816069,1,1,"Plod3"
"ENSMUSG00000004849.15",2176.65799224843,0.00821048425473533,0.0505731754120804,0.162348600574013,1,1,"Ap1s1"
"ENSMUSG00000004865.17",2294.68040283411,-0.0746981619452371,0.066369567342726,-1.12548815573112,1,1,"Srpk1"
"ENSMUSG00000004880.12",3024.67945209547,-0.307501517858411,0.105133948041947,-2.92485466003543,0.999999999977533,1,"Lbr"
"ENSMUSG00000004885.6",21.4970440957142,-0.918059859922598,0.207956591226219,-4.41467065077978,0.65321878754144,1,"Crabp2"
"ENSMUSG00000004891.17",25504.7138412155,0.445150220789986,0.13455330137703,3.30835599152365,0.999981353662251,1,"Nes"
"ENSMUSG00000004892.14",20036.0096818373,0.12933023540625,0.0712286987965711,1.81570402929326,1,1,"Bcan"
"ENSMUSG00000004894.11",28.3910009766939,-1.29741233481306,0.254497280717779,-5.09794183715389,0.121277019157137,1,"Hapln2"
"ENSMUSG00000004895.10",1823.39084555996,-0.34005617451185,0.0427152294076167,-7.96100545935996,1,1,"Prcc"
"ENSMUSG00000004896.17",557.798864886845,-0.0264751798093814,0.0716168361170764,-0.369678154534792,1,1,"Mettl25b"
"ENSMUSG00000004897.18",10813.4056706501,-0.215299722177381,0.0359223910674981,-5.99346857988472,1,1,"Hdgf"
"ENSMUSG00000004902.8",634.519251982609,0.688254832041507,0.164276488189026,4.18961252233225,0.971131261505053,1,"Slc25a18"
"ENSMUSG00000004929.13",1614.06237464735,0.150675895923549,0.0673344317158346,2.23772432742037,1,1,"Thop1"
"ENSMUSG00000004931.12",1207.29690395488,0.573262570025487,0.102287029348844,5.60445027756556,0.999984900489701,1,"Apba3"
"ENSMUSG00000004933.18",81.1099024875742,0.0332538133835064,0.167500369642993,0.198529791034987,0.999999996418373,1,"Matk"
"ENSMUSG00000004934.15",964.873868495064,0.171788743491509,0.0550460672585018,3.12081774497662,1,1,"Pias4"
"ENSMUSG00000004936.9",4559.63871371615,0.133321623206844,0.0515258510386033,2.58747057097532,1,1,"Map2k1"
"ENSMUSG00000004937.7",3442.87182760025,0.116567625686085,0.0312930594926731,3.72503128731719,1,1,"Sgta"
"ENSMUSG00000004945.16",1530.95245686112,0.155223534864655,0.0482118544850342,3.21961344409266,1,1,"Tmem242"
"ENSMUSG00000004947.16",384.652709568111,-0.199516450588209,0.0428949702809485,-4.65127844317036,1,1,"Dtx2"
"ENSMUSG00000004952.14",76.233790776967,0.197893854586232,0.152886817732015,1.29438140921414,0.999999922452067,1,"Rasa4"
"ENSMUSG00000004980.17",33619.0074642619,-0.234959283966984,0.073147541361319,-3.21212824921048,1,1,"Hnrnpa2b1"
"ENSMUSG00000004994.13",419.213782636462,0.142021486436395,0.0672375896811476,2.11223345616471,1,1,"Yju2b"
"ENSMUSG00000004996.10",453.096991658614,0.308913358402774,0.0752903650304425,4.10296003051479,1,1,"Mri1"
"ENSMUSG00000005034.16",8133.12810237797,0.423784106266553,0.0743385611063153,5.7007305489876,0.999999999999995,1,"Prkacb"
"ENSMUSG00000005043.14",927.741846887434,0.321522526644934,0.0959804802308953,3.3498741188986,0.999999999999219,1,"Sgsh"
"ENSMUSG00000005054.8",162.499168157863,0.736602788766454,0.42127375057379,1.74851337820876,0.734111990692345,1,"Cstb"
"ENSMUSG00000005057.14",231.301844206477,-0.000700607342216383,0.112781749150382,-0.0062120630996971,1,1,"Sh2b2"
"ENSMUSG00000005069.13",1614.3187938311,0.09139874997037,0.0523710418355953,1.74521542376972,1,1,"Pex5"
"ENSMUSG00000005078.17",2142.07312481364,0.200881145372299,0.0418597567060344,4.79890857424262,1,1,"Jkamp"
"ENSMUSG00000005087.18",3827.61381071574,0.427315578292252,0.146211942564189,2.92257643799962,0.99995513582353,1,"Cd44"
"ENSMUSG00000005089.16",5226.92180837322,-1.16000474045758,0.229674911430318,-5.0506375869857,0.243008593482058,1,"Slc1a2"
"ENSMUSG00000005102.14",699.785617795417,0.0629730602171539,0.0507777670485844,1.2401699380932,1,1,"Eif2ak4"
"ENSMUSG00000005103.13",7883.1119749445,-0.0107599749566533,0.0791842514769768,-0.13588528976348,1,1,"Wdr1"
"ENSMUSG00000005107.14",213.291113576074,0.0381031169404409,0.099800962492786,0.38179107684653,1,1,"Slc2a9"
"ENSMUSG00000005124.11",153.000990144029,-0.281389417065916,0.22558962605408,-1.24735087329973,0.999277428969843,1,"Ccn4"
"ENSMUSG00000005125.14",184.506631916624,-0.179338501795658,0.209016067713424,-0.858012992769264,0.999956878577995,1,"Ndrg1"
"ENSMUSG00000005142.11",2044.8103136893,0.302260153691653,0.0737400225274528,4.09899730609824,1,1,"Man2b1"
"ENSMUSG00000005150.17",483.030998872311,0.2827999238638,0.114980013462623,2.45955723388162,0.999999999777842,1,"Wdr83"
"ENSMUSG00000005161.16",8680.51842697133,0.107243121947709,0.067780985965061,1.58220067797464,1,1,"Prdx2"
"ENSMUSG00000005198.16",8871.63417701437,0.135280769634529,0.0732912291200764,1.84579752937274,1,1,"Polr2a"
"ENSMUSG00000005204.13",3074.00510739772,0.0948268449054304,0.0487518455417697,1.94509241345919,1,1,"Senp3"
"ENSMUSG00000005225.16",959.168245037603,0.0583598700736676,0.0629791062907617,0.926654465438616,1,1,"Plekha8"
"ENSMUSG00000005233.17",1787.82488653411,-0.219128223959975,0.113265688346773,-1.93463905228822,0.999999999997291,1,"Spc25"
"ENSMUSG00000005237.15",17.9336461446722,-0.199438533579495,0.328042584204543,-0.607965377614329,0.992792805103975,1,"Dnah2"
"ENSMUSG00000005262.14",2028.15414266372,0.0613888587850541,0.0542800971721953,1.1309644231164,1,1,"Ufd1"
"ENSMUSG00000005267.14",378.344740216023,-0.562248665757479,0.0706269973392914,-7.9608179157956,0.999999999714208,1,"Zfp287"
"ENSMUSG00000005299.7",1633.85218275753,-0.253935560441519,0.0870892740449232,-2.91580752310017,1,1,"Letm1"
"ENSMUSG00000005312.16",7105.11084459946,-0.130151329062253,0.0415899955111668,-3.1293903128051,1,1,"Ubqln1"
"ENSMUSG00000005354.17",3133.01486734666,0.116755256774067,0.0844548736504729,1.38245730207677,1,1,"Txn2"
"ENSMUSG00000005360.15",11966.459087642,0.244958678407319,0.143116769379299,1.71160011136158,0.999999933875313,1,"Slc1a3"
"ENSMUSG00000005362.15",960.582442385746,-0.213909025038956,0.0832328181287797,-2.57000819926572,1,1,"Crbn"
"ENSMUSG00000005370.5",3268.03401653958,-0.131078880149738,0.0758175084613956,-1.72887348595054,1,1,"Msh6"
"ENSMUSG00000005371.16",4553.51231969109,-0.0752649330446927,0.0480157096918493,-1.56750641670655,1,1,"Fbxo11"
"ENSMUSG00000005374.14",3232.98911427004,0.295819308610586,0.099610897894035,2.96974843982709,0.999999999999222,1,"Tbl2"
"ENSMUSG00000005378.18",876.533496338694,-0.16004551430953,0.0578344038297415,-2.76730637322185,1,1,"Bud23"
"ENSMUSG00000005397.9",182.140047212051,-0.752787308127989,0.318607221829649,-2.36274402006645,0.781100958771888,1,"Nid1"
"ENSMUSG00000005410.7",3777.17879322652,-0.19366645618568,0.137283017696023,-1.41070949222942,0.999999997866718,1,"Mcm5"
"ENSMUSG00000005413.9",3758.43278784313,0.654452070117857,0.133367271658795,4.90714147465052,0.995214429906039,1,"Hmox1"
"ENSMUSG00000005417.18",8221.0369776377,0.109514598464809,0.0505608058373033,2.16599788415575,1,1,"Mprip"
"ENSMUSG00000005442.14",4883.14112678479,0.0573067484005782,0.0757322425759724,0.756702118560529,1,1,"Cic"
"ENSMUSG00000005447.13",630.487907924974,-0.395746265167846,0.102119993070066,-3.8753064240449,0.999999998361616,1,"Pafah1b3"
"ENSMUSG00000005465.10",26.3734303203878,-0.21294529556337,0.29820011082246,-0.714102000083266,0.995870505780682,1,"Il27ra"
"ENSMUSG00000005469.11",6388.72125970957,0.0959239345002346,0.0386450351859932,2.48218002748777,1,1,"Prkaca"
"ENSMUSG00000005470.9",748.020727812797,-0.0458493413958799,0.122615982130332,-0.373926307152565,0.999999999999996,1,"Asf1b"
"ENSMUSG00000005481.19",1646.51144824403,-0.0282039132154549,0.0852658730542349,-0.3307761030901,1,1,"Ddx39a"
"ENSMUSG00000005483.11",1624.1171569825,0.14542889536313,0.045615221236677,3.18816595470545,1,1,"Dnajb1"
"ENSMUSG00000005501.15",2579.34064581157,-0.366782028831073,0.0697724464165382,-5.25683199699494,1,1,"Usp40"
"ENSMUSG00000005505.13",780.50390116007,-0.248615341726502,0.0383292072677667,-6.48631577453932,1,1,"Kbtbd4"
"ENSMUSG00000005506.17",8269.43138675446,-0.239069456039215,0.0821318673204013,-2.91080020263743,1,1,"Celf1"
"ENSMUSG00000005510.10",2793.46941547522,0.366606693762039,0.0844866468382724,4.33922646337014,0.999999999999967,1,"Ndufs3"
"ENSMUSG00000005514.15",2159.80158851729,0.240993412707155,0.0858480786036212,2.80720799611454,1,1,"Por"
"ENSMUSG00000005533.11",5873.12861336767,1.10672771510093,0.116235005943952,9.52146649895294,0.179255434697451,1,"Igf1r"
"ENSMUSG00000005534.11",3085.6366728898,0.39942152747857,0.065477342980143,6.10014868196011,1,1,"Insr"
"ENSMUSG00000005566.15",9028.21975146929,0.0173939085451396,0.0482920590454895,0.360181547213696,1,1,"Trim28"
"ENSMUSG00000005575.17",3982.51697467188,0.314425738794189,0.040907268209305,7.68630496628146,1,1,"Ube2m"
"ENSMUSG00000005580.12",347.707228089851,0.335486631062039,0.115685726314433,2.89998292572576,0.999999995380147,1,"Adcy9"
"ENSMUSG00000005583.17",2101.31218441608,0.541196988975783,0.15672313766577,3.45320414736685,0.99829136535845,1,"Mef2c"
"ENSMUSG00000005609.17",3217.38288676655,-0.082105119864094,0.0393839051303114,-2.08473790479712,1,1,"Ctr9"
"ENSMUSG00000005610.18",47858.7584233683,-0.0679832401752348,0.0640772807128038,-1.0609570103316,1,1,"Eif4g2"
"ENSMUSG00000005615.16",3315.34544931737,0.0181765912840595,0.0757084039801315,0.240086837503927,1,1,"Pcyt1a"
"ENSMUSG00000005621.12",1406.85933410167,0.126059881578937,0.0788848790737696,1.59802338621894,1,1,"Zfp592"
"ENSMUSG00000005625.16",4311.12051888573,-0.314135637856142,0.058693595843893,-5.35212800203359,1,1,"Psmd4"
"ENSMUSG00000005628.13",12.3018592306978,-0.392044741205326,0.212537116894242,-1.84459423809916,0.997884907431475,1,"Tmod4"
"ENSMUSG00000005656.10",3465.568656041,0.207544007010544,0.0489999467869078,4.23559657958643,1,1,"Snx6"
"ENSMUSG00000005667.9",2890.75520102547,0.904738200068198,0.0998744047184393,9.05875937502495,0.829911592149393,1,"Mthfd2"
"ENSMUSG00000005672.13",2331.79518615766,0.239466541923613,0.147515240500016,1.62333424744399,0.999999873607726,1,"Kit"
"ENSMUSG00000005674.10",1269.51875974769,-0.321362439744058,0.0608930230988776,-5.27749195868027,1,1,"Tomm40l"
"ENSMUSG00000005681.13",39.3514108758181,0.341615174076233,0.0978942653604256,3.48963417640941,0.999999999991249,1,"Apoa2"
"ENSMUSG00000005682.10",1600.67084939446,-0.0833526727826453,0.0553470155801492,-1.50600121630661,1,1,"Pan2"
"ENSMUSG00000005683.9",14804.6757877293,0.271171280280456,0.0559261438146069,4.84873910097179,1,1,"Cs"
"ENSMUSG00000005686.18",312.633490621565,-0.188955820622558,0.12007345559227,-1.57366854889385,0.999999999992837,1,"Ampd3"
"ENSMUSG00000005687.15",2681.05704356932,-0.378077294229402,0.0438195466602206,-8.62805124756393,1,1,"Bcas2"
"ENSMUSG00000005698.16",4491.00079851531,-0.0569450074280908,0.0460679438394963,-1.23610916142667,1,1,"Ctcf"
"ENSMUSG00000005699.17",274.168900041547,-0.0875056561311695,0.0646547104424425,-1.35343048530191,1,1,"Pard6a"
"ENSMUSG00000005718.9",346.629548273399,0.451248816878765,0.120518960508869,3.74421431261479,0.9999973586433,1,"Tfap4"
"ENSMUSG00000005732.15",5214.32966199944,-0.105023815493473,0.0734398269382349,-1.43006621709227,1,1,"Ranbp1"
"ENSMUSG00000005774.13",897.010934834223,-0.331417967523231,0.0921820242285134,-3.59525591130074,0.999999999999796,1,"Rfx5"
"ENSMUSG00000005779.13",5056.91157352689,-0.113627310007096,0.0645936012740791,-1.75911092996596,1,1,"Psmb4"
"ENSMUSG00000005802.13",3632.22176903976,0.154356020476382,0.0867816053608889,1.7786721026245,1,1,"Slc30a4"
"ENSMUSG00000005803.15",116.476456590148,0.694118484412175,0.291668470701973,2.37982008388361,0.852848833605806,1,"Sqor"
"ENSMUSG00000005804.15",1175.56198028196,-0.078524129155344,0.0507196961893463,-1.54819793995213,1,1,"Bloc1s6"
"ENSMUSG00000005813.13",1606.52184506659,0.0722833966635638,0.0728035326632366,0.992855621414984,1,1,"Metap1"
"ENSMUSG00000005823.10",697.056378718199,0.387847968714987,0.0611496574305589,6.34260247746154,1,1,"Gpr108"
"ENSMUSG00000005846.13",5930.61309155105,0.193967799550228,0.0580180440570263,3.34323231165076,1,1,"Rsl1d1"
"ENSMUSG00000005871.16",11759.3914719476,-0.352949145704977,0.122121829828947,-2.89013967608695,0.99999994159053,1,"Apc"
"ENSMUSG00000005873.7",4770.81208692137,0.354619059634242,0.0666330958693841,5.32196583405603,1,1,"Reep5"
"ENSMUSG00000005881.14",3768.23764266975,-0.27598648543967,0.0938495350912162,-2.94073364531244,0.999999999999994,1,"Ergic3"
"ENSMUSG00000005882.19",1771.0844969833,-0.163445588894949,0.0973442069822629,-1.67904792654719,1,1,"Uqcc1"
"ENSMUSG00000005886.15",3718.60341872147,-0.173160053987972,0.0849592425471,-2.0381543996461,1,1,"Ncoa2"
"ENSMUSG00000005893.15",3341.7711331224,-0.38883340213413,0.0687126983084637,-5.65882888761822,1,1,"Nr2c2"
"ENSMUSG00000005897.15",873.262898991495,0.418690759915525,0.0519308111162555,8.06247295036887,1,1,"Nr2c1"
"ENSMUSG00000005899.15",1582.64849229779,-0.142588476711504,0.0994702851825442,-1.43347811308504,1,1,"Smpd4"
"ENSMUSG00000005907.15",497.364993891154,-0.23427519180158,0.0948433738967016,-2.47012713884198,1,1,"Pex1"
"ENSMUSG00000005917.16",187.703082555642,0.43941240760329,0.0945751968831665,4.64616963098811,0.999999998461411,1,"Otx1"
"ENSMUSG00000005936.20",3011.35240996615,-0.352785462607591,0.0832021715308117,-4.24009921996983,0.999999999999996,1,"Kctd20"
"ENSMUSG00000005947.12",16.775677048058,-1.15459116319487,0.159399597068136,-7.24337566989793,0.166064598710033,1,"Itgae"
"ENSMUSG00000005949.10",739.591785235853,-0.366593812620865,0.0648225807809048,-5.65534121296286,1,1,"Ctns"
"ENSMUSG00000005950.15",24.0251553310162,1.00077773750429,0.188095907755513,5.32057156078641,0.49835046124542,1,"P2rx5"
"ENSMUSG00000005951.14",136.443599978122,-0.159761172388209,0.112677021412909,-1.4178682608476,0.999999999999956,1,"Shpk"
"ENSMUSG00000005958.16",1406.02024922632,0.0461666190559983,0.069842932968018,0.661006305063659,1,1,"Ephb3"
"ENSMUSG00000005973.7",7370.06946591845,-0.135810677564326,0.0395958348058516,-3.42992332982092,1,1,"Rcn1"
"ENSMUSG00000005981.12",3241.49595829198,0.345065494120783,0.0574919966927893,6.00197443071344,1,1,"Trap1"
"ENSMUSG00000005982.15",1826.5460938738,-0.315441138396119,0.0602112440288783,-5.23890750778756,1,1,"Naa60"
"ENSMUSG00000005983.16",73.8679727471448,-0.156599430123277,0.102756795617753,-1.52398125283913,1,1,"1700037C18Rik"
"ENSMUSG00000005986.17",260.535057896374,0.0720391427391627,0.103731086449803,0.694479786192382,1,1,"Ankrd13d"
"ENSMUSG00000006005.19",13707.8767669242,-0.513988137794865,0.141403482171267,-3.63490438780232,0.999705964344629,1,"Tpr"
"ENSMUSG00000006010.15",2723.19614005363,-0.436268597402756,0.047960021790752,-9.09650540415059,1,1,"Odr4"
"ENSMUSG00000006019.16",564.091393709808,-0.020301622302501,0.0653448254793396,-0.310684467416932,1,1,"Dhx34"
"ENSMUSG00000006021.6",396.071919610148,-0.27299712665697,0.0447747561562243,-6.09712146068315,1,1,"Kptn"
"ENSMUSG00000006024.14",3306.39033250245,0.389565099946783,0.0537567822546411,7.24680837668907,1,1,"Napa"
"ENSMUSG00000006050.13",1766.7879224255,0.3617557659601,0.0776429468803083,4.65922251145067,1,1,"Sra1"
"ENSMUSG00000006057.17",2811.2022040905,0.187056545098246,0.0625554392570484,2.99025228373198,1,1,"Atp5mc1"
"ENSMUSG00000006058.11",1438.64873421422,-0.274118174173113,0.0620589601345177,-4.41706038223876,1,1,"Snf8"
"ENSMUSG00000006095.13",1651.5927202315,-0.295952438690711,0.0560634184996704,-5.2788867787727,1,1,"Tbcb"
"ENSMUSG00000006127.10",582.845591435034,-0.546678065456425,0.095614960965365,-5.71749504404913,0.999998937296236,1,"Inpp5k"
"ENSMUSG00000006134.5",4113.85787633214,-0.28665773516429,0.0532535696796146,-5.38288300463025,1,1,"Crkl"
"ENSMUSG00000006154.14",166.359854452342,-0.0364970342344353,0.171383988278669,-0.212954749162981,0.999999991290514,1,"Eps8l1"
"ENSMUSG00000006169.21",2968.90979058317,0.044561582743221,0.0517698220681052,0.860763683610858,1,1,"Clint1"
"ENSMUSG00000006179.10",16.2961144299298,-1.18693498207833,0.189072765252653,-6.27766236185453,0.161406603353019,1,"Prss16"
"ENSMUSG00000006191.18",812.776105812452,-0.0778281663340023,0.0607351104626187,-1.28143615350637,1,1,"Cdkal1"
"ENSMUSG00000006205.14",2827.38893467682,1.09255300042883,0.1204048275227,9.07399664039921,0.221041113753252,1,"Htra1"
"ENSMUSG00000006215.13",868.69818432208,0.0968983283779357,0.0458257113202022,2.11449698403739,1,1,"Zbtb17"
"ENSMUSG00000006218.5",14.874990558336,-0.243621855210983,0.271420283982426,-0.897581608995581,0.997340256526916,1,"Fam131c"
"ENSMUSG00000006219.13",241.680406641837,0.947213955443692,0.206950566756369,4.57700585357079,0.600663921825022,1,"Fblim1"
"ENSMUSG00000006241.17",143.890781433639,0.0897964856231277,0.0711532877078329,1.26201456764509,1,1,"Ccdc159"
"ENSMUSG00000006262.16",2642.99492886505,0.0446501141012549,0.102316297110397,0.436392982958309,1,1,"Mob1b"
"ENSMUSG00000006269.8",8.4502665955791,0.234253679228829,0.225770980647828,1.03757213861879,0.999652714410212,1,"Atp6v1b1"
"ENSMUSG00000006273.15",5996.95783584136,0.105277438597286,0.0618362463982946,1.70251987675936,1,1,"Atp6v1b2"
"ENSMUSG00000006276.12",1924.68094625356,0.207252770591867,0.0369883800984257,5.60318592056125,1,1,"Eps15l1"
"ENSMUSG00000006288.9",1341.0652642683,0.729017625722266,0.0592793776272254,12.2979972952254,0.999997576179236,1,"Ttc5"
"ENSMUSG00000006289.15",1403.6701282209,0.592252767717267,0.0466520378891621,12.695110321319,1,1,"Osgep"
"ENSMUSG00000006299.14",5264.94233272449,-0.155851888955633,0.0366720239014183,-4.24988512700019,1,1,"Aamp"
"ENSMUSG00000006301.18",3607.94931313763,0.381116113077269,0.0931548083781649,4.09121246355975,0.999999999984695,1,"Tmbim1"
"ENSMUSG00000006304.15",11132.4569999032,-0.123914164499192,0.0447689001161793,-2.76786260501427,1,1,"Arpc2"
"ENSMUSG00000006307.17",2345.49803797647,0.0221131662295857,0.0591388783980861,0.373919269836902,1,1,"Kmt2b"
"ENSMUSG00000006313.6",19.0288774780976,-0.179038170533421,0.11666043926747,-1.53469480877692,0.999999999999019,1,"Upk1a"
"ENSMUSG00000006315.10",1266.10624802436,0.1577508766196,0.0433707681931321,3.63726268156302,1,1,"Tmem147"
"ENSMUSG00000006333.15",20051.3168858292,0.476273062242106,0.079440361449568,5.99535366596316,0.999999999978406,1,"Rps9"
"ENSMUSG00000006335.17",432.588951972752,-0.0238534037709421,0.0557153398550187,-0.428129915980283,1,1,"Tfpt"
"ENSMUSG00000006342.16",20.9990657162579,-0.797524044887528,0.206205692000102,-3.8676141145858,0.836928531701213,1,"Susd2"
"ENSMUSG00000006344.18",128.16061397127,0.918520893712574,0.206760241495079,4.44244448096389,0.653237280580341,1,"Ggt5"
"ENSMUSG00000006345.11",19.8559291936559,0.227155269784671,0.179360128148536,1.26647584460106,0.999991796551563,1,"Ggt1"
"ENSMUSG00000006356.11",4710.26125160552,0.556208709632786,0.108564487155782,5.12330251083552,0.999978227025892,1,"Crip2"
"ENSMUSG00000006360.12",47.7706076718764,-0.671616718493789,0.329567990291106,-2.0378699942933,0.840473559323074,1,"Crip1"
"ENSMUSG00000006369.15",1453.93421207399,0.324528900728926,0.11392223074489,2.84868807963965,0.999999998478207,1,"Fbln1"
"ENSMUSG00000006373.11",6573.69504567167,-0.24394835476329,0.0558719305485718,-4.36620593503952,1,1,"Pgrmc1"
"ENSMUSG00000006378.16",405.443204934975,0.151558786103086,0.11753073077064,1.28952474905351,0.999999999999738,1,"Gcat"
"ENSMUSG00000006390.16",1347.6653417438,0.464809124992308,0.0540608500311729,8.59788783795089,1,1,"Elovl1"
"ENSMUSG00000006392.17",825.829244534987,-0.219083963312146,0.0404065918573915,-5.4219857018718,1,1,"Med8"
"ENSMUSG00000006395.18",162.065815274245,0.435893709724781,0.114189561063377,3.81728159444322,0.999999609560061,1,"Hyi"
"ENSMUSG00000006398.16",2845.02879294449,-0.00692259697714344,0.13123719741504,-0.0527487413134145,0.999999999999989,1,"Cdc20"
"ENSMUSG00000006403.14",2711.90977200991,0.282453250615239,0.129922664379034,2.17401060827397,0.999999983325233,1,"Adamts4"
"ENSMUSG00000006411.13",138.153152564795,-0.232129688635079,0.11592987313967,-2.00232849694757,0.999999999982469,1,"Nectin4"
"ENSMUSG00000006412.11",2488.76893989546,-0.309945237213518,0.0783204398794779,-3.95739908624711,1,1,"Pfdn2"
"ENSMUSG00000006418.18",2000.13112148094,-0.273178688753255,0.0529609716100636,-5.15811323788754,1,1,"Rnf114"
"ENSMUSG00000006423.16",2768.59252937923,0.132797895174012,0.056554266574475,2.34814989597882,1,1,"Steep1"
"ENSMUSG00000006435.17",660.496242162055,-0.460198336156897,0.152514253275541,-3.01741198788467,0.999799444874396,1,"Neurl1a"
"ENSMUSG00000006442.11",1974.29969931986,0.235036445609403,0.063676816472726,3.69108348420769,1,1,"Srm"
"ENSMUSG00000006456.11",1717.63412419291,-0.113006990975618,0.0596888120241447,-1.89326922656637,1,1,"Rbm14"
"ENSMUSG00000006457.5",12.2602308854574,-0.489858121932498,0.179193626383381,-2.73368049868279,0.997792466146646,1,"Actn3"
"ENSMUSG00000006463.14",370.390621638916,-0.256341572770727,0.0647093197118048,-3.96143204583811,1,1,"Zdhhc24"
"ENSMUSG00000006464.10",418.790228469892,-0.595716960865546,0.100582009224124,-5.92269895442362,0.999970831298292,1,"Bbs1"
"ENSMUSG00000006471.19",676.011525419914,-0.110320692876129,0.0553392199136799,-1.99353538138432,1,1,"Ndor1"
"ENSMUSG00000006476.20",2160.7737736811,-0.148493699507903,0.0611677295091524,-2.42764772698787,1,1,"Nsmf"
"ENSMUSG00000006494.12",6779.18441972336,0.653620107526677,0.130160636914003,5.02164189591759,0.996106546054095,1,"Pdk1"
"ENSMUSG00000006498.17",9864.224769055,0.200809872835075,0.100199580498737,2.00409893769571,0.999999999999999,1,"Ptbp1"
"ENSMUSG00000006517.6",864.183036133873,0.0621155459099744,0.115676597917927,0.536975905481292,1,1,"Mvd"
"ENSMUSG00000006519.12",162.63065357443,0.418506610877581,0.389946162349112,1.07324203001875,0.93218495447575,1,"Cyba"
"ENSMUSG00000006522.18",327.943468458748,1.09027216844102,0.290446261833617,3.75378275333282,0.377974410584241,1,"Itih3"
"ENSMUSG00000006526.14",750.190001143415,0.797652218857519,0.0492751447392241,16.1877194492048,0.999979913967299,1,"Stimate"
"ENSMUSG00000006527.17",1093.72861959964,0.345315531328531,0.067586952285912,5.10920406453228,1,1,"Sfmbt1"
"ENSMUSG00000006567.12",231.085838682379,0.522877599091551,0.171514068339897,3.04859889426295,0.997297304554133,1,"Atp7b"
"ENSMUSG00000006575.15",3595.59639467011,-0.212260757420414,0.0812579221569657,-2.61218539418704,1,1,"Rundc3a"
"ENSMUSG00000006576.17",1572.82600421892,-0.65835773675932,0.0878146806415885,-7.49712612913069,0.999949979296651,1,"Slc4a3"
"ENSMUSG00000006585.4",963.371003563794,-0.0370623117595311,0.0950738057174859,-0.389826740181861,1,1,"Cdt1"
"ENSMUSG00000006586.16",280.031483030462,-0.167801827894559,0.159961722837338,-1.04901238195086,0.999999901678561,1,"Runx1t1"
"ENSMUSG00000006599.14",1824.72529286521,0.138777987268193,0.0499048978367273,2.7808490405537,1,1,"Gtf2h1"
"ENSMUSG00000006611.16",563.629858087645,0.886458898030052,0.124899159058268,7.09739684969779,0.818341348003536,1,"Hfe"
"ENSMUSG00000006638.17",55.490284025257,0.227902448691961,0.0886571175986298,2.57060521326359,1,1,"Abhd1"
"ENSMUSG00000006641.13",294.858713163599,-0.142243224716372,0.0791607684587023,-1.79689039767949,1,1,"Slc5a6"
"ENSMUSG00000006651.9",3112.813851403,0.24746886535183,0.120223595914795,2.05840511980041,0.999999999806806,1,"Aplp1"
"ENSMUSG00000006673.15",3992.69222361865,-0.0465851436419042,0.0287646523655546,-1.61952743422303,1,1,"Qrich1"
"ENSMUSG00000006675.11",460.509746649914,-0.136110218616785,0.129859189725196,-1.04813697748167,0.999999999985593,1,"P4htm"
"ENSMUSG00000006676.18",4671.5004926718,0.210036746026162,0.0534717941678519,3.92799136993312,1,1,"Usp19"
"ENSMUSG00000006678.7",2319.68546425819,0.0770139993232705,0.11659756349545,0.660511223515197,0.999999999999999,1,"Pola1"
"ENSMUSG00000006699.18",15085.9533282729,0.0139102349646555,0.024365816218273,0.570891401299483,1,1,"Cdc42"
"ENSMUSG00000006705.14",1944.39570309405,0.421805626506717,0.0874109657792494,4.82554588828088,0.99999999998138,1,"Pknox1"
"ENSMUSG00000006715.12",693.586432323071,-0.0357084766855022,0.104101257371203,-0.343016766437062,1,1,"Gmnn"
"ENSMUSG00000006717.8",1122.1016185637,0.436088634553488,0.151335984239518,2.88159248274551,0.999902814110111,1,"Acot13"
"ENSMUSG00000006720.17",287.5295223929,-0.778047847413097,0.0708704820393302,-10.9784472325349,0.999131308117178,1,"Zfp184"
"ENSMUSG00000006724.13",18.3079118730433,0.607337325070849,0.184242739422496,3.29639760554219,0.983464681988194,1,"Cyp27b1"
"ENSMUSG00000006728.13",14577.3828291445,0.0586454420692441,0.071106300836188,0.824757319387901,1,1,"Cdk4"
"ENSMUSG00000006731.11",1017.9740475663,0.0931414581389519,0.0882225764130376,1.05575536246964,1,1,"B4galnt1"
"ENSMUSG00000006732.15",839.007194350399,0.268457956250537,0.103408385034393,2.59609466061431,0.999999999999249,1,"Mettl1"
"ENSMUSG00000006736.10",5017.90590568935,0.147419778160479,0.0552079430556828,2.67026391495497,1,1,"Tspan31"
"ENSMUSG00000006740.15",12894.5413948087,0.0170347045626038,0.101685418866018,0.167523571742856,1,1,"Kif5b"
"ENSMUSG00000006763.15",819.459319016011,0.2667425611965,0.0537766077142765,4.96019686875276,1,1,"Saal1"
"ENSMUSG00000006764.9",502.511373121098,0.608977215337412,0.0937023827249182,6.49905794952071,0.999984971183738,1,"Tph2"
"ENSMUSG00000006782.17",7279.26326555622,-0.371039533288493,0.133002979649204,-2.78970842809019,0.999998871414205,1,"Cnp"
"ENSMUSG00000006784.15",33.681895887605,-0.0327296271770462,0.138501570705846,-0.236312317688861,0.999999999998608,1,"Odad4"
"ENSMUSG00000006800.15",30361.6632048784,-0.179439241789043,0.0944700411867864,-1.89943012128316,1,1,"Sulf2"
"ENSMUSG00000006818.6",4039.97566342957,0.209354426814472,0.0412436629585414,5.07603863955821,1,1,"Sod2"
"ENSMUSG00000006850.9",270.988980965974,0.228719530723467,0.0959857159936815,2.38284966003195,1,1,"Tmco6"
"ENSMUSG00000006906.11",1105.10940505874,-0.00117291157515231,0.0718791100807896,-0.0163178366264413,1,1,"Stambp"
"ENSMUSG00000006920.15",857.419037333951,0.377816400012887,0.11206626505179,3.37136603810508,0.999999985873032,1,"Ezh1"
"ENSMUSG00000006931.16",805.181786361707,0.519035252047677,0.107114064353502,4.84563119866999,0.999996442366953,1,"P3h4"
"ENSMUSG00000006932.18",25090.7851245012,-0.0738467675237956,0.0432589327451689,-1.70708713409123,1,1,"Ctnnb1"
"ENSMUSG00000006941.6",2239.84610385906,-0.0247357188602455,0.0853036824675052,-0.289972462439334,1,1,"Eif1b"
"ENSMUSG00000006958.15",201.902901706581,0.74319670313311,0.116755575050242,6.36540655821614,0.986078625831242,1,"Chrd"
"ENSMUSG00000006998.17",10675.3327444475,0.017114324075544,0.0621069969099867,0.275561932262611,1,1,"Psmd2"
"ENSMUSG00000007029.17",6117.66659247799,0.268679056671308,0.0643937058312577,4.17244283743159,1,1,"Vars1"
"ENSMUSG00000007030.9",12.6042176182933,0.435528824712116,0.154553182383145,2.81798677967316,0.999870037821693,1,"Vwa7"
"ENSMUSG00000007033.5",15.6841602193653,0.715694540183307,0.176667599463334,4.05107978122409,0.94622108967209,1,"Hspa1l"
"ENSMUSG00000007035.16",142.395619751714,0.20955647162667,0.133870866814938,1.56536277543014,0.999999998231651,1,"Msh5"
"ENSMUSG00000007036.16",984.637509935778,-0.00733304299906188,0.0425198053022037,-0.172461819778884,1,1,"Abhd16a"
"ENSMUSG00000007038.6",1521.98615004199,0.624288145692037,0.0826194954807308,7.55618443394681,0.999997285606949,1,"Neu1"
"ENSMUSG00000007039.13",2933.07824545911,-0.0924670451658615,0.0551210745948852,-1.6775261702616,1,1,"Ddah2"
"ENSMUSG00000007041.10",4807.66344866922,0.324937896392435,0.0661936366097837,4.90889929961044,1,1,"Clic1"
"ENSMUSG00000007050.18",986.359069717535,-0.110540326949297,0.0749982674072024,-1.47390507502152,1,1,"Lsm2"
"ENSMUSG00000007080.15",2099.13315166766,-0.122565386474448,0.113523767300848,-1.07964516496038,0.999999999999995,1,"Pole"
"ENSMUSG00000007122.12",16.4816813139026,-0.31013095775955,0.150123734897821,-2.0658356120079,0.999997839740205,1,"Casq1"
"ENSMUSG00000007207.11",240.171695373638,-0.447222936538138,0.113222795713822,-3.94993723409306,0.999999475473303,1,"Stx1a"
"ENSMUSG00000007216.7",276.650109059645,0.018152042900989,0.093291664463883,0.194573041496289,1,1,"Zfp775"
"ENSMUSG00000007279.15",44.4570440794726,-0.516423235698242,0.192823529322499,-2.6782169038848,0.993926970209902,1,"Scube2"
"ENSMUSG00000007338.11",1151.91962169092,0.0116027233210603,0.0526349941256285,0.22043743927029,1,1,"Mrpl49"
"ENSMUSG00000007379.16",341.406008337509,0.0804675314695459,0.0708157657998338,1.13629402380529,1,1,"Dennd2c"
"ENSMUSG00000007411.17",4665.7602100599,-0.105351407368658,0.0498209626542167,-2.11459999478234,1,1,"Mark3"
"ENSMUSG00000007415.16",2915.28071402629,0.155631084415906,0.0517309092795895,3.00847378449832,1,1,"Gatad1"
"ENSMUSG00000007440.11",25.3234038686072,-1.32935076830315,0.28699077393478,-4.63203311408627,0.125566752547794,1,"Pcdha10"
"ENSMUSG00000007458.15",4448.61116298739,0.428644137190359,0.0428703101231037,9.99862459495841,1,1,"M6pr"
"ENSMUSG00000007476.19",2602.70383792933,0.210297552729496,0.0821593886031766,2.55962898829757,1,1,"Lrrc8a"
"ENSMUSG00000007564.16",10557.5845483223,-0.0717118505428596,0.0655811107849073,-1.09348331683585,1,1,"Ppp2r1a"
"ENSMUSG00000007570.17",561.635268770303,0.412765447444663,0.0965374451209517,4.27570303862413,0.999999999410124,1,"Fance"
"ENSMUSG00000007589.10",1136.60039138555,0.6438910316345,0.0644212615989292,9.99500810218847,0.999999983788033,1,"Tinf2"
"ENSMUSG00000007591.16",8.44138033135943,0.766360421213323,0.144564422971739,5.30116888691998,0.946970392616829,1,"Tssk4"
"ENSMUSG00000007594.11",98.8001151295526,0.155350668238253,0.274085660415191,0.566796044721653,0.998983356411092,1,"Hapln4"
"ENSMUSG00000007603.10",792.263481435111,0.122443557636521,0.0529096280598731,2.31420182160348,1,1,"Dus3l"
"ENSMUSG00000007610.17",688.613107818301,0.882414258261205,0.0585840419705027,15.0623655961721,0.977632046507831,1,"Gtpbp3"
"ENSMUSG00000007613.16",3080.35417901959,-0.0694264247101271,0.0833696252373938,-0.832754429595148,1,1,"Tgfbr1"
"ENSMUSG00000007617.19",3687.06480303485,-0.109424371149724,0.0763951754173156,-1.43234661812063,1,1,"Homer1"
"ENSMUSG00000007646.14",665.826449687105,-0.558298791226046,0.0953071849718515,-5.85788774887157,0.999998210999274,1,"Rad51c"
"ENSMUSG00000007655.17",156.156162397321,-0.168568935466539,0.264946180640491,-0.636238405320789,0.999154958037229,1,"Cav1"
"ENSMUSG00000007656.15",4265.94449491227,0.136380349726255,0.0671864863655247,2.02987768975274,1,1,"Arpp19"
"ENSMUSG00000007659.19",2284.56484474237,0.0330552204535551,0.0939083593266158,0.351994441076201,1,1,"Bcl2l1"
"ENSMUSG00000007670.11",7805.0468479026,-0.0205930122362031,0.0396180480636404,-0.519788663063953,1,1,"Khsrp"
"ENSMUSG00000007682.9",756.922412954992,-0.753640216645836,0.233449927488172,-3.22827350924759,0.85435600276142,1,"Dio2"
"ENSMUSG00000007721.7",1362.45275835089,-0.13386484804375,0.0496830910575719,-2.69437438762878,1,1,"Ccdc124"
"ENSMUSG00000007739.11",9118.40823805385,0.238354662339371,0.0433905270368927,5.49324192667008,1,1,"Cct4"
"ENSMUSG00000007777.10",579.026006475961,0.0554667685907548,0.0542369514930005,1.02267489347946,1,1,"Trappc2b"
"ENSMUSG00000007783.11",929.338814662406,-0.806220442618182,0.150469906723008,-5.35801782679581,0.901097307909462,1,"Cpt1c"
"ENSMUSG00000007812.18",1314.94442074972,0.186066754082903,0.0644062029847852,2.8889570485448,1,1,"Zfp655"
"ENSMUSG00000007815.14",13703.0170369213,0.262268135278379,0.0521489216339713,5.02921493025715,1,1,"Rhoa"
"ENSMUSG00000007817.16",13452.1681692418,0.241502378081554,0.0722488948186356,3.34264459944738,1,1,"Zmiz1"
"ENSMUSG00000007827.11",949.30262964403,-0.223697763721256,0.0847208611110536,-2.64040946689658,1,1,"Ankrd26"
"ENSMUSG00000007833.16",528.826869928341,0.0860219444077362,0.176436706501671,0.487551293114403,0.999999889552716,1,"Aldh16a1"
"ENSMUSG00000007836.7",11356.0645519595,-0.115737813877909,0.0530317923171617,-2.18242319976154,1,1,"Hnrnpa0"
"ENSMUSG00000007837.12",242.742761017508,0.0698213029827107,0.0794083204826866,0.879269358151629,1,1,"Prrg2"
"ENSMUSG00000007850.17",12796.5301858165,-0.294854993727289,0.125817483291205,-2.34351368358598,0.999999989557592,1,"Hnrnph1"
"ENSMUSG00000007867.10",580.191197838525,-0.214766897335135,0.0650037844348438,-3.30391375213555,1,1,"Ift43"
"ENSMUSG00000007872.4",1566.30890719653,-0.152979945613794,0.160916162913155,-0.950681043124025,0.999999929421489,1,"Id3"
"ENSMUSG00000007880.17",6271.70646446767,-0.0504078424219018,0.0540127256739386,-0.933258631053011,1,1,"Arid1a"
"ENSMUSG00000007888.16",2233.23211092045,-0.195440991925691,0.228437521444333,-0.85555556149438,0.999785938540374,1,"Crlf1"
"ENSMUSG00000007891.17",25741.7707698785,0.556995235653935,0.131217464765302,4.24482546321245,0.999632409127093,1,"Ctsd"
"ENSMUSG00000007892.9",16927.7665788231,0.52861505662057,0.0986082468166613,5.36075910165409,0.999999125181473,1,"Rplp1"
"ENSMUSG00000007908.15",18.4870959627583,-0.289711541206921,0.33286605744445,-0.870354710934349,0.983626149998817,1,"Hmgcll1"
"ENSMUSG00000007950.10",1156.59939064321,0.693904543564213,0.0823670658681846,8.42453881597163,0.999898893646582,1,"Abhd8"
"ENSMUSG00000007987.13",637.909569384587,-0.0439446704226944,0.0765203057174636,-0.574287700639246,1,1,"Ift22"
"ENSMUSG00000007989.8",6340.90733244165,0.320416572661818,0.113359537927878,2.82655150610859,0.999999998982186,1,"Fzd3"
"ENSMUSG00000008028.16",12.3809503207536,-0.167345848355799,0.182327993178172,-0.91782860897431,0.999997523859983,1,"1700008O03Rik"
"ENSMUSG00000008035.13",2734.90198457722,0.354546762281956,0.076771917445112,4.61818297732943,1,1,"Mid1ip1"
"ENSMUSG00000008036.12",2614.62276874357,0.000614007519781973,0.0596184072319669,0.0102989587996364,1,1,"Ap2s1"
"ENSMUSG00000008090.15",6950.01923426103,-0.264245693437704,0.0638857255349512,-4.13622434784963,1,1,"Fgfrl1"
"ENSMUSG00000008129.15",108.736867621647,-0.00934484728525035,0.082517208296602,-0.11324725445947,1,1,"Brme1"
"ENSMUSG00000008140.19",4847.34900820075,0.241728695148459,0.0373315668968133,6.475182137857,1,1,"Emc10"
"ENSMUSG00000008153.13",785.699559780871,-0.296180583187674,0.193179950996931,-1.53318489656507,0.999865436289782,1,"Clstn3"
"ENSMUSG00000008167.15",221.025682461343,-0.0863308367053128,0.0920907054932065,-0.937454396108209,1,1,"Fbxw9"
"ENSMUSG00000008200.16",3028.54156327344,0.0811134103691195,0.0531800882398144,1.52525904062702,1,1,"Fnbp4"
"ENSMUSG00000008206.17",70.6952753562424,-1.2776618821905,0.36483631290872,-3.50201401829802,0.223310977420621,1,"Cers4"
"ENSMUSG00000008226.15",1257.65924736322,0.291619192092607,0.0516417503520519,5.64696568386203,1,1,"Scrn3"
"ENSMUSG00000008301.12",1865.14529932392,0.0228169110125235,0.0366970891461477,0.621763511586823,1,1,"Phax"
"ENSMUSG00000008305.20",1102.81090776949,-0.0176944904446062,0.0633267065204841,-0.279415927605246,1,1,"Tle1"
"ENSMUSG00000008307.12",92.3959618516874,-0.0154530127845646,0.23270163974956,-0.066406978486252,0.99999475666104,1,"1700109H08Rik"
"ENSMUSG00000008318.11",238.5237592839,0.574645563216036,0.0948773491597855,6.05672026363489,0.999996323457798,1,"Relt"
"ENSMUSG00000008333.13",2483.63823832376,-0.373374604791483,0.0577942831569907,-6.4604072305432,1,1,"Snrpb2"
"ENSMUSG00000008348.10",24777.293348291,-0.0715769119316295,0.0587215600952528,-1.21892047512913,1,1,"Ubc"
"ENSMUSG00000008373.17",1910.13227142605,-0.12848116383493,0.0496941397149494,-2.58543893851289,1,1,"Prpf31"
"ENSMUSG00000008384.9",479.605341539034,0.58973521767915,0.0988759947239232,5.96439226048527,0.999983324305694,1,"Sertad1"
"ENSMUSG00000008393.10",3562.6661767557,0.170984892613571,0.0723522273808942,2.36322914723041,1,1,"Carhsp1"
"ENSMUSG00000008398.17",4778.63925285295,0.914230540574759,0.113455114016468,8.05808136988926,0.775168514273264,1,"Elk3"
"ENSMUSG00000008429.9",2488.48424214491,-0.0786188279272511,0.0456792735271686,-1.72110504079035,1,1,"Herpud2"
"ENSMUSG00000008435.16",665.0209692908,0.176673007662116,0.061442293845435,2.8754298807033,1,1,"Rdh13"
"ENSMUSG00000008450.9",2852.25224960719,0.0182981868347728,0.0581004078629403,0.314940763891684,1,1,"Nutf2"
"ENSMUSG00000008475.14",6915.51124169584,-0.410016212023663,0.0437238769809001,-9.37739835382784,1,1,"Arpc5"
"ENSMUSG00000008540.12",1717.88417633592,0.75811165660573,0.15114725736111,5.01571559975119,0.945239395093265,1,"Mgst1"
"ENSMUSG00000008575.18",22397.9684028055,0.154562801594345,0.0664514051092413,2.32595234578193,1,1,"Nfib"
"ENSMUSG00000008604.12",3036.47140851732,-0.343785135609574,0.0515005082788365,-6.67537364385291,1,1,"Ubqln4"
"ENSMUSG00000008658.18",437.35341504175,-0.752492990646634,0.209889909432374,-3.58517945279826,0.880845305707391,1,"Rbfox1"
"ENSMUSG00000008668.16",19426.6335367381,0.60379881690073,0.104469548719916,5.77966330188255,0.999925432081129,1,"Rps18"
"ENSMUSG00000008682.14",25465.0726795417,0.65613975740147,0.0798103132214737,8.22124022468978,0.999991780566132,1,"Rpl10"
"ENSMUSG00000008683.17",14435.586807274,0.537123274704575,0.109131508749186,4.92179830427369,0.999988896384046,1,"Rps15a"
"ENSMUSG00000008690.16",4962.57218343083,0.194023523671593,0.0676210687951275,2.86927620531153,1,1,"Ncaph2"
"ENSMUSG00000008730.18",6814.67774723062,-0.275865046536507,0.0662974596762887,-4.16101986235183,1,1,"Hipk1"
"ENSMUSG00000008763.17",5126.84275815892,-0.271962142759455,0.137543028739132,-1.97728772772095,0.999999939891108,1,"Man1a2"
"ENSMUSG00000008822.16",645.187999555152,0.233175332564621,0.085506943855089,2.72697540166785,1,1,"Acyp1"
"ENSMUSG00000008845.10",34.1782630499935,1.05868860954281,0.135106161542831,7.83597577973668,0.332003048195058,1,"Cd163"
"ENSMUSG00000008855.18",2836.2963836817,0.284632006571978,0.113891063070411,2.49916015268037,0.999999999831972,1,"Hdac5"
"ENSMUSG00000008859.9",3756.53863091322,-0.0283054473428242,0.0451805544183488,-0.626496237313297,1,1,"Rala"
"ENSMUSG00000008892.14",8260.83077438038,0.239340720880088,0.044374164483885,5.39369526533863,1,1,"Vdac3"
"ENSMUSG00000008958.15",1652.97112663928,-0.481940711315619,0.0597798571223292,-8.06192477726085,1,1,"Vps72"
"ENSMUSG00000008976.17",3626.28469782874,-0.0993458233021398,0.0890908679332278,-1.11510669507225,1,1,"Gabpa"
"ENSMUSG00000008999.8",2218.47462380492,0.210857026853261,0.169919064434243,1.24092624659466,0.99999829325304,1,"Bmp7"
"ENSMUSG00000009013.6",7497.82562604693,0.00786020662308479,0.08174515068391,0.09615502029568,1,1,"Dynll1"
"ENSMUSG00000009030.15",2144.04969266341,-0.282940162407843,0.0694849479698061,-4.07196336292562,1,1,"Pdcl"
"ENSMUSG00000009035.16",2388.71221754807,0.302313685681601,0.0809352770658308,3.73525237253104,1,1,"Tmem184b"
"ENSMUSG00000009073.17",4356.32664986369,-0.420356054664864,0.0941263871613956,-4.46586836424617,0.99999999963199,1,"Nf2"
"ENSMUSG00000009075.3",109.66503307119,-0.167463900909703,0.326875461111407,-0.51231713858333,0.994743993373005,1,"Cabp7"
"ENSMUSG00000009076.11",440.897842765129,-0.0336506271308298,0.0630835856823219,-0.533429207722728,1,1,"Zmat5"
"ENSMUSG00000009079.17",9760.24146110955,-0.163502123610243,0.051651928892776,-3.16546016993201,1,1,"Ewsr1"
"ENSMUSG00000009090.18",1966.47257421171,-0.0361157811475573,0.0759622286641754,-0.475443938160676,1,1,"Ap1b1"
"ENSMUSG00000009108.16",18.3148449663317,0.754912851812106,0.188109633363541,4.01315359725975,0.903694737451908,1,"Gnat2"
"ENSMUSG00000009112.5",3344.3958181185,0.0174969786475048,0.0871485453006153,0.200771895700034,1,1,"Bcl2l13"
"ENSMUSG00000009145.7",28.1190288781294,1.05761804425771,0.176002870610179,6.00909542322282,0.371694060284203,1,"Dqx1"
"ENSMUSG00000009207.16",1539.90923532071,-0.0073285886317723,0.0823778434499278,-0.0889631037285757,1,1,"Lnpk"
"ENSMUSG00000009281.7",51.1156281486602,0.128641654813831,0.224504150975495,0.573003457864225,0.999948289822824,1,"Rarres2"
"ENSMUSG00000009291.14",6221.8655163635,0.720878103084101,0.106922852331851,6.74203958613776,0.995479475556161,1,"Pttg1ip"
"ENSMUSG00000009292.19",359.49222757585,-0.39135169109015,0.220958349725875,-1.77115592859772,0.99706165897035,1,"Trpm2"
"ENSMUSG00000009293.18",1346.6638941435,0.263453983620988,0.0681080855860283,3.86817484817152,1,1,"Ube2g2"
"ENSMUSG00000009376.16",58.8997612916613,1.25312801640777,0.249123196348816,5.03015389483511,0.154796679112258,1,"Met"
"ENSMUSG00000009406.14",1522.31079288827,0.141463691168116,0.0329018221009649,4.29957011906545,1,1,"Elk1"
"ENSMUSG00000009418.18",7488.49751362256,-0.992065609881838,0.0938752908364779,-10.5679098412587,0.533678712983029,1,"Nav1"
"ENSMUSG00000009470.18",23985.5732566447,0.339562085113172,0.0838462645453343,4.04981768662546,0.999999999999998,1,"Tnpo1"
"ENSMUSG00000009535.14",1787.94651077487,0.0457916421699388,0.0615246445227128,0.744281296140347,1,1,"Rnmt"
"ENSMUSG00000009549.15",2497.92725256342,-0.33015802970254,0.0609682502160738,-5.4152452880384,1,1,"Srp14"
"ENSMUSG00000009555.17",1863.94610417335,0.104267422259045,0.0498138124711291,2.09314278684203,1,1,"Cdk9"
"ENSMUSG00000009563.17",953.700520956599,-0.0064011517389919,0.0399672014279245,-0.160160119055009,1,1,"Tor2a"
"ENSMUSG00000009566.13",463.271865255758,0.108050643429287,0.0652090747709486,1.65698783196699,1,1,"Fpgs"
"ENSMUSG00000009569.15",1627.31311326568,0.122704176254831,0.0971938170745738,1.26246895068114,1,1,"Mrtfb"
"ENSMUSG00000009575.15",17612.4611529778,-0.40554776523473,0.111226215622478,-3.64615268949931,0.999999954674893,1,"Cbx5"
"ENSMUSG00000009585.19",768.090767408183,-0.0884519824110974,0.0928670999307032,-0.952457678522316,1,1,"Apobec3"
"ENSMUSG00000009614.17",2321.38667010989,1.03389455632744,0.142850668596883,7.23758990057678,0.406222640223713,1,"Sardh"
"ENSMUSG00000009621.19",1188.71707871617,0.0100052303212357,0.0769580020550711,0.130008966631904,1,1,"Vav2"
"ENSMUSG00000009630.11",2724.47208276006,0.0104877433468938,0.0359760936129474,0.291519792552447,1,1,"Ppp2cb"
"ENSMUSG00000009633.4",738.756833179249,-0.0863269160478976,0.11974217186529,-0.720939955432036,0.999999999999988,1,"G0s2"
"ENSMUSG00000009640.12",931.966218633436,0.0352373273640971,0.0491032169012643,0.717617492046429,1,1,"Dmap1"
"ENSMUSG00000009647.14",1551.54187268478,0.455750458074115,0.057092983499519,7.98260013996211,1,1,"Mcu"
"ENSMUSG00000009681.11",2217.50061832876,0.207760311545395,0.0578166397081963,3.59343456475459,1,1,"Bcr"
"ENSMUSG00000009687.15",120.140851014083,0.089746847044655,0.212940221807542,0.421464983378149,0.999990584480416,1,"Fxyd5"
"ENSMUSG00000009731.5",190.896661332425,0.00629319200333888,0.0955855844958502,0.0658382959787424,1,1,"Kcnd1"
"ENSMUSG00000009733.10",842.541974470141,-0.0790957638723201,0.0633909317577518,-1.24774572133731,1,1,"Tfcp2"
"ENSMUSG00000009739.19",2280.78222742783,-0.249180152753404,0.067369445655026,-3.69871163894332,1,1,"Pou6f1"
"ENSMUSG00000009741.17",3038.10016245729,0.210497510464002,0.0371237689547858,5.67015463113063,1,1,"Ubp1"
"ENSMUSG00000009772.16",88.1612371721199,-0.402278590579359,0.226299467972559,-1.77763825157618,0.995870390836557,1,"Nuak2"
"ENSMUSG00000009828.16",1707.97527418749,-0.248541872492802,0.0462693203744395,-5.37163438929834,1,1,"Cilk1"
"ENSMUSG00000009863.15",3395.10989977406,0.0969261694401002,0.0421843653553049,2.29767992534019,1,1,"Sdhb"
"ENSMUSG00000009894.16",1932.41145085591,-0.227233618990207,0.0723668825218158,-3.14002221833592,1,1,"Snap47"
"ENSMUSG00000009905.6",1296.56310506256,-0.243534277322517,0.0684592607540162,-3.55736060600436,1,1,"Kdsr"
"ENSMUSG00000009907.18",3504.09922691858,-0.20477651647852,0.0738282507463108,-2.7736877741039,1,1,"Vps4b"
"ENSMUSG00000009927.10",16205.6033201002,0.529961374178458,0.110939498684502,4.77703054784483,0.999988668223928,1,"Rps25"
"ENSMUSG00000009995.18",1082.78638952557,0.498540046352514,0.0736754607057606,6.76670415870956,0.999999999994994,1,"Tafazzin"
"ENSMUSG00000010025.20",1703.65516934801,-0.129965453785944,0.0468919138260991,-2.77159627708793,1,1,"Aldh3a2"
"ENSMUSG00000010045.3",1111.89892133044,0.14469713519679,0.0421077782571748,3.43635169523898,1,1,"Tmem115"
"ENSMUSG00000010047.13",1148.36947185263,0.0611086171808447,0.0939756376237071,0.650260202814829,1,1,"Hyal2"
"ENSMUSG00000010048.11",579.39002773634,0.52892651655348,0.0823544535446422,6.4225611826416,0.999999994676084,1,"Ifrd2"
"ENSMUSG00000010054.5",782.418785664249,-0.0532182229378164,0.0534774514417589,-0.995152564362106,1,1,"Tusc2"
"ENSMUSG00000010057.9",374.509595809505,-0.0976663911382927,0.0683409071477817,-1.42910586374127,1,1,"Nprl2"
"ENSMUSG00000010064.16",4792.21185890648,0.201138507508185,0.115338942204302,1.74389069003169,0.999999999997839,1,"Slc38a3"
"ENSMUSG00000010066.17",87.7245406906453,-0.00887849346567422,0.240212877643065,-0.0369609387839185,0.999994894271923,1,"Cacna2d2"
"ENSMUSG00000010067.14",626.259860538802,0.355798672540794,0.0673970030836551,5.27914679083233,1,1,"Rassf1"
"ENSMUSG00000010095.14",13476.8042824171,1.09726117860875,0.099146862491973,11.0670287594585,0.16330107974065,1,"Slc3a2"
"ENSMUSG00000010097.16",4003.30469550466,-0.0284709741566632,0.0788359240079015,-0.361142138117257,1,1,"Nxf1"
"ENSMUSG00000010110.18",1495.46318670177,0.135054381162115,0.0471603416168707,2.86372779610659,1,1,"Stx5a"
"ENSMUSG00000010175.14",2836.52518983525,-0.349169747169093,0.0861548866269071,-4.05281419127356,0.999999999999979,1,"Prox1"
"ENSMUSG00000010205.12",3629.30810968381,-0.216902211109801,0.0630823969959839,-3.43839520117808,1,1,"Raver1"
"ENSMUSG00000010277.8",15035.8140631379,-0.368102500811108,0.0605116700514981,-6.08316545383456,1,1,"Bltp2"
"ENSMUSG00000010290.8",1829.25684309523,0.0851816255342462,0.0478462515415541,1.78031972808291,1,1,"AI597479"
"ENSMUSG00000010307.8",327.504279089432,-0.322285359402647,0.119885819909213,-2.68826921855069,0.999999992116473,1,"Tmem86a"
"ENSMUSG00000010342.17",14.2180096449203,-1.05885391791286,0.258016762906437,-4.10381831779209,0.409783806698424,1,"Tex14"
"ENSMUSG00000010358.14",558.046106292253,-0.773058100895254,0.0867784918137476,-8.90840673463726,0.99554105649248,1,"Ifi35"
"ENSMUSG00000010362.10",389.387183870984,0.310158734243419,0.120330904469116,2.57754843289674,0.999999995062694,1,"Rdm1"
"ENSMUSG00000010376.17",2486.83686835645,0.609707390738034,0.0741007078270101,8.22809131812089,0.999999930685696,1,"Nedd8"
"ENSMUSG00000010392.9",2439.75723834523,-0.186980717654896,0.0909663630081741,-2.05549294785034,1,1,"Gosr1"
"ENSMUSG00000010406.13",987.411039407644,0.887525788624158,0.0965982391303011,9.18780504297782,0.8778590075394,1,"Mrpl52"
"ENSMUSG00000010453.13",2905.72731387093,0.283159869018026,0.0383684091503452,7.38002631040746,1,1,"Kansl3"
"ENSMUSG00000010461.17",826.52285977841,0.0138595054723838,0.101245419408868,0.13689019763367,1,1,"Eya4"
"ENSMUSG00000010476.16",1636.33357258131,0.617849727495262,0.0841328847806945,7.34373638923453,0.999997216786258,1,"Ebf3"
"ENSMUSG00000010517.8",2036.71878092823,0.134443694224143,0.0536051259070727,2.50803802713212,1,1,"Faf1"
"ENSMUSG00000010538.15",52.7626208584517,-0.124553872299768,0.101268446014905,-1.22993762816737,1,1,"Tsacc"
"ENSMUSG00000010554.15",1490.76506071192,-0.26149196361003,0.0740947607154792,-3.52915592256446,1,1,"Mettl16"
"ENSMUSG00000010607.9",452.101108080078,-0.0120380668882105,0.0558324655037509,-0.215610519428016,1,1,"Pigyl"
"ENSMUSG00000010608.16",8034.872676515,0.0667582050762486,0.0639102079569147,1.04456247617366,1,1,"Rbm25"
"ENSMUSG00000010609.16",538.133622342515,-0.234890193951628,0.11818567969705,-1.98746747113297,0.999999999952214,1,"Psen2"
"ENSMUSG00000010660.4",352.154919494399,0.183991397871259,0.0710179658836308,2.59077256834905,1,1,"Plcd1"
"ENSMUSG00000010663.6",13318.8019430644,0.24737534771977,0.0604911743001212,4.08944528820752,1,1,"Fads1"
"ENSMUSG00000010721.16",646.91187151674,-0.755886294974434,0.0914855655531253,-8.2623558197877,0.996188535981639,1,"Lmbr1"
"ENSMUSG00000010751.16",441.145402903419,0.0573320406466925,0.0890113899083187,0.644097802604186,1,1,"Tnfrsf22"
"ENSMUSG00000010755.18",3350.50354702705,0.386409493474731,0.0704223820015152,5.4870267447985,1,1,"Cars1"
"ENSMUSG00000010825.18",80.8588723737903,-1.09150975657957,0.179764192806441,-6.07189752051923,0.305357040358535,1,"Grid2ip"
"ENSMUSG00000010830.9",749.457196150818,1.10383960566147,0.171963060390916,6.4190507144509,0.272972244292243,1,"Kdelr3"
"ENSMUSG00000010911.13",702.096347604842,-0.00254141564524939,0.121556902763869,-0.0209072096068968,1,1,"Apip"
"ENSMUSG00000010914.11",1272.43962203186,-0.123299867521408,0.0571355892521442,-2.15802215633544,1,1,"Pdhx"
"ENSMUSG00000010936.12",1335.86385034109,-0.0678883116688526,0.0760385206545602,-0.892814735011302,1,1,"Vac14"
"ENSMUSG00000011096.18",1943.21049824709,0.253677388897851,0.0669093239361201,3.79136081452627,1,1,"Akt1s1"
"ENSMUSG00000011114.19",2770.56647438073,0.234987484861561,0.0511924193163097,4.59027895145199,1,1,"Tbrg1"
"ENSMUSG00000011148.15",73.316195881927,0.293178256176867,0.334394327367756,0.876744107726561,0.982786182506388,1,"Adss1"
"ENSMUSG00000011158.9",1157.2957503402,0.0281582156174603,0.0532579780292741,0.528713568547096,1,1,"Brf1"
"ENSMUSG00000011179.9",19505.5307781784,0.690297928460772,0.10558852342839,6.53762270791607,0.998322040211475,1,"Odc1"
"ENSMUSG00000011254.17",344.640036050166,-0.0660396076585306,0.0775653126168487,-0.851406452582072,1,1,"Thg1l"
"ENSMUSG00000011256.17",6345.5838286625,1.02761329297781,0.132242160598598,7.77069346361469,0.417298850701245,1,"Adam19"
"ENSMUSG00000011257.20",4199.53851775146,0.334275295725311,0.0606783507186859,5.5089713508375,1,1,"Pabpc4"
"ENSMUSG00000011263.18",10.8889066444339,0.764283067536169,0.227906121155791,3.35349951839917,0.849495501635412,1,"Exoc3l2"
"ENSMUSG00000011267.9",25.8303660918711,0.053014203043939,0.144431984063712,0.367053069218748,0.999999999972634,1,"Zfp296"
"ENSMUSG00000011306.8",1209.32859794273,0.060524199965092,0.0331805538752451,1.82408648730385,1,1,"Sugp1"
"ENSMUSG00000011382.9",46.6963020455109,-0.474933814042264,0.237868801328584,-1.99662087415241,0.986356143871821,1,"Dhdh"
"ENSMUSG00000011427.17",542.017307016924,-0.0271665826828383,0.0794121491444807,-0.342096051744074,1,1,"Zfp790"
"ENSMUSG00000011589.10",326.165549871888,-0.693255208189539,0.182569080578744,-3.7972213366684,0.953536652375633,1,"Fsd1"
"ENSMUSG00000011658.17",416.552112138149,-0.13209478856446,0.0705841473143497,-1.87145121943841,1,1,"Fuz"
"ENSMUSG00000011751.18",128.090586423968,-0.157914399950878,0.158270177171209,-0.997752089327948,0.999999948275294,1,"Sptbn4"
"ENSMUSG00000011752.8",35866.6523865072,0.342546605030136,0.100859956116731,3.39625970720916,0.999999999964488,1,"Pgam1"
"ENSMUSG00000011831.17",5115.26652419199,0.0100519783875851,0.078319131433545,0.128346397662931,1,1,"Evi5"
"ENSMUSG00000011832.17",1936.60734738034,-0.680299407761327,0.106539912464467,-6.38539484428636,0.998653461542857,1,"Evi5l"
"ENSMUSG00000011837.5",1297.02059997057,0.128453521735665,0.0617808103363917,2.0791815619809,1,1,"Snapc2"
"ENSMUSG00000011877.14",3696.12763279683,-0.204764375441581,0.0536199874980963,-3.81880684789139,1,1,"Git1"
"ENSMUSG00000011884.14",2279.68804772978,-0.118775439640654,0.0941828281895356,-1.26111566114396,1,1,"Gltp"
"ENSMUSG00000011958.18",3686.27314153992,0.221318880373913,0.0625430927995771,3.53866223218513,1,1,"Bnip2"
"ENSMUSG00000011960.13",2819.84876327648,0.117456349583214,0.0602769588744743,1.94861107422181,1,1,"Ccnt1"
"ENSMUSG00000012076.9",1300.36056573828,-0.451380838424864,0.0516902144641583,-8.73242340168368,1,1,"Brms1l"
"ENSMUSG00000012114.18",1530.97110633621,-0.0462160505267209,0.0540283011370468,-0.855404474212329,1,1,"Med15"
"ENSMUSG00000012117.14",1452.8561523169,0.000694153186335585,0.0396671468139978,0.0174994483366934,1,1,"Dhdds"
"ENSMUSG00000012126.17",54.0165685712633,0.919456866045645,0.257378997626271,3.57238498294545,0.622835327336754,1,"Ubxn11"
"ENSMUSG00000012296.17",1094.62701108153,0.0217337531680951,0.0536645136511235,0.404993014739455,1,1,"Tjap1"
"ENSMUSG00000012396.13",23.916407154666,0.402586747207547,0.170013344999489,2.36797145076322,0.999779226916753,1,"Nanog"
"ENSMUSG00000012405.17",23116.3258742491,0.55283229767454,0.100751940817406,5.48706350656256,0.99999546646684,1,"Rpl15"
"ENSMUSG00000012422.15",7561.90986686707,-0.568703768245888,0.0981223523605566,-5.79586357811879,0.999994473949515,1,"Tmem167"
"ENSMUSG00000012428.10",188.032143352509,0.195787833845205,0.439406002677065,0.445573871663963,0.96964246656464,1,"Steap4"
"ENSMUSG00000012429.10",599.210433441929,-0.166354045012524,0.0709732156207779,-2.3438989421218,1,1,"Mplkip"
"ENSMUSG00000012443.5",5565.57396668575,-0.0820478651677714,0.134450852774562,-0.610244289824948,0.999999999995678,1,"Kif11"
"ENSMUSG00000012483.5",829.780707238546,-0.0593717520067396,0.0728261973477129,-0.815252672376476,1,1,"Rpa3"
"ENSMUSG00000012519.15",1120.35280827958,0.498099261798491,0.0961415188676687,5.1808965332042,0.999999910749268,1,"Mlkl"
"ENSMUSG00000012535.15",4094.26608736986,0.104492588598172,0.0411946826092175,2.53655525373051,1,1,"Tnpo3"
"ENSMUSG00000012609.20",662.180216554911,-0.101048173816497,0.0641138157504179,-1.57607486988229,1,1,"Ttll5"
"ENSMUSG00000012640.17",725.631127060832,-0.060416564387539,0.0505203159136632,-1.1958865120873,1,1,"Zfp715"
"ENSMUSG00000012819.17",237.826354476036,-0.191154780601307,0.258337537166794,-0.739941948420331,0.999130834022193,1,"Cdh23"
"ENSMUSG00000012848.16",13161.3942358489,0.567389249412311,0.0919337749256596,6.17171708516396,0.99999873488246,1,"Rps5"
"ENSMUSG00000013033.17",5161.27282808719,-0.495326865794554,0.0849930723166763,-5.82784987403458,0.999999998555771,1,"Adgrl1"
"ENSMUSG00000013089.16",29841.9163115335,0.494116609027252,0.133766901878853,3.69386299665333,0.999922159484175,1,"Etv5"
"ENSMUSG00000013150.16",408.520823325713,-0.0556457818243364,0.0754050871930767,-0.737957926921481,1,1,"Gfod2"
"ENSMUSG00000013155.11",366.034905067251,0.216487012502867,0.0607343126504256,3.56449267399999,1,1,"Enkd1"
"ENSMUSG00000013160.8",3552.22007661463,0.03276783863631,0.04658958778364,0.703329653580162,1,1,"Atp6v0d1"
"ENSMUSG00000013236.18",19022.3318827843,-0.282143365440741,0.0716887630787734,-3.9356707149587,1,1,"Ptprs"
"ENSMUSG00000013275.10",3407.06272152765,-0.197995838949791,0.0815123817776897,-2.42902777015876,1,1,"Slc41a1"
"ENSMUSG00000013367.6",910.937003531289,-1.00812005897849,0.119952824562676,-8.40430446430836,0.473014704173568,1,"Iglon5"
"ENSMUSG00000013419.8",1436.70666001003,-0.0543767452323693,0.0738312915163112,-0.736499986870149,1,1,"Zbtb47"
"ENSMUSG00000013465.20",1741.14229310518,0.133660851354589,0.0425150003263186,3.14385158952586,1,1,"Nelfb"
"ENSMUSG00000013483.15",15.9828070441399,0.992846633252792,0.181917884827125,5.45766368269007,0.515683148410924,1,"Card14"
"ENSMUSG00000013495.16",681.010842555326,0.133125360184219,0.0557490470983311,2.38793965302063,1,1,"Tmem175"
"ENSMUSG00000013523.14",9948.17949582382,-0.436769126126055,0.119325961519145,-3.66030259103321,0.99999882137593,1,"Bcas1"
"ENSMUSG00000013539.15",452.72832924149,-0.235826480410571,0.0856511438527673,-2.75333719787739,1,1,"Tango2"
"ENSMUSG00000013593.13",7598.61391209692,-0.14295230556231,0.0528026011234875,-2.70729665813228,1,1,"Ndufs2"
"ENSMUSG00000013622.16",1599.01941373829,-0.0195755904426132,0.0761808829018701,-0.256961979133648,1,1,"Atraid"
"ENSMUSG00000013629.17",3755.21901888231,0.0351706900494259,0.0879820052369603,0.399748675364937,1,1,"Cad"
"ENSMUSG00000013646.18",742.797143165055,-0.206040958411465,0.110972425655087,-1.85668608390935,0.99999999999958,1,"Sh3bp5l"
"ENSMUSG00000013662.7",5540.04071271801,-0.0467171023824658,0.0376682960908636,-1.24022340351617,1,1,"Atad1"
"ENSMUSG00000013663.9",5525.2168220554,0.154897467848568,0.0604156149598214,2.56386478812771,1,1,"Pten"
"ENSMUSG00000013698.13",12943.3037846265,-0.735439459113106,0.0734855688518051,-10.0079440168209,0.999840995405287,1,"Pea15a"
"ENSMUSG00000013701.14",3735.06051827201,0.778567949750023,0.0601248764056619,12.9491817080344,0.999884688206954,1,"Timm23"
"ENSMUSG00000013707.4",20.557928030918,0.328920955365454,0.363907909757871,0.903857669882207,0.967545210440607,1,"Tnfaip8l2"
"ENSMUSG00000013736.17",1623.96610067816,-0.00959410905150786,0.0579256488423242,-0.165627994562882,1,1,"Trnt1"
"ENSMUSG00000013787.16",4631.21181510908,0.14604917615643,0.0392977004651892,3.71648148435056,1,1,"Ehmt2"
"ENSMUSG00000013822.8",764.623945296366,-0.171606726381593,0.0554305927200784,-3.0958847445164,1,1,"Elof1"
"ENSMUSG00000013833.16",757.052344309936,-0.130822336964968,0.0775520296144463,-1.68689765587513,1,1,"Med16"
"ENSMUSG00000013846.11",399.458358009429,0.550125957366443,0.179700791740062,3.06134409336495,0.99385074979554,1,"St3gal1"
"ENSMUSG00000013858.15",2682.09980136047,0.361722597236533,0.0462259049089718,7.82510581347922,1,1,"Tmem259"
"ENSMUSG00000013878.19",1143.9675937798,-0.0426073377089277,0.0582693108869542,-0.731214031200547,1,1,"Rnf170"
"ENSMUSG00000013921.16",3494.22150344257,-0.417406703711895,0.0900176750787321,-4.63694161559737,0.999999999951639,1,"Clip3"
"ENSMUSG00000013973.13",1399.41428748236,-0.262163587390118,0.0415187118879231,-6.31434780775018,1,1,"Dedd"
"ENSMUSG00000013997.11",1576.46781869433,-0.372087042702146,0.0510943656595152,-7.28234978356861,1,1,"Nit1"
"ENSMUSG00000014039.19",602.051166140489,-0.0362876849537706,0.0924150476357632,-0.392659917211663,1,1,"Prdm15"
"ENSMUSG00000014074.18",2453.1414007219,-0.160920864473682,0.0388276383619174,-4.14449271865874,1,1,"Rnf168"
"ENSMUSG00000014075.16",417.128868288238,0.0229521484155279,0.0779201019392953,0.294560040917414,1,1,"Dynlt2b"
"ENSMUSG00000014077.14",4755.15647867289,-0.147884855593978,0.0516023952691723,-2.86585254080881,1,1,"Chp1"
"ENSMUSG00000014158.13",35.429536698909,-1.0958840488605,0.260315792831376,-4.20982544678102,0.356310824924294,1,"Trpv4"
"ENSMUSG00000014164.16",330.003481055388,-0.271164218237558,0.0952856523753567,-2.84580323981376,0.99999999999999,1,"Klhl3"
"ENSMUSG00000014177.11",1375.51545103008,0.376204292962614,0.0668821193416451,5.62488594359427,1,1,"Tvp23b"
"ENSMUSG00000014195.17",6032.65952894197,-0.208951215699396,0.0578281310771249,-3.61331434731514,1,1,"Dnajc7"
"ENSMUSG00000014198.16",10.7823216009461,1.29323679758304,0.273550590794886,4.72759643408243,0.141867762733259,1,"Zfp385c"
"ENSMUSG00000014226.11",5984.85433610029,-0.623809936994156,0.0590970370556438,-10.5556888817759,0.999999999902757,1,"Cacybp"
"ENSMUSG00000014232.15",416.919639760131,-0.125656984363672,0.0656131906966342,-1.91511772296905,1,1,"Cluap1"
"ENSMUSG00000014243.6",214.239771858829,0.571669325021498,0.0868565485105337,6.58176424028832,0.999999591939576,1,"Zswim7"
"ENSMUSG00000014245.9",225.014682607973,0.102184448404733,0.0490759997351066,2.08216743329296,1,1,"Pigl"
"ENSMUSG00000014294.5",1477.10766188093,0.331793148885536,0.0775546778478202,4.2781835743885,1,1,"Ndufa2"
"ENSMUSG00000014301.14",517.742953835418,0.149972220581839,0.105197765726616,1.42562172823689,1,1,"Pam16"
"ENSMUSG00000014303.14",900.216006421064,-0.126466866921689,0.0786232158379109,-1.6085181148328,1,1,"Glis2"
"ENSMUSG00000014313.16",4787.11940067383,0.12599050395068,0.064556654699515,1.95162690100834,1,1,"Cox6c"
"ENSMUSG00000014329.15",1638.34780308833,0.788589415682557,0.0765396877148303,10.3030132370106,0.997128491683947,1,"Bicc1"
"ENSMUSG00000014349.8",4619.49972325262,0.0449076120755599,0.0470817224077014,0.953822625406204,1,1,"Ube2z"
"ENSMUSG00000014353.16",1666.95240756828,0.12631878531323,0.0600235852803149,2.10448584041276,1,1,"Tmem87b"
"ENSMUSG00000014355.11",9661.35557954832,-0.2334523461455,0.0723739033117312,-3.22564260683808,1,1,"Anapc1"
"ENSMUSG00000014361.6",456.702029433906,0.995957359837288,0.133488981248682,7.46097056491785,0.512079900362516,1,"Mertk"
"ENSMUSG00000014402.16",2982.1117385576,-0.0517558701515971,0.0414407544422576,-1.24891235326597,1,1,"Tsg101"
"ENSMUSG00000014418.17",1277.9715459976,0.0987325590401866,0.0479743289128728,2.05802897669495,1,1,"Hps5"
"ENSMUSG00000014426.10",2386.93552990139,-0.10065742018518,0.0483447435259192,-2.08207579240159,1,1,"Map3k4"
"ENSMUSG00000014444.18",3907.36996252572,1.0095986138444,0.12052527296795,8.37665486236129,0.468261852762669,1,"Piezo1"
"ENSMUSG00000014470.5",418.556300688928,0.264007737873172,0.0884928018783427,2.98338093346984,1,1,"Rnf166"
"ENSMUSG00000014496.9",5555.84270585271,0.300759092702737,0.0896995958284082,3.35295928510177,0.999999999999997,1,"Ankrd28"
"ENSMUSG00000014498.10",4268.47867298846,0.225082269051069,0.109866669287584,2.04868565244205,0.999999999999126,1,"Ankrd52"
"ENSMUSG00000014504.17",1415.50145834125,0.139472043577684,0.0528476669058535,2.63913341389601,1,1,"Srp19"
"ENSMUSG00000014550.15",2233.89176993721,-0.125287630520787,0.0493601304024753,-2.53823540374002,1,1,"Rbsn"
"ENSMUSG00000014551.9",886.778962823361,0.00933376397435817,0.0575846794554649,0.162087625782075,1,1,"Mrps25"
"ENSMUSG00000014554.14",430.302537505196,0.307867306723522,0.0764107839877211,4.02910807423458,1,1,"Dguok"
"ENSMUSG00000014592.23",1606.09964647762,-0.145402583018091,0.0725482934207396,-2.00421782735587,1,1,"Camta1"
"ENSMUSG00000014599.11",3650.44885164528,0.627331309307059,0.147130233699884,4.26378245674977,0.99434411555558,1,"Csf1"
"ENSMUSG00000014601.14",3325.45494040049,-0.446589369463082,0.0737047101908992,-6.05917000835348,0.99999999999997,1,"Strip1"
"ENSMUSG00000014602.16",12598.6502353519,-1.04924353325792,0.151082804416238,-6.94482431215151,0.372235867186148,1,"Kif1a"
"ENSMUSG00000014606.15",2956.43557682942,0.315819361155367,0.0366834488239403,8.60931486216361,1,1,"Slc25a11"
"ENSMUSG00000014633.16",472.170442714552,0.0808146857164763,0.0809677268217344,0.998109850538412,1,1,"Cmc2"
"ENSMUSG00000014668.16",1522.33014157385,-0.516661850296855,0.0774309642128755,-6.67254832157886,0.999999999784245,1,"Chfr"
"ENSMUSG00000014704.11",597.065890039724,0.0116526457746006,0.0994028224976398,0.117226508079056,1,1,"Hoxa2"
"ENSMUSG00000014748.14",2467.62623929131,0.0534596491022212,0.0745055803116447,0.717525437404932,1,1,"Tex261"
"ENSMUSG00000014763.9",1511.30978238207,-0.173042150583722,0.0540672539394284,-3.20049823091777,1,1,"Fam120b"
"ENSMUSG00000014767.18",1014.84521184828,-0.123310456817767,0.0497152390583428,-2.48033518803072,1,1,"Tbp"
"ENSMUSG00000014769.11",5837.39277249962,0.127648227661758,0.0420246953533885,3.03745753748732,1,1,"Psmb1"
"ENSMUSG00000014771.14",552.556608272139,0.197913692146744,0.0760169567646468,2.60354663709437,1,1,"Pdcd2"
"ENSMUSG00000014776.8",1112.86330990091,-0.0331434397389879,0.094721080944496,-0.349905632500214,1,1,"Nol3"
"ENSMUSG00000014778.11",430.073136951891,0.917558714361643,0.101468678733318,9.0427777893234,0.791741909204564,1,"Fhod1"
"ENSMUSG00000014782.17",66.2591186324559,-0.27914916946581,0.155048207536877,-1.80040242902786,0.999998333911798,1,"Plekhg4"
"ENSMUSG00000014786.9",628.165614116336,0.13616520194989,0.100500638321181,1.35486902595316,1,1,"Slc9a5"
"ENSMUSG00000014791.11",26.3804561048198,0.262441260967016,0.150781908870378,1.74053547228022,0.99999949980031,1,"Elmo3"
"ENSMUSG00000014837.16",441.904294594085,-0.513628489691685,0.0719458555946861,-7.13909766512835,0.999999999993112,1,"Matcap1"
"ENSMUSG00000014846.13",66.5986558109879,-0.00151655501615195,0.182392631253162,-0.00831478226796875,0.999999998029649,1,"Tppp3"
"ENSMUSG00000014850.16",1003.037556087,-0.188632601603942,0.0698101702618067,-2.70207909387013,1,1,"Msh3"
"ENSMUSG00000014856.13",618.0668155638,0.203051512262287,0.0520719740974639,3.89943949277268,1,1,"Tmem208"
"ENSMUSG00000014859.10",1022.62550544345,0.150499803795522,0.0441574202602616,3.40825625474687,1,1,"E2f4"
"ENSMUSG00000014867.10",6396.36851031841,0.310648504622797,0.0465946704396549,6.66703942085222,1,1,"Surf4"
"ENSMUSG00000014873.16",820.965546144039,0.23211158323082,0.0504632395195406,4.59961717560643,1,1,"Surf2"
"ENSMUSG00000014905.5",1292.73312750892,0.213292591124665,0.0674139003099262,3.16392598772778,1,1,"Dnajb9"
"ENSMUSG00000014907.11",1322.20885282291,-0.0218686315955915,0.0503369813976837,-0.434444636694044,1,1,"Naf1"
"ENSMUSG00000014956.16",10748.0646634858,0.093185998782125,0.0501188980257709,1.85929863689759,1,1,"Ppp1cb"
"ENSMUSG00000014959.13",5793.82539757959,0.283307609044588,0.0690887536401235,4.10063279647958,1,1,"Gorasp2"
"ENSMUSG00000014980.15",1143.90437556431,-0.272634761624782,0.0531825564325156,-5.12639444045405,1,1,"Tsen15"
"ENSMUSG00000015002.19",3865.84939342258,0.0416683039731036,0.0478381116104024,0.871027358112582,1,1,"Efr3a"
"ENSMUSG00000015013.10",400.687493415622,0.131587164342669,0.0563355026741925,2.33577687419749,1,1,"Trappc2l"
"ENSMUSG00000015016.9",343.390279545694,0.120384134251669,0.0593194700521462,2.02942025857349,1,1,"Acsf3"
"ENSMUSG00000015023.8",2116.22184289469,-0.0127323128604703,0.0506074591708894,-0.251589648424678,1,1,"Ddx19a"
"ENSMUSG00000015027.12",360.631941763837,1.02466460836139,0.0995793455699395,10.2899311347826,0.402187910884902,1,"Galns"
"ENSMUSG00000015053.15",114.148579868348,-0.1653065141712,0.140937709247319,-1.17290478931454,0.99999999841389,1,"Gata2"
"ENSMUSG00000015083.12",35.1130673961379,0.423423516551635,0.149997246145007,2.82287526893859,0.999939456221872,1,"C8g"
"ENSMUSG00000015087.15",3580.75201131208,0.199851975439048,0.0609200154051481,3.28056344224364,1,1,"Rabl6"
"ENSMUSG00000015090.14",1111.77377579996,0.612019150347748,0.167776623001968,3.6478213674653,0.989624502300129,1,"Ptgds"
"ENSMUSG00000015092.10",3063.95036079555,0.265839737225483,0.0728662717343009,3.6483235782234,1,1,"Edf1"
"ENSMUSG00000015094.17",2432.78265489538,-0.0720503057292372,0.0746508682430728,-0.965163666879696,1,1,"Npdc1"
"ENSMUSG00000015095.13",1400.2804746723,0.111983865215557,0.0505150342422172,2.21684231032291,1,1,"Fbxw5"
"ENSMUSG00000015112.16",398.201358545994,0.0320464755237323,0.0911689260034087,0.35150655962026,1,1,"Slc25a13"
"ENSMUSG00000015120.17",7778.99118421193,0.0994547176558449,0.0366661968481499,2.71243614568832,1,1,"Ube2i"
"ENSMUSG00000015126.11",779.120638541866,0.0658416436277678,0.0648218730288742,1.01573189035188,1,1,"Tsr3"
"ENSMUSG00000015127.15",577.790005827068,0.143154991416956,0.0761657081516427,1.87952025775091,1,1,"Unkl"
"ENSMUSG00000015134.16",14.4186110989702,0.488418033931043,0.191430268710514,2.55141486882434,0.996234676984485,1,"Aldh1a3"
"ENSMUSG00000015143.16",3195.99621112653,-0.221154474152506,0.0851351495741393,-2.59768703360197,1,1,"Actn1"
"ENSMUSG00000015149.15",4183.21498694847,0.0633794723524234,0.120275302937112,0.526953337923103,0.999999999999997,1,"Sirt2"
"ENSMUSG00000015165.17",12915.3357310724,0.0133378369331066,0.0710579833451864,0.187703566935103,1,1,"Hnrnpl"
"ENSMUSG00000015176.12",4002.03865349481,0.103253751611013,0.0656570075635704,1.5726234783247,1,1,"Nolc1"
"ENSMUSG00000015189.13",101.878386106371,-0.843844437453549,0.352259582293721,-2.39551875908924,0.671224565143274,1,"Casd1"
"ENSMUSG00000015202.14",818.377275649274,0.438553467603718,0.0830358953416954,5.28149260990148,0.999999999993171,1,"Cnksr3"
"ENSMUSG00000015214.15",1582.55498506818,-0.170144065531087,0.0800361732244589,-2.12583958823123,1,1,"Mtmr1"
"ENSMUSG00000015217.12",4253.91203724209,-0.418886048023415,0.0906853071927231,-4.61911704321852,0.999999999926293,1,"Hmgb3"
"ENSMUSG00000015224.11",407.288358885688,-0.237708328390473,0.14318145116944,-1.66018940616247,0.999999949232617,1,"Cyp2j9"
"ENSMUSG00000015243.5",5709.92101433923,0.699990199457703,0.233344801745545,2.99981055597296,0.900724904127787,1,"Abca1"
"ENSMUSG00000015247.11",985.876639072638,-0.33832703994129,0.0534923959285798,-6.32476885860574,1,1,"Nipsnap3b"
"ENSMUSG00000015289.5",933.991806357742,9.52096254077284e-05,0.0616191884432784,0.00154512949315083,1,1,"Lage3"
"ENSMUSG00000015290.16",1550.96462036209,0.0609371205483149,0.044926356046246,1.35637799080762,1,1,"Ubl4a"
"ENSMUSG00000015291.11",6847.7850024688,-0.0673182003751721,0.0606578987789856,-1.10980106021236,1,1,"Gdi1"
"ENSMUSG00000015305.7",5769.83722913374,0.437698764986392,0.0969141733349151,4.51635452199336,0.999999996724621,1,"Sash1"
"ENSMUSG00000015312.10",317.399385314564,-0.482811744658075,0.172114218177878,-2.80518222009465,0.998671715970086,1,"Gadd45b"
"ENSMUSG00000015335.17",246.683430971194,0.175989619014116,0.0756826698228868,2.32536219224253,1,1,"Zdhhc12"
"ENSMUSG00000015337.6",201.340595437401,0.583190082034385,0.100936941295213,5.77776653969248,0.999981815157445,1,"Endog"
"ENSMUSG00000015340.11",356.862335594501,-0.358314877112999,0.377100175926996,-0.95018485799478,0.955745551517979,1,"Cybb"
"ENSMUSG00000015341.18",3630.99024699903,-0.0243645890656195,0.0332341537345287,-0.733118985373949,1,1,"Golga7"
"ENSMUSG00000015354.9",89.2430343650414,1.31618310676135,0.433469375990677,3.03639237201767,0.232871117105761,1,"Pcolce2"
"ENSMUSG00000015355.14",48.8064754350658,-0.210089089141177,0.360822814701992,-0.582250014635834,0.986107308889161,1,"Cd48"
"ENSMUSG00000015357.11",1233.68851147609,0.0283801372929291,0.0426519813061776,0.66538848662626,1,1,"Clpx"
"ENSMUSG00000015363.14",963.139027324991,0.147701584609509,0.0581087162506551,2.54181462162044,1,1,"Trabd"
"ENSMUSG00000015377.11",319.441039565761,-0.10257929187989,0.0866160458367619,-1.18429894702435,1,1,"Dennd6b"
"ENSMUSG00000015396.5",65.2220408363686,0.190370759323824,0.346374782279457,0.549609177870898,0.990586236298524,1,"Cd83"
"ENSMUSG00000015451.18",24.5756139633199,0.477268302072351,0.263580252316188,1.81071342742257,0.976327324013681,1,"C4a"
"ENSMUSG00000015452.15",60.2712564931503,0.351498586741928,0.165126607515988,2.1286611045279,0.999957047260727,1,"Ager"
"ENSMUSG00000015461.16",1922.84591902742,-0.0298801141493533,0.0532269698607361,-0.561371692349425,1,1,"Atf6b"
"ENSMUSG00000015467.15",18.3586636458102,0.0848815102170403,0.151228316947144,0.56128053218173,0.999999999281679,1,"Egfl8"
"ENSMUSG00000015468.15",94.5717987645494,0.361333894420573,0.321505993265538,1.12387918729136,0.976521592359339,1,"Notch4"
"ENSMUSG00000015474.17",1550.7909230743,0.717099735910498,0.048255300385585,14.8605382244126,0.999999997721267,1,"Ppt2"
"ENSMUSG00000015476.7",328.825382489547,0.298560506983367,0.144639440267719,2.06417078516586,0.999999381361678,1,"Prrt1"
"ENSMUSG00000015478.14",1246.035337956,-0.0636082680347744,0.0723323971570768,-0.87938835894852,1,1,"Rnf5"
"ENSMUSG00000015488.15",1158.07187689433,-0.00690214210821377,0.0555143460449398,-0.124330782940798,1,1,"Cacfd1"
"ENSMUSG00000015501.11",2161.09376435468,0.0868339312487965,0.0765814301209733,1.13387711762013,1,1,"Hivep2"
"ENSMUSG00000015522.20",2454.13240975735,0.0543508221525619,0.0578542021579633,0.939444675153658,1,1,"Arnt"
"ENSMUSG00000015536.15",1326.50073391006,-0.252385347439415,0.0660730055951407,-3.81979516696871,1,1,"Mocs2"
"ENSMUSG00000015542.18",415.447932706556,0.0177294961982845,0.0789741212215628,0.224497543297053,1,1,"Nat9"
"ENSMUSG00000015568.17",1956.37945534642,0.352065074171096,0.315456260380887,1.11605036383176,0.980019370858979,1,"Lpl"
"ENSMUSG00000015575.16",1787.09478046365,0.0117960778743164,0.0821930365127135,0.143516754883388,1,1,"Atp6v0e"
"ENSMUSG00000015597.18",1910.69359406948,-0.126817560435029,0.0917388344132199,-1.38237597246771,1,1,"Zfp318"
"ENSMUSG00000015605.7",1121.40448615065,0.221379287807595,0.0834046297099803,2.65428056664706,1,1,"Srf"
"ENSMUSG00000015619.11",67.4676518757011,-0.366547485913084,0.18970210031123,-1.93222681937479,0.999579893863086,1,"Gata3"
"ENSMUSG00000015656.18",72975.6716368704,-0.143431244077608,0.061892725946215,-2.31741681893686,1,1,"Hspa8"
"ENSMUSG00000015659.13",377.173588673863,0.1172528898857,0.0841083785379731,1.39406907996405,1,1,"Serac1"
"ENSMUSG00000015668.14",1584.63857434178,0.0519485681703186,0.0436211241015148,1.19090393107303,1,1,"Pdzd11"
"ENSMUSG00000015671.12",4245.14895697338,-0.0801157687873973,0.0550861476017844,-1.45437232907538,1,1,"Psma2"
"ENSMUSG00000015672.5",1143.20365320627,-0.029493868880755,0.0651931261419678,-0.452407648262298,1,1,"Mrpl32"
"ENSMUSG00000015697.15",3368.751189244,-0.497849427244728,0.0561324303322158,-8.86919423046965,1,1,"Setdb1"
"ENSMUSG00000015702.15",70.4640003036273,0.929441531162444,0.108213532848636,8.58895839268551,0.742809087331996,1,"Anxa9"
"ENSMUSG00000015709.10",6004.6286504411,-0.0895042886655058,0.0942338311743811,-0.949810567500718,1,1,"Arnt2"
"ENSMUSG00000015711.9",1315.80219894153,-0.49026029251552,0.0535598480247348,-9.15350417516327,1,1,"Prune1"
"ENSMUSG00000015714.12",5956.69653459985,0.150737811697597,0.0396698551242868,3.79980746653426,1,1,"Cers2"
"ENSMUSG00000015733.14",6521.07988983097,0.143668310822294,0.104475018777637,1.37514510648786,1,1,"Capza2"
"ENSMUSG00000015745.10",1072.873400543,-0.401969528101753,0.0656659672397494,-6.12142857249243,1,1,"Plekho1"
"ENSMUSG00000015747.6",1041.19930312023,-0.638870203933335,0.0792670489438532,-8.05971980092085,0.999997391450314,1,"Vps45"
"ENSMUSG00000015748.14",1414.01671797205,-0.330374851628635,0.0638515587369395,-5.17410785521679,1,1,"Prpf3"
"ENSMUSG00000015749.13",13693.2706420811,-0.455904471183197,0.0799015068574344,-5.70583070475319,0.999999999995106,1,"Anp32e"
"ENSMUSG00000015750.16",3494.2047828864,0.0714214830564867,0.0489447580234963,1.45922640014279,1,1,"Aph1a"
"ENSMUSG00000015755.17",5407.82536477729,0.259747349464733,0.0628523377314763,4.13266011798082,1,1,"Tab2"
"ENSMUSG00000015757.11",1882.50672059987,0.0505024205727198,0.0441513371804934,1.14384804170852,1,1,"Ppil4"
"ENSMUSG00000015759.12",5420.62773999373,0.795876784429857,0.0431748693323983,18.4337971772999,0.99999886531036,1,"Cnih1"
"ENSMUSG00000015766.15",2415.53244513121,-0.0771478523555878,0.0979821731951661,-0.787366209993328,1,1,"Eps8"
"ENSMUSG00000015776.13",1273.54720958858,-0.294684631483458,0.0615615904570413,-4.78682615727892,1,1,"Med22"
"ENSMUSG00000015790.17",905.023831407807,0.274397229074046,0.0594692085165301,4.61410595363439,1,1,"Surf1"
"ENSMUSG00000015804.15",1478.9608439849,0.0843501778671864,0.0385140290285204,2.19011565382379,1,1,"Med28"
"ENSMUSG00000015806.13",2826.87066941086,0.143571179499002,0.0735987441071431,1.95072866039664,1,1,"Qdpr"
"ENSMUSG00000015812.9",10.0159379778601,0.750455112008958,0.14549736534402,5.15786048932604,0.956838037393151,1,"Gnrh1"
"ENSMUSG00000015837.16",11452.6597532124,0.565123555679137,0.0854886752232648,6.61050781525441,0.999999818064213,1,"Sqstm1"
"ENSMUSG00000015839.7",4138.40113114657,0.818117838484116,0.0924949324106448,8.84500174400866,0.975373867158603,1,"Nfe2l2"
"ENSMUSG00000015846.17",1069.16032659508,0.342457630807254,0.101563925426569,3.37184319500187,0.999999999952333,1,"Rxra"
"ENSMUSG00000015854.8",564.168262838269,-0.50589831296634,0.433729523183945,-1.16639123214997,0.872947013577728,1,"Cd5l"
"ENSMUSG00000015869.18",1799.3032281162,0.273078166648528,0.0554157920820734,4.92780408595598,1,1,"Prpsap1"
"ENSMUSG00000015880.14",2124.59077443639,0.0184362014272014,0.133052459801621,0.138563401643904,0.999999999999929,1,"Ncapg"
"ENSMUSG00000015882.19",3182.94600920275,-0.111812603334679,0.111191575651776,-1.00558520444793,0.999999999999999,1,"Lcorl"
"ENSMUSG00000015889.9",7064.8195340732,0.97584294776464,0.0978076154504276,9.97716735318256,0.597540235263879,1,"Lta4h"
"ENSMUSG00000015890.3",23.4195636810797,1.06331315089013,0.217773230473266,4.88266233907321,0.385629018822742,1,"Amdhd1"
"ENSMUSG00000015932.9",8614.91395347852,-0.487204521556886,0.0499502288883194,-9.75379958010196,1,1,"Dstn"
"ENSMUSG00000015937.16",3855.70713516867,-0.465512756376492,0.0644126366275539,-7.22704085330609,1,1,"Macroh2a1"
"ENSMUSG00000015942.10",400.248992756217,-0.0721424935717399,0.0596548003702496,-1.20933257883666,1,1,"Gtf2ird2"
"ENSMUSG00000015943.12",343.55206459338,-0.325434759494564,0.0843208933531446,-3.8594795020922,0.999999999999999,1,"Bola1"
"ENSMUSG00000015944.10",1742.58534536433,-0.528333426368431,0.0837640141023176,-6.30740338832225,0.999999991036285,1,"Castor2"
"ENSMUSG00000015947.11",76.8721957732193,-0.0840375895196125,0.386657857078897,-0.217343545413755,0.993606703457887,1,"Fcgr1"
"ENSMUSG00000015950.14",106.396502107728,0.154318390909154,0.334014246237242,0.462011404146951,0.994601477924491,1,"Ncf1"
"ENSMUSG00000015957.13",16.3695886711213,0.549663384711556,0.27848478343581,1.97376451930362,0.947071227596109,1,"Wnt11"
"ENSMUSG00000015961.9",2934.19641955095,-0.18231251209021,0.0506017069496546,-3.6028925322934,1,1,"Adss2"
"ENSMUSG00000015971.6",1368.33473376253,0.659181072067081,0.0323164643058232,20.3976853974183,1,1,"Actr8"
"ENSMUSG00000015980.15",80.859068302939,0.490770183565144,0.134881553556995,3.63852706780817,0.999920119694182,1,"Lrrc27"
"ENSMUSG00000015981.13",161.6439058551,-1.11092024143474,0.154800320187759,-7.17647250397993,0.236829746455621,1,"Stk32c"
"ENSMUSG00000015994.11",1703.40957691646,0.0459393598531228,0.0398523973727427,1.15273767405881,1,1,"Fnta"
"ENSMUSG00000016018.5",5405.84456566053,0.157598404471919,0.0499703923816609,3.15383564067744,1,1,"Mtrex"
"ENSMUSG00000016024.10",65.9135821237027,-1.07463796498936,0.314720270812651,-3.41458134302726,0.406267682125856,1,"Lbp"
"ENSMUSG00000016028.12",1205.55703958082,1.1840276332601,0.221918189738679,5.33542398959885,0.203478961969162,1,"Celsr1"
"ENSMUSG00000016128.15",1135.95753493663,0.367642499328357,0.148504152895438,2.47563783342284,0.999989695128289,1,"Stard13"
"ENSMUSG00000016179.12",1104.22369445791,0.855971496396316,0.165441019823961,5.17387705483875,0.808006358718797,1,"Camk1g"
"ENSMUSG00000016181.11",785.885370027914,-0.497013031884492,0.0721492165881303,-6.88868230852363,0.999999999998432,1,"Utp25"
"ENSMUSG00000016194.15",105.682759666688,-0.78943879884623,0.231560103221147,-3.40921768415474,0.818408205954773,1,"Hsd11b1"
"ENSMUSG00000016206.7",231.933227515022,-1.01712880807676,0.227962565502889,-4.46182383424646,0.470052183134421,1,"H2-M3"
"ENSMUSG00000016239.12",430.372638949359,0.637443744958934,0.127873065627728,4.9849727292431,0.997710740465923,1,"Lonrf3"
"ENSMUSG00000016252.8",2799.22747145368,0.0594863487264275,0.102531266507312,0.580177644857098,1,1,"Atp5f1e"
"ENSMUSG00000016253.13",1419.09419571611,-0.38589055692108,0.0654385271779407,-5.89699330902978,1,1,"Nelfcd"
"ENSMUSG00000016256.11",920.976541362937,-0.0559929379399572,0.359360500789497,-0.155812722369162,0.99734061583691,1,"Ctsz"
"ENSMUSG00000016257.16",2868.39585244898,-0.26813435901413,0.0710709284157342,-3.77277130032212,1,1,"Prelid3b"
"ENSMUSG00000016308.14",1653.19081713594,0.272999417401712,0.0911603145783625,2.99471780746257,0.999999999999999,1,"Ube2a"
"ENSMUSG00000016319.4",17291.8846074115,0.22338333553724,0.0777902997918372,2.87160913552206,1,1,"Slc25a5"
"ENSMUSG00000016344.15",1661.57967565639,-0.661136342260281,0.0846237206794759,-7.81265981868638,0.999968906910878,1,"Ppdpf"
"ENSMUSG00000016349.12",1002.18083278072,-0.1670332900895,0.490669115290942,-0.340419408689413,0.963902404327558,1,"Eef1a2"
"ENSMUSG00000016356.19",244.474472597627,-0.435291638072608,0.257654719775697,-1.68943785874194,0.985800337958165,1,"Col20a1"
"ENSMUSG00000016382.16",3710.82532040215,0.383784069248468,0.0621382364658768,6.17629483996094,1,1,"Pls3"
"ENSMUSG00000016386.16",615.656257488489,-0.755819359948493,0.181536182834071,-4.16346398910091,0.910700256064908,1,"Mpped2"
"ENSMUSG00000016409.5",1427.93152053772,0.199363834655429,0.0990029057381067,2.01371700324441,1,1,"Nkap"
"ENSMUSG00000016427.8",918.98263764296,-0.161688464518218,0.0737392367292315,-2.19270596889868,1,1,"Ndufa1"
"ENSMUSG00000016477.19",2218.12042251005,-0.0787308817017028,0.0477551090124548,-1.64863788042384,1,1,"E2f3"
"ENSMUSG00000016481.16",1493.44134593916,-0.141286866993076,0.066897946092489,-2.11197615540754,1,1,"Cr1l"
"ENSMUSG00000016487.16",4144.17760220278,-0.285641640680798,0.10190431259991,-2.8030378047126,0.999999999998809,1,"Ppfibp1"
"ENSMUSG00000016493.14",168.801289108087,-0.79398323349623,0.0827248848828061,-9.59787655940583,0.993619750836364,1,"Cd46"
"ENSMUSG00000016494.10",130.539048183318,-1.03296538746326,0.344810676751038,-2.99574652733009,0.461917422134929,1,"Cd34"
"ENSMUSG00000016495.13",834.022832863614,-0.235011003362314,0.0736885613123751,-3.18924673214982,1,1,"Plgrkt"
"ENSMUSG00000016496.8",232.700041688742,-0.996445070527888,0.203458299996752,-4.89753954763111,0.50697017282097,1,"Cd274"
"ENSMUSG00000016503.19",1507.58467553387,0.0963459264438213,0.0658457527756027,1.46320639346566,1,1,"Gtf3a"
"ENSMUSG00000016510.12",416.280388285418,-0.179607841391112,0.0624179143022796,-2.87750469394573,1,1,"Mtif3"
"ENSMUSG00000016520.8",423.883320637913,-0.167920654566603,0.0897188453834992,-1.87163191689364,1,1,"Lnx2"
"ENSMUSG00000016526.9",217.932670632519,-0.710378928400629,0.164381892323074,-4.32151569957875,0.960955163009592,1,"Dyrk3"
"ENSMUSG00000016528.11",3739.61330538819,-0.453010413295476,0.0803972769653205,-5.63464871441956,0.999999999994898,1,"Mapkapk2"
"ENSMUSG00000016534.16",15062.6554121577,0.605939487045832,0.0772702196039891,7.84182431668087,0.999999829968692,1,"Lamp2"
"ENSMUSG00000016541.11",9050.21481857272,-0.152688499232068,0.0325916735394656,-4.68489287753743,1,1,"Atxn10"
"ENSMUSG00000016552.14",1823.7587677072,0.158306357112479,0.0594000999218332,2.66508570390959,1,1,"Foxred2"
"ENSMUSG00000016554.10",6320.55303416724,0.206192338778392,0.0690702451364708,2.9852556389657,1,1,"Eif3d"
"ENSMUSG00000016559.15",43828.8343766249,-0.357399357345223,0.0809270722214009,-4.41631394210639,0.999999999999999,1,"H3f3b"
"ENSMUSG00000016619.11",3467.30525263992,-0.0814670260009794,0.0746428926100591,-1.09142375318398,1,1,"Nup50"
"ENSMUSG00000016624.16",332.856256197083,-0.177360172695677,0.146338788454181,-1.21198333380496,0.9999999905333,1,"Phf21b"
"ENSMUSG00000016637.8",674.637713114427,-0.302614289939657,0.0683888644499936,-4.4249059020556,1,1,"Ift27"
"ENSMUSG00000016664.18",2808.28816617528,0.308765557100111,0.0820046815168373,3.76521866055555,1,1,"Pacsin2"
"ENSMUSG00000016757.12",1689.47566807155,-0.0191528298941899,0.0545105281237284,-0.351360196891079,1,1,"Ttll12"
"ENSMUSG00000016831.13",4746.65994377959,0.563620674952036,0.0501220007483507,11.2449755902967,1,1,"Tox4"
"ENSMUSG00000016833.15",687.565519080766,0.0150220715363363,0.0565685880644708,0.265555002348931,1,1,"Mrps18c"
"ENSMUSG00000016918.16",1101.72130425546,-0.97067410972921,0.268999598552548,-3.60845932466919,0.543406028940002,1,"Sulf1"
"ENSMUSG00000016921.15",9569.93546452474,-0.346089460218232,0.0699444212520835,-4.94806382014238,1,1,"Srsf6"
"ENSMUSG00000016933.18",5021.89658389462,-0.210417220959779,0.0704418721721725,-2.9871043240515,1,1,"Plcg1"
"ENSMUSG00000016940.19",920.018822765839,-0.0508323336245948,0.0547582929538733,-0.928303840067009,1,1,"Kctd2"
"ENSMUSG00000016946.7",2113.7862376398,-0.16754626577056,0.046525583786611,-3.60116417966959,1,1,"Kctd5"
"ENSMUSG00000016984.8",753.818756997257,-0.0241577591738073,0.0562694066772577,-0.429323154451726,1,1,"Etaa1"
"ENSMUSG00000017057.10",67.666404004503,0.459221882328727,0.34395337006148,1.33512831185996,0.942063894761658,1,"Il13ra1"
"ENSMUSG00000017119.21",9258.64776796452,-0.279174463294394,0.0757290353257438,-3.68649174116033,1,1,"Nbr1"
"ENSMUSG00000017132.19",1817.55265916379,0.113350885329328,0.108019266118693,1.04935803956283,1,1,"Cyth1"
"ENSMUSG00000017144.9",2499.46182899302,-0.29805765713022,0.105375741117826,-2.82852252300599,0.999999999986432,1,"Rnd3"
"ENSMUSG00000017146.13",1733.70844346817,-0.347137420864748,0.159219352788701,-2.18024640085952,0.9999793779138,1,"Brca1"
"ENSMUSG00000017167.7",1021.55957774519,-0.985381114667294,0.159345428594061,-6.18393086868899,0.53654902761004,1,"Cntnap1"
"ENSMUSG00000017176.18",1350.18582968669,-0.220305424855373,0.0486964727753453,-4.52405302272555,1,1,"Nt5c3b"
"ENSMUSG00000017188.4",1416.88332397342,-0.182532722846223,0.0639182064070358,-2.85572348015903,1,1,"Coa3"
"ENSMUSG00000017210.15",1895.30562503228,-0.475549123583532,0.0870613683352868,-5.46222891595408,0.999999999148797,1,"Med24"
"ENSMUSG00000017221.15",5619.57481169831,-0.0441011268205108,0.0549438969677545,-0.802657424288505,1,1,"Psmd3"
"ENSMUSG00000017264.17",3165.4488490018,-0.0358367833588479,0.0391661688537617,-0.914993332451149,1,1,"Exosc10"
"ENSMUSG00000017286.16",2148.38975853865,-0.300145823440979,0.0772828649850095,-3.88373054621097,1,1,"Glod4"
"ENSMUSG00000017288.16",1805.02699765745,-0.52849814525227,0.0799144813083237,-6.61329632126665,0.999999998183376,1,"Vps53"
"ENSMUSG00000017291.14",9546.52572483741,-0.304244737054022,0.069622856904558,-4.36989733804078,1,1,"Taok1"
"ENSMUSG00000017299.14",890.645248652242,-0.314546081837982,0.043638069059009,-7.20806599881038,1,1,"Dnttip1"
"ENSMUSG00000017307.17",193.675082713099,-0.194612527219361,0.059955931012168,-3.24592619835834,1,1,"Acot8"
"ENSMUSG00000017344.5",64.6837008573621,-0.743368597069401,0.320404393112611,-2.32009489585285,0.788422896204922,1,"Vtn"
"ENSMUSG00000017376.16",2502.22404751848,-0.769237902985885,0.103888185102931,-7.40447917367825,0.986833135098251,1,"Nlk"
"ENSMUSG00000017386.11",5658.96636233099,-0.734243785046947,0.0727946381787972,-10.086509163539,0.999869270489774,1,"Traf4"
"ENSMUSG00000017400.11",128.245515002819,0.924241759909378,0.211062168572322,4.37900248140718,0.640179277475293,1,"Stac2"
"ENSMUSG00000017404.13",33571.632900413,0.413014559853795,0.0922713877743745,4.47608483860364,0.999999999900111,1,"Rpl19"
"ENSMUSG00000017405.15",443.471617933837,-0.304386644229013,0.0889814783770017,-3.42078654772818,0.999999999999997,1,"Nek8"
"ENSMUSG00000017412.17",661.34030993065,-0.785794247121697,0.260718875277392,-3.01395227440151,0.794346749941681,1,"Cacnb4"
"ENSMUSG00000017417.15",48.2211903031938,0.00908269843885102,0.289988891135924,0.0313208495790059,0.999934485666162,1,"Plxdc1"
"ENSMUSG00000017418.15",1437.34973299061,-0.0679766768162656,0.0698551370261187,-0.973109204421849,1,1,"Arl5b"
"ENSMUSG00000017421.19",6822.7831087341,-0.283720862354989,0.053715902329441,-5.28187836471445,1,1,"Zfp207"
"ENSMUSG00000017428.17",4836.78628242095,-0.293687633972832,0.0362160495109681,-8.10932274332926,1,1,"Psmd11"
"ENSMUSG00000017446.15",335.253425106213,0.138102398844773,0.303450458439919,0.45510690461559,0.997834840724698,1,"C1qtnf1"
"ENSMUSG00000017466.11",7934.23634383846,-0.167847329568391,0.0840559413088135,-1.99685265496862,1,1,"Timp2"
"ENSMUSG00000017478.16",3062.03449259351,0.0508050655178743,0.0420524142266281,1.20813671348514,1,1,"Zc3h18"
"ENSMUSG00000017485.12",12004.0632895644,-0.376398559852253,0.0748782204039844,-5.02680963598628,1,1,"Top2b"
"ENSMUSG00000017491.10",55.6894059253963,0.221016930773058,0.257459506982687,0.858453173329196,0.998760569974833,1,"Rarb"
"ENSMUSG00000017493.13",1929.48378374639,-1.25345337423053,0.281953960258256,-4.44559591602271,0.184348279162048,1,"Igfbp4"
"ENSMUSG00000017499.16",1090.46059246665,-0.439961572018088,0.144121175488625,-3.05271984166416,0.999949021282509,1,"Cdc6"
"ENSMUSG00000017548.16",5209.56334596753,-0.368279872547663,0.0799585974827938,-4.60588209575477,0.999999999999999,1,"Suz12"
"ENSMUSG00000017550.15",1545.11696333727,-0.510002122003662,0.120850914077063,-4.2200932107013,0.999974886150996,1,"Atad5"
"ENSMUSG00000017561.17",791.852929699166,-0.0732663670406247,0.0586289425937565,-1.24966209178105,1,1,"Crlf3"
"ENSMUSG00000017615.13",4038.40065867507,-0.187169381063411,0.0358477135820141,-5.22123623408215,1,1,"Tnfaip1"
"ENSMUSG00000017631.20",2898.50327417656,-0.452403792442825,0.0943639823400352,-4.79424226515382,0.999999996743476,1,"Abr"
"ENSMUSG00000017652.17",25.2888083526853,-0.464465044981167,0.408069073893288,-1.13820202190237,0.905467363156194,1,"Cd40"
"ENSMUSG00000017664.17",2001.5523732173,0.0283921286917824,0.0593617505051153,0.47828995018157,1,1,"Slc35c2"
"ENSMUSG00000017667.10",2166.34743865755,-0.473179926886493,0.0635368779768977,-7.4473273153041,1,1,"Zfp334"
"ENSMUSG00000017670.17",4713.13720859579,-0.105498898956253,0.0657322525373689,-1.6049792131538,1,1,"Elmo2"
"ENSMUSG00000017677.12",9503.39580930524,0.0202031652452251,0.100491761890297,0.201042999597123,1,1,"Wsb1"
"ENSMUSG00000017679.17",1684.09172716196,-0.734540020341951,0.084741458366797,-8.66801249941381,0.999133634276166,1,"Ttpal"
"ENSMUSG00000017686.18",3190.84299181361,-0.279659912402727,0.0317406595836784,-8.81077822801555,1,1,"Rhot1"
"ENSMUSG00000017692.9",117.920194171145,-0.518387498153034,0.134647518266713,-3.84995954493717,0.999826112925888,1,"Rhbdl3"
"ENSMUSG00000017697.4",274.423718121215,-0.529822633688717,0.110119161623428,-4.81135731400263,0.999990213827095,1,"Ada"
"ENSMUSG00000017707.10",9813.59892504533,0.112365837996289,0.0749110056029528,1.49999105060552,1,1,"Serinc3"
"ENSMUSG00000017713.10",90.9009322827771,0.292298819873693,0.106448561362297,2.74591611321882,0.999999999985174,1,"Tha1"
"ENSMUSG00000017715.12",1272.40508165244,-0.0596930607687526,0.0566995275345775,-1.05279644054088,1,1,"Pgs1"
"ENSMUSG00000017716.16",2429.08801226924,-0.075029480598963,0.144880940707194,-0.517869916034009,0.999999999913995,1,"Birc5"
"ENSMUSG00000017718.16",263.333713166858,-0.332492289968041,0.081066848135286,-4.10145821153884,1,1,"Afmid"
"ENSMUSG00000017721.16",5328.92371140583,-0.0352175730185957,0.0720720327492282,-0.488644092239411,1,1,"Pigt"
"ENSMUSG00000017724.15",2664.34543144315,0.271784845335453,0.165685382531936,1.64036706909293,0.999994465653963,1,"Etv4"
"ENSMUSG00000017734.16",824.409829316089,0.72052257536194,0.135718219924759,5.30895981218581,0.980264739418086,1,"Dbndd2"
"ENSMUSG00000017737.3",28.2566462394364,-0.189692465276439,0.3431398168464,-0.552813914222468,0.991161262497146,1,"Mmp9"
"ENSMUSG00000017740.18",420.09017212057,-0.971642400250765,0.18197099433591,-5.33954547974364,0.561918783738,1,"Slc12a5"
"ENSMUSG00000017747.14",880.806118317666,0.0191276840026675,0.076970306080614,0.248507313750764,1,1,"Ghdc"
"ENSMUSG00000017754.14",357.348261820697,0.96407881937918,0.218355004100428,4.41518994882193,0.565334439450858,1,"Pltp"
"ENSMUSG00000017760.17",6149.75322270275,0.361770030403667,0.0953590346150003,3.79376775220373,0.999999999989062,1,"Ctsa"
"ENSMUSG00000017764.3",439.401901924321,-0.479922026770666,0.070091571892351,-6.8470718206712,0.999999999999941,1,"Zswim1"
"ENSMUSG00000017765.18",3987.11427014294,0.245509331534148,0.076787265232176,3.19726624970716,1,1,"Slc12a4"
"ENSMUSG00000017774.20",1289.99808058467,-0.0336535332860115,0.0770300061782492,-0.436888622443266,1,1,"Myo1c"
"ENSMUSG00000017776.16",6127.19282874575,-0.401254682744885,0.060398278383095,-6.64347881242245,1,1,"Crk"
"ENSMUSG00000017778.15",6666.98451146554,0.374442189233285,0.0891444517827512,4.20039813746139,0.999999999998869,1,"Cox7c"
"ENSMUSG00000017781.19",4825.41700197276,-0.374841285597885,0.0509247028364877,-7.3606965719849,1,1,"Pitpna"
"ENSMUSG00000017801.16",1349.4088016016,-0.115451954276412,0.0671804087896474,-1.71853604877443,1,1,"Mlx"
"ENSMUSG00000017802.15",2757.43040013084,-0.0384423562245457,0.0411932905557949,-0.933218873895904,1,1,"Retreg3"
"ENSMUSG00000017830.16",131.140233089535,-0.441924808684806,0.197610195571585,-2.23634619360881,0.997629479168663,1,"Dhx58"
"ENSMUSG00000017831.9",4389.70407817547,0.0746026373538742,0.0422996208245686,1.76367153888394,1,1,"Rab5a"
"ENSMUSG00000017837.13",1412.866173189,-0.0459897111082875,0.0551919008700497,-0.833269200431618,1,1,"Nkiras2"
"ENSMUSG00000017843.15",6714.33652231494,0.140904839457768,0.0444562624500285,3.16951609722371,1,1,"Ppp2r5c"
"ENSMUSG00000017858.13",1165.87649131674,-0.0880780541425797,0.0536086681201245,-1.64298157800185,1,1,"Ift52"
"ENSMUSG00000017861.12",1487.99193592634,-0.591813362513058,0.147545808710588,-4.01104828178415,0.997166988931629,1,"Mybl2"
"ENSMUSG00000017897.19",69.2557511328123,0.966382154328329,0.326169070963546,2.96282584818208,0.541045806238418,1,"Eya2"
"ENSMUSG00000017929.14",2019.82923208588,-0.0321520772584694,0.125978744604063,-0.255218270030549,0.999999999999992,1,"B4galt5"
"ENSMUSG00000017999.17",1951.83049851483,-0.20416351480936,0.0581253871630372,-3.51246718127997,1,1,"Ddx27"
"ENSMUSG00000018001.19",1323.31438394024,-0.148310004602923,0.107425403677306,-1.38058596501465,0.999999999999999,1,"Cyth3"
"ENSMUSG00000018008.9",135.776939338624,-0.377348771973774,0.303799882828645,-1.2420965026725,0.979798422647411,1,"Cyth4"
"ENSMUSG00000018012.12",138.038201557161,0.385313455345612,0.117623627536264,3.27581680157599,0.99999991333396,1,"Rac3"
"ENSMUSG00000018040.10",2201.11276657177,0.252630819057875,0.0614270716971504,4.11269513714414,1,1,"Rrp7a"
"ENSMUSG00000018042.19",4844.07944349547,0.443838367506983,0.0579185038015483,7.6631531958724,1,1,"Cyb5r3"
"ENSMUSG00000018068.14",2096.60962396446,-0.487289799045797,0.0773759867559741,-6.29768768678318,0.99999999998278,1,"Ints2"
"ENSMUSG00000018076.13",3207.60368164706,0.359706461333483,0.0632698285212255,5.68527637486499,1,1,"Med13l"
"ENSMUSG00000018102.6",2473.36913078308,0.0597598094162981,0.122496977808954,0.487847214561485,0.999999999999992,1,"H2bc4"
"ENSMUSG00000018143.11",322.872629118398,0.447156582527772,0.121089184814031,3.69278712392454,0.999997509527722,1,"Mafk"
"ENSMUSG00000018160.16",4603.36780895495,-0.00631162382331102,0.0648824081505524,-0.0972778909294735,1,1,"Med1"
"ENSMUSG00000018166.9",407.360728928922,-0.862240763699165,0.318929763788797,-2.70354435865748,0.667108305472813,1,"Erbb3"
"ENSMUSG00000018167.11",1121.62828870882,0.0953895584738239,0.0418257519035255,2.28064180875571,1,1,"Stard3"
"ENSMUSG00000018171.10",2683.8292593079,-0.23725133347066,0.0583749149223574,-4.06426859527282,1,1,"Vmp1"
"ENSMUSG00000018189.13",1486.98263620662,-0.416605808304104,0.0577838046148111,-7.2097330918449,1,1,"Uchl5"
"ENSMUSG00000018196.19",1593.37663344726,-0.593086380088072,0.0584967576052377,-10.1387906675184,0.999999999998252,1,"Glrx2"
"ENSMUSG00000018199.10",7849.12657555755,-0.99571438983715,0.0831759861912539,-11.9711762424748,0.520546253608749,1,"Ro60"
"ENSMUSG00000018209.16",2786.97719679102,-0.545836459341664,0.0766015345124052,-7.12565959436843,0.999999998475231,1,"Stk4"
"ENSMUSG00000018217.13",3797.92937157637,0.638363225977936,0.0910869773301187,7.00828202547958,0.999964099224961,1,"Pmp22"
"ENSMUSG00000018238.7",100.584489405047,-0.145024451233823,0.120671158440306,-1.2018153559499,0.999999999999306,1,"Gdf9"
"ENSMUSG00000018239.10",318.55278634233,0.158157417730442,0.0571740103060093,2.76624670692058,1,1,"Zcchc10"
"ENSMUSG00000018286.7",3842.87440685017,0.118711189577194,0.0577731334743416,2.05478191052103,1,1,"Psmb6"
"ENSMUSG00000018287.13",1789.65474277792,0.250609108943827,0.0515168019042556,4.86460920865364,1,1,"Spag7"
"ENSMUSG00000018293.5",11049.9747778252,0.167541022631619,0.0690611880794694,2.42597944360337,1,1,"Pfn1"
"ENSMUSG00000018322.11",1839.22631245904,-0.552881769081292,0.0527332326717528,-10.4845036245512,1,1,"Tomm34"
"ENSMUSG00000018326.10",16822.9679872748,-0.656401911386252,0.0485178857612796,-13.5290707970235,0.999999999999289,1,"Ywhab"
"ENSMUSG00000018334.19",880.549368432833,-0.321876126342455,0.0905869445123393,-3.55322864762935,0.999999999999964,1,"Ksr1"
"ENSMUSG00000018340.14",4012.77139207394,0.0250067690670768,0.0800113531665708,0.312540259318159,1,1,"Anxa6"
"ENSMUSG00000018347.17",306.959477703527,-0.032080164999942,0.0389997067367047,-0.822574518739898,1,1,"Zkscan6"
"ENSMUSG00000018362.15",10622.8732154371,-0.356186511581485,0.129138209464926,-2.75818065820578,0.999999690928533,1,"Kpna2"
"ENSMUSG00000018363.18",2971.48752308668,-0.0758150905027278,0.055019695781809,-1.37796273544272,1,1,"Smurf2"
"ENSMUSG00000018377.11",5363.15699884621,-0.212433659601541,0.0663080536926837,-3.20373842649796,1,1,"Vezf1"
"ENSMUSG00000018378.14",1701.7050935651,-0.178530305717568,0.0760243982630399,-2.34832908640545,1,1,"Cuedc1"
"ENSMUSG00000018379.18",14577.3184044386,-0.117180032494306,0.0758131969974269,-1.54564161828293,1,1,"Srsf1"
"ENSMUSG00000018381.16",67.0651932006177,0.403974996937038,0.28751673688092,1.40504862888852,0.980914836723878,1,"Abi3"
"ENSMUSG00000018395.20",2531.07039953112,-0.26660384745748,0.0653834740915225,-4.07754178195386,1,1,"Kif3a"
"ENSMUSG00000018398.19",11471.3681387171,0.055218358889812,0.0826058012986983,0.668456186147814,1,1,"Septin8"
"ENSMUSG00000018401.18",1562.40751224321,-0.675388072498664,0.0934761218324648,-7.22524703912244,0.999742347818803,1,"Mtmr4"
"ENSMUSG00000018405.8",341.108643441391,-0.548716933667061,0.177347378542114,-3.09402336915152,0.994530286072394,1,"Mrm1"
"ENSMUSG00000018411.18",7510.3303458144,-1.13800824857869,0.13673057152158,-8.32299781910211,0.156404725846279,1,"Mapt"
"ENSMUSG00000018412.17",3578.15780484235,-0.248887516185325,0.048300293890556,-5.15291929173932,1,1,"Kansl1"
"ENSMUSG00000018415.15",1465.52810145254,0.270032347170302,0.0646079574222621,4.17955245675754,1,1,"Gid4"
"ENSMUSG00000018417.15",3178.43148710188,0.456362260037521,0.129506989288432,3.52384270953233,0.999986520897511,1,"Myo1b"
"ENSMUSG00000018425.19",1994.3987702715,-0.234477772066623,0.0521857860150768,-4.49313481642072,1,1,"Dhx40"
"ENSMUSG00000018427.9",286.13396348304,-0.71520282574002,0.200781297296532,-3.56209883774057,0.921969518756889,1,"Ypel2"
"ENSMUSG00000018428.16",1809.02432393063,-0.161340727873513,0.0649294990023595,-2.4848601999478,1,1,"Akap1"
"ENSMUSG00000018433.15",2764.87577615631,-0.290789684138462,0.0740290091491787,-3.928050469411,1,1,"Nol11"
"ENSMUSG00000018442.14",1688.23359875939,0.137942995635785,0.0387797811460008,3.55708545946786,1,1,"Derl2"
"ENSMUSG00000018446.9",4837.87844753487,0.374034679303965,0.0773946291809828,4.83282474846293,1,1,"C1qbp"
"ENSMUSG00000018449.13",417.244358867505,-0.015070444315371,0.0791620551689094,-0.190374596556582,1,1,"Rpain"
"ENSMUSG00000018459.16",125.590500886386,0.429806904078371,0.153044722902278,2.80837454521586,0.999902598826184,1,"Slc13a3"
"ENSMUSG00000018470.9",102.096707145772,-0.101620783226235,0.132004563124308,-0.769827806108028,0.999999999994971,1,"Kcnab3"
"ENSMUSG00000018474.19",925.663487613627,-0.940841767989219,0.254940152491978,-3.69044169305117,0.591749450206382,1,"Chd3"
"ENSMUSG00000018476.8",2835.88640951228,0.182042507081175,0.0784355764184546,2.32091756564618,1,1,"Kdm6b"
"ENSMUSG00000018479.13",8.39574057884631,-0.292219849793663,0.228831076564676,-1.27701120923176,0.999009369623483,1,"Chct1"
"ENSMUSG00000018481.10",6730.27798997275,-0.470838508650186,0.0648499145453174,-7.26043375617961,1,1,"Appbp2"
"ENSMUSG00000018501.18",10644.1296687063,0.00828681762343278,0.0511129956951414,0.162127410274653,1,1,"Ncor1"
"ENSMUSG00000018509.9",834.513218821052,-0.220577447174153,0.0700821309128756,-3.14741353182268,1,1,"Cenpv"
"ENSMUSG00000018537.17",929.087441161277,-0.360695401188123,0.0978805640399036,-3.6850564228571,0.999999999967438,1,"Pcgf2"
"ENSMUSG00000018541.11",1206.77181223451,-0.183961346780026,0.0508248526210029,-3.6195155970606,1,1,"Cwc25"
"ENSMUSG00000018547.9",4469.18864886228,-0.0153621964292627,0.0878808884609115,-0.174807022303782,1,1,"Pip4k2b"
"ENSMUSG00000018548.16",5079.5804680908,-0.638568647256449,0.099595739061665,-6.41160609151238,0.999857730614215,1,"Trim37"
"ENSMUSG00000018554.14",16.6374830410715,-0.394414287058221,0.245026567464758,-1.60967968142862,0.993272824674387,1,"Ybx2"
"ENSMUSG00000018559.17",3145.98349562932,0.111288276908071,0.0430140947140272,2.58725140324245,1,1,"Ctdnep1"
"ENSMUSG00000018565.18",1588.05015478244,-0.131959751049931,0.0468971218043492,-2.81381342762262,1,1,"Elp5"
"ENSMUSG00000018566.15",37.8319811691984,-0.155223401092449,0.303611024771079,-0.511257459143608,0.997373247368052,1,"Slc2a4"
"ENSMUSG00000018567.15",7200.6473952691,0.343860924087582,0.0778364289468153,4.41773766782824,1,1,"Gabarap"
"ENSMUSG00000018570.18",190.205488448407,0.0113728087651715,0.11167411282007,0.101839257800914,1,1,"2810408A11Rik"
"ENSMUSG00000018572.11",1909.08923593793,0.230243449265568,0.0434083499581996,5.30412811100359,1,1,"Phf23"
"ENSMUSG00000018574.15",1992.1538840177,0.46921574107266,0.0657120402753419,7.14048352640682,1,1,"Acadvl"
"ENSMUSG00000018583.6",9677.17072238162,0.0147231188342613,0.052655507669464,0.279612133391309,1,1,"G3bp1"
"ENSMUSG00000018585.10",494.826222464482,0.219004041289578,0.0782722911217517,2.79797662941691,1,1,"Atox1"
"ENSMUSG00000018593.14",39231.5661848147,0.920342285274773,0.145141300977821,6.3410089276753,0.70843850130095,1,"Sparc"
"ENSMUSG00000018599.6",393.721117264506,-0.324685480743606,0.0641862561496669,-5.05848915672099,1,1,"Mief2"
"ENSMUSG00000018648.16",299.44166553805,-0.169235233480461,0.136552578871348,-1.23934117450763,0.999999999413331,1,"Dusp14"
"ENSMUSG00000018651.15",764.759075265897,-0.514770438030076,0.0697621477793132,-7.37893620561267,0.999999999998243,1,"Tada2a"
"ENSMUSG00000018654.19",57.0341454977408,-0.282404719217697,0.389421068345356,-0.725191167539111,0.967810726885989,1,"Ikzf1"
"ENSMUSG00000018659.13",42.4745108719947,0.518493691790957,0.337212803792455,1.53758601678148,0.923343089265458,1,"Pnpo"
"ENSMUSG00000018661.18",1343.63375042088,-0.313722088032537,0.0685573182959769,-4.57605542092721,1,1,"Cog1"
"ENSMUSG00000018666.14",4148.55992907343,-0.151923587342255,0.0697032091865706,-2.17957808708075,1,1,"Cbx1"
"ENSMUSG00000018669.15",1445.96750058163,0.391908768322036,0.0649293249362325,6.03592858399394,1,1,"Cdk5rap3"
"ENSMUSG00000018672.16",389.661806197852,1.02743478883387,0.137743533595102,7.459041902134,0.42106372088688,1,"Copz2"
"ENSMUSG00000018677.10",7162.20923286559,0.396460628203541,0.0595685351623195,6.6555376445504,1,1,"Slc25a39"
"ENSMUSG00000018678.15",1120.56362885444,0.166116668656526,0.0514612156593788,3.22799736710555,1,1,"Sp2"
"ENSMUSG00000018697.15",1455.02648521278,-0.309776939726422,0.0497308311793511,-6.22907223507348,1,1,"Aatf"
"ENSMUSG00000018707.14",21183.8703585571,0.0212083503786451,0.0622484073144301,0.340705108670768,1,1,"Dync1h1"
"ENSMUSG00000018733.11",654.155598853444,-0.669078963815944,0.150281501748989,-4.45217113236923,0.986167620576786,1,"Pex12"
"ENSMUSG00000018736.15",1482.95842945416,0.253067392915713,0.0725028551341154,3.49044727200868,1,1,"Ndel1"
"ENSMUSG00000018740.15",135.189872083684,0.0563157061254756,0.135917671311381,0.414336896608968,0.999999999998085,1,"Slc25a35"
"ENSMUSG00000018750.15",1405.51937105183,0.213850757184235,0.0972999009639527,2.19785174564012,1,1,"Zbtb4"
"ENSMUSG00000018752.20",269.203100067542,0.269863914942476,0.122634051456937,2.20056266376586,0.9999999986899,1,"Tnfsfm13"
"ENSMUSG00000018761.15",1672.69908006504,0.255850586232125,0.0553613027683906,4.62146975302407,1,1,"Mpdu1"
"ENSMUSG00000018765.7",3457.74578112138,0.114224851748465,0.0421668342436399,2.70887899927403,1,1,"Fxr2"
"ENSMUSG00000018770.10",7188.89114891829,0.434783743070286,0.0510846191209227,8.51104991193351,1,1,"Atp5mc3"
"ENSMUSG00000018774.14",1053.54504159903,0.483051850528969,0.21815350182419,2.21427502419036,0.991097612110758,1,"Cd68"
"ENSMUSG00000018796.14",835.372274836712,-0.373128573641547,0.102930975524057,-3.62503679520979,0.999999999436192,1,"Acsl1"
"ENSMUSG00000018809.3",406.910210079554,-0.217665027344109,0.0937504721946919,-2.32174859761861,1,1,"Smyd4"
"ENSMUSG00000018819.11",81.7877234904555,1.16535666529007,0.181503035219564,6.42059050902562,0.181136945783587,1,"Lsp1"
"ENSMUSG00000018820.14",1294.47057300127,0.343559985354481,0.057150231829816,6.01152391433067,1,1,"Zfyve27"
"ENSMUSG00000018821.4",235.64705859273,0.339627050651764,0.0940792518602445,3.61001011313613,0.999999999998885,1,"Avpi1"
"ENSMUSG00000018830.11",16.9905851028585,-0.621260393762688,0.161163212762143,-3.85485237676162,0.990614242082203,1,"Myh11"
"ENSMUSG00000018841.18",661.099439564946,-0.177798336669982,0.0855706731525122,-2.07779523193761,1,1,"Rad51d"
"ENSMUSG00000018846.9",9507.14730831559,-0.0166823965106276,0.0896285775226595,-0.186128096325193,1,1,"Pank3"
"ENSMUSG00000018848.5",4093.48632341384,0.369380484198321,0.0648595518890884,5.69508227300077,1,1,"Rars1"
"ENSMUSG00000018849.7",3445.33340982106,0.730972787230823,0.11545568377366,6.3311979396686,0.99010046469732,1,"Wwc1"
"ENSMUSG00000018858.16",1307.06111173618,-0.224335329914078,0.0758210683355054,-2.95874662331851,1,1,"Mrpl58"
"ENSMUSG00000018861.9",546.154430247972,-0.0722406639058474,0.0881154795791904,-0.819840784511919,1,1,"Fdxr"
"ENSMUSG00000018882.13",2032.86138906205,0.161127735719433,0.0719267113537378,2.24016547798219,1,1,"Mrpl45"
"ENSMUSG00000018899.18",1021.73962770031,-0.5994929796503,0.125722856142533,-4.76836907817821,0.999277814317035,1,"Irf1"
"ENSMUSG00000018900.8",589.941520640313,-0.0941771358401402,0.0484436538261152,-1.94405517342234,1,1,"Slc22a5"
"ENSMUSG00000018906.15",43.5725764336404,0.329210085454991,0.39237606605606,0.839016734032793,0.956678790310915,1,"P4ha2"
"ENSMUSG00000018909.16",1875.96207067892,-0.175708117406741,0.125085345004244,-1.40470586223174,0.999999999977984,1,"Arrb1"
"ENSMUSG00000018920.12",141.139416117468,-0.388402200274074,0.249896907558862,-1.55424972669015,0.992805470029777,1,"Cxcl16"
"ENSMUSG00000018921.12",1607.32086323749,-0.0185882579255312,0.035007572644762,-0.530978200464079,1,1,"Pelp1"
"ENSMUSG00000018923.14",302.009673003231,-0.0390654127813694,0.0631507368253904,-0.618605811193999,1,1,"Med11"
"ENSMUSG00000018927.4",213.363016452199,0.570347072192564,0.489566913737261,1.16500330432595,0.810593757094902,1,"Ccl6"
"ENSMUSG00000018931.4",1414.96676591367,-0.0606782214482673,0.0617424264794313,-0.982763796438767,1,1,"Natd1"
"ENSMUSG00000018932.10",1323.89039409372,0.755157089601243,0.0760481701863659,9.92998368995115,0.999358099751496,1,"Map2k3"
"ENSMUSG00000018965.12",5418.41050990586,-0.187523376040292,0.0591627244738046,-3.16962035991635,1,1,"Ywhah"
"ENSMUSG00000018974.8",1935.44028285579,-0.182433552400194,0.0607282350084554,-3.00409772118016,1,1,"Sart3"
"ENSMUSG00000018983.10",562.910492838318,-0.325136235392697,0.156017716917129,-2.08396996070259,0.999992392706518,1,"E2f2"
"ENSMUSG00000018986.11",489.472336685966,-0.152318952311838,0.129009735100663,-1.18067797126309,0.999999999974956,1,"Slfn3"
"ENSMUSG00000018995.13",660.346925294943,0.0735261785952658,0.067222614281469,1.09377148421219,1,1,"Nars2"
"ENSMUSG00000018999.15",1840.98638042632,0.141626740768921,0.0799734873534871,1.77092115719454,1,1,"Slc35b4"
"ENSMUSG00000019027.9",46.5922507493045,-0.70340515071024,0.259878173265329,-2.70667267617001,0.873124159508543,1,"Dnah1"
"ENSMUSG00000019039.15",724.45231549299,0.152550677408354,0.080730199235583,1.88963583458016,1,1,"Dalrd3"
"ENSMUSG00000019054.14",1690.49259463611,-0.00194110221855842,0.0467842255997585,-0.0414905279220533,1,1,"Fis1"
"ENSMUSG00000019055.16",6576.51428296312,1.00592485416234,0.141478496724193,7.11009006636078,0.483297927432316,1,"Plod1"
"ENSMUSG00000019066.14",786.712764270382,-0.320515366817142,0.0865574767921399,-3.7029194784274,0.999999999999998,1,"Rab3d"
"ENSMUSG00000019080.9",103.320858461152,-0.24958517134291,0.199009698952857,-1.25413571628001,0.999918619711479,1,"Mfsd3"
"ENSMUSG00000019082.19",795.190154343069,-0.340607920149381,0.218273875905886,-1.56046122668496,0.998740040098104,1,"Slc25a22"
"ENSMUSG00000019087.14",8998.42199604506,0.389435961013827,0.0607525281044129,6.41020173423102,1,1,"Atp6ap1"
"ENSMUSG00000019088.15",105.567679940528,0.770680303782683,0.141888019062033,5.4316094401582,0.94697467371631,1,"Dnase1l1"
"ENSMUSG00000019122.9",122.230677357587,-0.134495915740321,0.441304802906511,-0.304768755867843,0.98014795410431,1,"Ccl9"
"ENSMUSG00000019124.11",4259.3904833925,-0.306895294575434,0.0846076173764107,-3.62727735506471,1,1,"Scrn1"
"ENSMUSG00000019132.12",9428.33902506309,0.025860747017618,0.0553695631984703,0.467057089197562,1,1,"BC005537"
"ENSMUSG00000019139.11",50.7398146356565,0.165471467251991,0.174005312026953,0.950956412332744,0.999999190662273,1,"Isyna1"
"ENSMUSG00000019143.16",742.214860455066,-0.103544805663325,0.0533520459258885,-1.94078416050173,1,1,"Hars2"
"ENSMUSG00000019158.10",299.019467075321,0.277646579497949,0.0743307438583673,3.73528590036697,1,1,"Tmem160"
"ENSMUSG00000019173.12",7243.27887098563,0.0230369944570764,0.0456056534999124,0.505134620143546,1,1,"Rab5c"
"ENSMUSG00000019179.11",9491.65324312672,0.21224853107207,0.0395216682446668,5.37043451096504,1,1,"Mdh2"
"ENSMUSG00000019188.17",5737.56768429216,0.328956024185149,0.100041026056789,3.28821121844965,0.999999999990113,1,"H13"
"ENSMUSG00000019189.14",5168.27109417828,0.397792861891975,0.0570536103178412,6.97226450133308,1,1,"Rnf145"
"ENSMUSG00000019210.11",3748.46496513475,0.206414250932762,0.0572648856567657,3.60455187442385,1,1,"Atp6v1e1"
"ENSMUSG00000019214.15",603.477919764628,-0.0729686109006583,0.129652964923854,-0.562799400256782,0.999999999999567,1,"Chtf18"
"ENSMUSG00000019254.17",1928.79042745168,0.236838913933234,0.0649421979230907,3.64691866779311,1,1,"Ppp1r12c"
"ENSMUSG00000019261.4",1955.31512691457,0.593419490592741,0.0642629167857128,9.23424457329756,0.999999999874875,1,"Map1s"
"ENSMUSG00000019295.9",871.762078687989,0.143527013458565,0.0393549978918431,3.64698313167267,1,1,"Tmem129"
"ENSMUSG00000019297.10",1485.55763783617,0.665487149940236,0.0637206538823132,10.4438217343051,0.999999923816925,1,"Nop9"
"ENSMUSG00000019301.6",11.9659000930279,0.854427570392802,0.192996324501929,4.42717016812546,0.774658142072182,1,"Hsd17b1"
"ENSMUSG00000019302.18",5759.90747484763,0.355604188500265,0.0902991713617255,3.93806701808775,0.99999999999952,1,"Atp6v0a1"
"ENSMUSG00000019303.15",606.99856441032,-0.444297209065357,0.118096424102592,-3.76215632642178,0.999998733781011,1,"Psmc3ip"
"ENSMUSG00000019320.15",131.656831765765,-0.00489180123984854,0.202706050392849,-0.0241324875620048,0.999999899811334,1,"Noxo1"
"ENSMUSG00000019338.14",2020.97052190196,-0.427033111673262,0.0754302768970132,-5.66129582496828,0.999999999999985,1,"Zfp687"
"ENSMUSG00000019359.15",654.63556097528,0.244750170801115,0.182679173584372,1.33978146495214,0.999982197809576,1,"Gdpd2"
"ENSMUSG00000019362.9",2037.84982465018,0.273903703513516,0.0669818549433277,4.08922242815255,1,1,"D8Ertd738e"
"ENSMUSG00000019370.11",13214.106578522,-0.187235474498266,0.0620497008778743,-3.01750809188881,1,1,"Calm3"
"ENSMUSG00000019373.12",2844.42937369084,-0.013112698384683,0.0405845859871924,-0.32309553160949,1,1,"Cops3"
"ENSMUSG00000019428.17",4243.19792258594,0.101421922578153,0.0371152996610115,2.73261764028524,1,1,"Fkbp8"
"ENSMUSG00000019432.16",9385.91553658746,0.0761053080043134,0.0365074335593271,2.08465237307457,1,1,"Ddx39b"
"ENSMUSG00000019433.10",1727.93699213114,0.0678252498917249,0.0438509920027557,1.54672099293586,1,1,"Gipc1"
"ENSMUSG00000019437.18",742.623628143106,-0.497568979438876,0.0947025023858193,-5.25402145565038,0.999999943775074,1,"Tlcd1"
"ENSMUSG00000019461.13",1165.40955361679,0.282448307849689,0.0562361134004523,5.02254318036526,1,1,"Plscr3"
"ENSMUSG00000019464.7",29.0072602552798,-0.0131384866340002,0.147280019338646,-0.0892075292561607,0.999999999992634,1,"Ptger1"
"ENSMUSG00000019467.16",837.517509762403,-0.0290665094051496,0.0873049792230439,-0.332930717856212,1,1,"Arhgef25"
"ENSMUSG00000019470.13",1376.73218221203,-0.0979696304882493,0.0336222389774714,-2.91383422007957,1,1,"Xab2"
"ENSMUSG00000019471.11",3342.52226339042,0.228149641796692,0.0433663894480208,5.26097848358239,1,1,"Cdc37"
"ENSMUSG00000019478.18",474.16725942844,-0.0934370601322315,0.0607466323132781,-1.53814387027028,1,1,"Rab4a"
"ENSMUSG00000019487.12",468.72250621998,0.410955427442516,0.102898168047674,3.99380703504961,0.99999999481425,1,"Trip10"
"ENSMUSG00000019494.15",3100.81436081313,-0.00750463562854545,0.0347257102094171,-0.216111796800928,1,1,"Cops6"
"ENSMUSG00000019505.8",33163.7847970792,-0.150243879861181,0.0403725617211308,-3.72143538720616,1,1,"Ubb"
"ENSMUSG00000019518.12",917.685834913351,-0.139550359435862,0.0603394493985134,-2.3127549360651,1,1,"Ap4m1"
"ENSMUSG00000019528.19",2447.81129738033,0.194910579922025,0.0624395763279958,3.12158716289422,1,1,"Gyg1"
"ENSMUSG00000019539.12",1811.33680958726,0.701017539772475,0.153682569696826,4.56146419958615,0.974139854846618,1,"Rcn3"
"ENSMUSG00000019558.15",2704.09065851205,0.0534725351657311,0.0658869671359352,0.811579853955167,1,1,"Slc6a8"
"ENSMUSG00000019564.13",46.9968827152607,-0.361809977940409,0.184623094648833,-1.95972220392362,0.999726601895576,1,"Arid3a"
"ENSMUSG00000019578.12",1164.39091341702,0.144475701124363,0.0671476411179767,2.15161245754743,1,1,"Ubxn6"
"ENSMUSG00000019579.14",2179.41049073152,0.338391593559794,0.0575519137767323,5.87976265867639,1,1,"Mydgf"
"ENSMUSG00000019647.18",4280.36363674899,0.0517414992509091,0.098692650979599,0.524269018385216,1,1,"Sema6a"
"ENSMUSG00000019659.9",753.39621484955,0.0664486864173543,0.0616302546777116,1.07818289515174,1,1,"Ccdc12"
"ENSMUSG00000019689.5",279.532030049472,0.138511914510641,0.0930824521682242,1.48805614038094,1,1,"Fmc1"
"ENSMUSG00000019699.17",3040.29694503207,-0.915734218725981,0.123769513465937,-7.39870581278483,0.752009913809343,1,"Akt3"
"ENSMUSG00000019710.14",2075.22810716803,0.0476257276240728,0.0709494084740912,0.671263209212864,1,1,"Mrpl24"
"ENSMUSG00000019715.15",2049.11388375934,0.151415441347609,0.0744477455534393,2.03384857690448,1,1,"Gle1"
"ENSMUSG00000019718.9",346.598910811865,0.277759374516853,0.080506226640162,3.45016014423769,1,1,"L3hypdh"
"ENSMUSG00000019726.13",1453.52343662148,0.313789791396681,0.23877014343619,1.31419191227541,0.997973065854591,1,"Lyst"
"ENSMUSG00000019731.14",2758.89975667953,0.312254021537547,0.0673496968049905,4.6363092389513,1,1,"Slc35e1"
"ENSMUSG00000019732.15",164.195031451923,0.772387305514251,0.107983831783023,7.15280512610671,0.982477606038747,1,"Calr3"
"ENSMUSG00000019734.17",103.179735685966,0.299297766442846,0.129928384437067,2.30355951657212,0.999999965352232,1,"Tmc4"
"ENSMUSG00000019737.15",33.6996921736667,0.1947465755849,0.128314356360077,1.51773021436822,0.999999999825889,1,"Syne4"
"ENSMUSG00000019738.16",535.083821318657,-0.242974403797095,0.0673803442676195,-3.60601309533319,1,1,"Polr2i"
"ENSMUSG00000019761.11",146.151282172481,-0.503832947750946,0.078359865120141,-6.42973219745174,0.999999999878922,1,"Krt10"
"ENSMUSG00000019763.12",1112.56783097917,0.48861181806125,0.0939238297241153,5.20221353299222,0.999999974055332,1,"Rmnd1"
"ENSMUSG00000019767.13",12.3404510488875,-0.579805995199365,0.214554247404612,-2.70237481761874,0.974911448978354,1,"Ccdc170"
"ENSMUSG00000019773.8",1372.01353077503,-0.103287561046156,0.121840336285259,-0.847728791591106,0.999999999999908,1,"Fbxo5"
"ENSMUSG00000019774.9",367.145372476614,0.364146578322513,0.0779677436832373,4.67047731690103,1,1,"Mtrf1l"
"ENSMUSG00000019775.18",650.301245977397,-0.522183856013682,0.202149842973592,-2.58315241967265,0.990952614135465,1,"Rgs17"
"ENSMUSG00000019777.17",9240.13715747418,0.0894150204143394,0.0942843572119872,0.948354775472461,1,1,"Hdac2"
"ENSMUSG00000019779.16",1133.85053699662,-0.193000589516734,0.130848240349615,-1.47499568202869,0.99999999965299,1,"Frk"
"ENSMUSG00000019782.11",2459.77281786336,0.0725662770298634,0.0640887421013499,1.13227806710744,1,1,"Rwdd1"
"ENSMUSG00000019790.18",1398.80427347537,0.341950734590765,0.0704741894688527,4.85214143174922,1,1,"Stxbp5"
"ENSMUSG00000019791.13",200.057832480842,0.150086949154762,0.0733311025312076,2.04670247649542,1,1,"Hint3"
"ENSMUSG00000019792.9",434.448680799297,0.103048268728894,0.0738447719636108,1.39547141915035,1,1,"Trmt11"
"ENSMUSG00000019794.14",1106.77757764789,0.17897360979409,0.0714481538042337,2.50494379861057,1,1,"Katna1"
"ENSMUSG00000019795.18",3226.91642294784,0.293797382514292,0.0478586846890746,6.13885200613049,1,1,"Pcmt1"
"ENSMUSG00000019796.13",4636.94801328028,0.158576419597662,0.0835603091115652,1.89774812089242,1,1,"Lrp11"
"ENSMUSG00000019797.12",934.03904270559,0.236497855120116,0.0849944248742638,2.78251021134596,1,1,"Mtres1"
"ENSMUSG00000019802.14",6623.87355164072,0.290282739992592,0.0490715931123609,5.9154945169178,1,1,"Sec63"
"ENSMUSG00000019803.12",476.415209046937,0.695953084191185,0.144048372805191,4.83138455949366,0.982602145690723,1,"Nr2e1"
"ENSMUSG00000019804.13",8516.58010587541,0.346268593947354,0.0610584713258584,5.67109831655266,1,1,"Snx3"
"ENSMUSG00000019806.14",672.045593446235,-0.354751550110237,0.122172472377328,-2.90369461472951,0.999999935919118,1,"Aig1"
"ENSMUSG00000019808.9",194.615504951516,0.315393330214527,0.0708771450205333,4.44985940281816,1,1,"Adat2"
"ENSMUSG00000019809.17",1136.4383665683,-0.0448185548499489,0.0459519918363392,-0.975334323038115,1,1,"Pex3"
"ENSMUSG00000019810.16",1056.42506668089,0.786269580711815,0.0974889974458329,8.06521352472298,0.985823031840617,1,"Fuca2"
"ENSMUSG00000019813.17",652.234498668471,0.351472742646599,0.0670278728854037,5.2436803902088,1,1,"Cep57l1"
"ENSMUSG00000019814.6",1443.89406854374,-0.0895264346707206,0.0805399201159638,-1.11157838922385,1,1,"Ltv1"
"ENSMUSG00000019818.16",14540.8907128374,0.480080507093286,0.0918092397053557,5.22910884170278,0.999999992564322,1,"Cd164"
"ENSMUSG00000019820.12",5414.39754253411,0.269541032752856,0.0807460797845592,3.33813150399408,1,1,"Utrn"
"ENSMUSG00000019822.13",964.18790004513,0.426136389792494,0.0845368063178979,5.04083852174427,0.999999999994328,1,"Smpd2"
"ENSMUSG00000019826.12",638.861584886753,0.235399796101652,0.0522508779616858,4.50518355450917,1,1,"Zbtb24"
"ENSMUSG00000019828.14",67.1824513024556,0.553628468139227,0.248172799314192,2.2308184848184,0.963961542135117,1,"Grm1"
"ENSMUSG00000019831.15",3858.97371238644,-0.946286646497119,0.121865299451344,-7.76502130432082,0.670306635040587,1,"Wasf1"
"ENSMUSG00000019832.6",356.506873262264,0.194297727795834,0.129438153346071,1.50108544330319,0.999999999758625,1,"Rab32"
"ENSMUSG00000019837.9",1495.85595653246,0.529647167873396,0.0865375918805418,6.12042877972073,0.999999972639083,1,"Gtf3c6"
"ENSMUSG00000019838.12",219.282656435811,-0.239950988901881,0.140730947323396,-1.70503356557731,0.99999996681377,1,"Slc16a10"
"ENSMUSG00000019841.17",13488.1891388164,0.365974966004565,0.106128835548802,3.44840272779849,0.999999998843231,1,"Rev3l"
"ENSMUSG00000019842.7",335.788769938192,0.656935530197526,0.183671909693917,3.5766793697103,0.969105811609758,1,"Traf3ip2"
"ENSMUSG00000019843.15",21353.3205669692,0.0854489453825063,0.0659964485463006,1.29475066105351,1,1,"Fyn"
"ENSMUSG00000019845.9",489.043079235939,0.574134012872227,0.0778571549123789,7.37419718866382,0.999999977477583,1,"Tube1"
"ENSMUSG00000019848.15",12.0214867483798,-0.492117419991354,0.317147037102004,-1.55170114306657,0.945358250849849,1,"Popdc3"
"ENSMUSG00000019849.12",4567.59334371545,0.0325425347670375,0.0659469960994125,0.493465005107752,1,1,"Prep"
"ENSMUSG00000019850.12",401.989290820831,0.540884977449606,0.201904440598262,2.67891570807909,0.988514672552187,1,"Tnfaip3"
"ENSMUSG00000019852.8",216.275810588963,0.725580220074432,0.254178825615277,2.85460528947704,0.859847120202449,1,"Arfgef3"
"ENSMUSG00000019854.18",2662.49980947415,0.212344563508939,0.0413917566487257,5.13011721901579,1,1,"Reps1"
"ENSMUSG00000019856.15",833.526910911096,-0.171320123672931,0.13635507930516,-1.25642641657316,0.999999999389141,1,"Fam184a"
"ENSMUSG00000019857.8",1518.76382623751,0.0492657066260128,0.0785942366940211,0.626836123083827,1,1,"Asf1a"
"ENSMUSG00000019861.16",2503.3617005253,0.0030626779961299,0.0570883075848801,0.0536480783140444,1,1,"Gopc"
"ENSMUSG00000019863.8",397.041995415285,-0.15721341648268,0.0717493577098728,-2.19114737052269,1,1,"Qrsl1"
"ENSMUSG00000019864.15",891.583044470318,0.251391005662167,0.0549687464599612,4.5733443429582,1,1,"Rtn4ip1"
"ENSMUSG00000019866.16",22.2811684793036,0.6830486542208,0.243189556359437,2.80870882963101,0.903765501275974,1,"Crybg1"
"ENSMUSG00000019868.17",2258.43982794318,0.319391419161466,0.056894656337598,5.61373316443429,1,1,"Vta1"
"ENSMUSG00000019872.14",1336.51529532997,1.04463269628061,0.133658433995159,7.81568858062818,0.369215808321973,1,"Smpdl3a"
"ENSMUSG00000019873.9",8592.02832730741,-0.24120225389579,0.0631652346497942,-3.81859190792346,1,1,"Reep3"
"ENSMUSG00000019874.12",13339.731094854,-1.04474374756299,0.172442047340619,-6.05852089832443,0.397635844339077,1,"Fabp7"
"ENSMUSG00000019876.16",154.781850212239,-0.35380372716876,0.209259700311019,-1.69073991142541,0.998992495254081,1,"Pkib"
"ENSMUSG00000019877.11",17752.1431465151,0.132102904734868,0.0594795191150651,2.22098138485805,1,1,"Serinc1"
"ENSMUSG00000019878.9",1873.5494321,-0.112122627377519,0.0601925910645213,-1.86273136601368,1,1,"Hsf2"
"ENSMUSG00000019883.12",2052.01620922473,-0.151166401624708,0.0715479880502915,-2.11279737899061,1,1,"Echdc1"
"ENSMUSG00000019891.16",1292.2113339702,-0.00688922316241742,0.0649326155263741,-0.106098038814087,1,1,"Dcbld1"
"ENSMUSG00000019897.9",1597.29000129466,0.354315482023588,0.0661137880944005,5.35917684095909,1,1,"Ccdc59"
"ENSMUSG00000019907.11",7937.43215837465,0.346096911316893,0.0535007243602458,6.46901355926432,1,1,"Ppp1r12a"
"ENSMUSG00000019913.5",68.955062956174,0.186332583368895,0.139565737225839,1.3350883037101,0.999999997228532,1,"Sim1"
"ENSMUSG00000019916.15",14510.1672138137,0.642679724004732,0.108857610600211,5.90385661104605,0.999485464090846,1,"P4ha1"
"ENSMUSG00000019917.11",2366.82990079134,0.474498656938005,0.0741585902078908,6.39843146434997,0.999999999999311,1,"Septin10"
"ENSMUSG00000019920.19",9504.33213156668,0.359167788169515,0.0696144457804174,5.15938587376572,1,1,"Lims1"
"ENSMUSG00000019923.15",8146.40830081324,0.203450876115818,0.067192710992894,3.02787122456384,1,1,"Zwint"
"ENSMUSG00000019927.7",2053.08503215829,-0.117856921628273,0.0682055338506399,-1.72796714539853,1,1,"Ube2d1"
"ENSMUSG00000019942.14",5014.568357019,0.308617288365081,0.12472026513188,2.47447588440216,0.999999985172996,1,"Cdk1"
"ENSMUSG00000019943.11",14084.1291213379,0.445247866766762,0.0930542631450327,4.78481964950716,0.999999998751087,1,"Atp2b1"
"ENSMUSG00000019944.15",649.991884339713,0.427446719720024,0.0993940246054373,4.30052733468488,0.999999995805244,1,"Rhobtb1"
"ENSMUSG00000019947.11",2490.32831900967,0.576078325352962,0.0678168582674746,8.49461830096681,0.999999999796055,1,"Arid5b"
"ENSMUSG00000019948.5",653.648552289294,0.215127680186574,0.0585577702863931,3.6737682998248,1,1,"Actr6"
"ENSMUSG00000019951.11",2273.86452253591,0.321755530218797,0.0656456760008227,4.90139716460174,1,1,"Bltp3b"
"ENSMUSG00000019952.16",1921.51613869415,0.515388526827269,0.0764315450528439,6.74313892870981,0.999999999885463,1,"Poc1b"
"ENSMUSG00000019960.9",15313.0756150012,1.17738745411986,0.160248184705128,7.34727483051593,0.134156793745154,1,"Dusp6"
"ENSMUSG00000019961.18",13124.872892383,-0.0689406576822192,0.0863779284761137,-0.798128166517486,1,1,"Tmpo"
"ENSMUSG00000019966.19",3038.18369294092,0.537602725225641,0.164295918201886,3.2721611778878,0.99755671255938,1,"Kitl"
"ENSMUSG00000019969.15",2778.38682766052,-0.131189685352057,0.0376726334738611,-3.48236035697058,1,1,"Psen1"
"ENSMUSG00000019970.16",1596.98921847106,0.598475896823551,0.152924775080351,3.91353131962491,0.995675580017946,1,"Sgk1"
"ENSMUSG00000019971.11",891.740400781034,0.102778634418588,0.0687653379907955,1.49462850647727,1,1,"Cep290"
"ENSMUSG00000019975.13",2259.00409928109,0.538937327892397,0.0723913310945004,7.44477715417144,0.999999999904887,1,"Ikbip"
"ENSMUSG00000019977.17",4159.2075330825,0.264963360372742,0.0538943943079281,4.91634359705133,1,1,"Hbs1l"
"ENSMUSG00000019978.17",4999.78744920645,0.259913299481102,0.0773202586187696,3.36151616826082,1,1,"Epb41l2"
"ENSMUSG00000019979.13",2637.65804370248,0.0418680907184793,0.111646188537326,0.375006896939271,1,1,"Apaf1"
"ENSMUSG00000019982.16",171.149835597077,-0.4419187785804,0.195179462560798,-2.26416638708974,0.997877271934376,1,"Myb"
"ENSMUSG00000019984.17",1753.97005447348,0.119167397515128,0.0651878343629016,1.82806191799104,1,1,"Med23"
"ENSMUSG00000019986.18",3551.16726481914,-0.0499375095200524,0.0789649780053221,-0.632400727277942,1,1,"Ahi1"
"ENSMUSG00000019988.8",1977.18596169382,0.153187222100313,0.0755720169319205,2.02703630681595,1,1,"Nedd1"
"ENSMUSG00000019989.9",561.599912122014,0.677518572558091,0.154517989833804,4.38472292635192,0.9815566296518,1,"Enpp3"
"ENSMUSG00000019990.16",1071.8928813086,0.474045008355484,0.121505986997757,3.90141276218954,0.999992498160965,1,"Pde7b"
"ENSMUSG00000019992.9",402.120179412565,0.0127522204466079,0.129264421670755,0.098652206707648,0.999999999999991,1,"Mtfr2"
"ENSMUSG00000019996.18",2206.71140361525,0.540650564667797,0.074012265508198,7.30487792740126,0.999999999728933,1,"Map7"
"ENSMUSG00000019997.12",160.722590660896,0.650409144425759,0.313349950920605,2.07566378266502,0.86771543380011,1,"Ccn2"
"ENSMUSG00000019998.7",5345.41234920693,-0.144896774013555,0.0533347890860753,-2.71674035833743,1,1,"Stx7"
"ENSMUSG00000020000.8",61.6661290215433,-0.623435725226566,0.266895482989258,-2.33587964188834,0.920863743848683,1,"Moxd1"
"ENSMUSG00000020003.17",797.536003191371,0.270324507529731,0.0575567286037415,4.69666212947618,1,1,"Pex7"
"ENSMUSG00000020009.14",1591.15715801169,0.4078067235471,0.0750262288769203,5.43552207876665,0.999999999999999,1,"Ifngr1"
"ENSMUSG00000020015.11",4159.64229786321,0.197192510833418,0.099075689150101,1.99032186932022,1,1,"Cdk17"
"ENSMUSG00000020018.7",2580.45544425515,0.345762716784785,0.106920072789181,3.23384288623278,0.999999999528994,1,"Snrpf"
"ENSMUSG00000020022.18",3142.57666617042,0.340714889901303,0.0823329502275438,4.13825678491622,0.999999999999999,1,"Ndufa12"
"ENSMUSG00000020023.19",2693.28130997623,-0.445622931633375,0.0886757856417719,-5.02530570671886,0.999999999797035,1,"Tmcc3"
"ENSMUSG00000020024.8",1822.51016475747,0.160866334897834,0.0719641431035966,2.23536789239966,1,1,"Cep83"
"ENSMUSG00000020032.15",399.540390728054,-0.692992723095058,0.13738580736148,-5.0441361913877,0.987279373708589,1,"Nuak1"
"ENSMUSG00000020034.8",620.061422768624,-0.188300972601637,0.169233371040121,-1.11267045881273,0.999999192004605,1,"Tcp11l2"
"ENSMUSG00000020038.11",1403.09113059649,0.534881803768146,0.197920380544341,2.70250998051368,0.990613969997413,1,"Cry1"
"ENSMUSG00000020044.14",220.099685963944,-0.700823785775709,0.391172190697172,-1.79159920475598,0.777817423707413,1,"Timp3"
"ENSMUSG00000020048.14",61265.6091104574,0.400056513466711,0.11139239749123,3.59141667184429,0.999999963949797,1,"Hsp90b1"
"ENSMUSG00000020053.19",341.549080569896,0.176254530991412,0.40946372958685,0.430452121288626,0.979912818131463,1,"Igf1"
"ENSMUSG00000020056.17",760.636122547148,0.228867398030743,0.0674205059212798,3.39462593617984,1,1,"Washc3"
"ENSMUSG00000020057.3",155.533524310506,0.318536538596503,0.115261057182357,2.76360937842639,0.999999998313673,1,"Dram1"
"ENSMUSG00000020063.17",1037.00584502592,0.202127294578825,0.0781513681435959,2.58635644365733,1,1,"Sirt1"
"ENSMUSG00000020064.10",1712.16965211772,0.0834590804869228,0.0655331664130414,1.2735395686651,1,1,"Herc4"
"ENSMUSG00000020069.17",2451.19929828875,0.126558592341746,0.0740877892678715,1.70822471006877,1,1,"Hnrnph3"
"ENSMUSG00000020070.19",1871.66302673591,0.183911168295912,0.09521304721121,1.93157527967721,1,1,"Rufy2"
"ENSMUSG00000020072.16",27.4851006111448,0.524708693555473,0.14777899978635,3.55063097134279,0.999350567378333,1,"Pbld2"
"ENSMUSG00000020074.8",5107.62998742879,0.0546496273193482,0.0748689364002769,0.729937273680116,1,1,"Ccar1"
"ENSMUSG00000020075.9",7011.87923065384,-0.0132429275699598,0.113022955564782,-0.117170246555527,1,1,"Ddx21"
"ENSMUSG00000020076.8",3866.32844349873,0.309624540534505,0.0614481000115198,5.03879762720831,1,1,"Ddx50"
"ENSMUSG00000020077.15",114.833249507746,-0.605011233272238,0.306215455020302,-1.97576975085116,0.901458212153306,1,"Srgn"
"ENSMUSG00000020078.17",3527.46504630491,0.253834153007423,0.0553791172271517,4.58357167316801,1,1,"Vps26a"
"ENSMUSG00000020079.16",1146.16650451823,0.25110226225513,0.0829261129247876,3.02802402522924,1,1,"Supv3l1"
"ENSMUSG00000020083.15",141.993066206917,-0.447385299845329,0.150956926710936,-2.96366195041859,0.999874258151607,1,"Fam241b"
"ENSMUSG00000020085.16",292.311850487558,0.670572057348639,0.0796085511946516,8.42336717960131,0.999982490118127,1,"Aifm2"
"ENSMUSG00000020086.7",2736.79847868694,-0.460823157041206,0.0845890705030273,-5.44778603548686,0.999999999907963,1,"Macroh2a2"
"ENSMUSG00000020087.6",861.501588731354,0.245227745134181,0.0652860922031516,3.75620192385083,1,1,"Tysnd1"
"ENSMUSG00000020088.11",7101.62406151727,0.29047277963585,0.053806789100396,5.39844106092017,1,1,"Sar1a"
"ENSMUSG00000020089.9",1995.09401526097,-0.195447028043361,0.0826677162683204,-2.36424854666343,1,1,"Ppa1"
"ENSMUSG00000020091.17",10039.9382165944,0.0084783725124796,0.0662981899993229,0.127882412967325,1,1,"Eif4ebp2"
"ENSMUSG00000020092.10",1315.05094104644,0.432822672353792,0.129238170782822,3.34903124775055,0.999994296412295,1,"Pald1"
"ENSMUSG00000020097.15",7292.62542034017,0.560982942776048,0.081047257424091,6.92167706355105,0.999999969662999,1,"Sgpl1"
"ENSMUSG00000020100.16",1797.26988766193,0.0506877962909486,0.0624063969112108,0.81222116320968,1,1,"Slc29a3"
"ENSMUSG00000020101.15",219.132981876893,0.378234469570098,0.318200550649942,1.18866692341523,0.974657109115669,1,"Vsir"
"ENSMUSG00000020102.16",366.133906858641,-1.00809316195539,0.229451955213039,-4.39348255289175,0.485931542227177,1,"Slc16a7"
"ENSMUSG00000020105.10",853.300748582373,0.857886503232308,0.105328054473121,8.14490030717537,0.911371079834835,1,"Lrig3"
"ENSMUSG00000020107.11",1542.37973898773,0.246042082908821,0.060015313053512,4.09965507785389,1,1,"Anapc16"
"ENSMUSG00000020108.5",4954.35473397161,0.263282502174712,0.191658475231345,1.37370654679848,0.999939454751268,1,"Ddit4"
"ENSMUSG00000020109.14",2679.9577793305,0.115315446452485,0.0521545290344795,2.21103418221359,1,1,"Dnajb12"
"ENSMUSG00000020111.17",2325.11682978923,0.033243959990833,0.0584906220526006,0.568363932955556,1,1,"Micu1"
"ENSMUSG00000020114.13",8866.95885655432,0.240702357932208,0.119462248672184,2.01488219590373,0.999999999896438,1,"Cand1"
"ENSMUSG00000020115.4",1652.10902926243,0.0807340819693728,0.0466234815870746,1.73161847251996,1,1,"Tbk1"
"ENSMUSG00000020116.8",1506.06706113897,0.0200343301332269,0.0616565669260384,0.3249342467812,1,1,"Pno1"
"ENSMUSG00000020120.16",758.236389983999,0.118958668007819,0.182072724813501,0.653357981705769,0.999999347773139,1,"Plek"
"ENSMUSG00000020121.16",3594.98610872094,0.0840808978902844,0.105928336061974,0.793752654068804,1,1,"Srgap1"
"ENSMUSG00000020124.11",2692.5623727457,0.0303970936018026,0.0448229909378127,0.678158529045407,1,1,"Usp15"
"ENSMUSG00000020128.16",2078.17175826603,0.266661096199327,0.0399856538558478,6.66891923690098,1,1,"Vps54"
"ENSMUSG00000020130.10",2800.63142442359,0.412006141542548,0.0800821473801635,5.14479387755032,0.999999999999895,1,"Tbc1d15"
"ENSMUSG00000020132.11",5266.47863986119,0.144644797661998,0.0410366433350134,3.52477166519573,1,1,"Rab21"
"ENSMUSG00000020133.9",844.170233812509,0.174631229060296,0.0657569694057951,2.65570677356833,1,1,"2310011J03Rik"
"ENSMUSG00000020134.14",4263.05162842909,0.200658994976673,0.0594534274217642,3.37506185393136,1,1,"Peli1"
"ENSMUSG00000020137.6",2098.85042308956,0.147818917302181,0.0838906867298057,1.76204204619608,1,1,"Thap2"
"ENSMUSG00000020140.16",1030.10994019475,0.284684350806252,0.137072579404212,2.07688767544637,0.999999909819512,1,"Lgr5"
"ENSMUSG00000020142.13",3345.81424915645,0.187572906195864,0.0873430321991051,2.14754287174594,1,1,"Slc1a4"
"ENSMUSG00000020143.16",121.183354652552,-0.485477012639861,0.36955001262595,-1.31369772981512,0.91811273909206,1,"Dock2"
"ENSMUSG00000020149.18",9366.36072252537,0.0369018271110441,0.0356291106451018,1.03572125273122,1,1,"Rab1a"
"ENSMUSG00000020150.14",740.598295159759,-0.0142379632781608,0.102496530341368,-0.13891166101663,1,1,"Gamt"
"ENSMUSG00000020152.8",10084.9630913006,0.0443816357141721,0.0479212627749776,0.926136607095969,1,1,"Actr2"
"ENSMUSG00000020153.15",1437.73048691752,0.653767020761787,0.0863885929469269,7.56774706544221,0.999969363678333,1,"Ndufs7"
"ENSMUSG00000020154.11",164.889470176679,-1.14539842658577,0.165776094655406,-6.9093099880696,0.190222364253113,1,"Ptprb"
"ENSMUSG00000020155.3",11.048620147477,-0.246895878754002,0.312116870787995,-0.791036633587504,0.992119085266137,1,"Kcnmb1"
"ENSMUSG00000020156.17",1230.88926838172,0.0841382839376186,0.115929625188643,0.72577034386773,0.999999999999999,1,"Pwwp3a"
"ENSMUSG00000020160.19",539.431997381322,0.0600188487735776,0.0874012768906557,0.686704484291057,1,1,"Meis1"
"ENSMUSG00000020163.13",2541.09430071041,0.516619865738897,0.0902472399612356,5.7244949093269,0.99999995749923,1,"Uqcr11"
"ENSMUSG00000020166.16",3398.12089811244,0.140490273247186,0.076764539093939,1.83014546697485,1,1,"Cnot2"
"ENSMUSG00000020167.15",4536.13104274329,0.149785909527241,0.0642073949577834,2.33284514386116,1,1,"Tcf3"
"ENSMUSG00000020170.5",2695.16407218641,0.293772870349205,0.0788498172136147,3.72572671352344,1,1,"Frs2"
"ENSMUSG00000020171.9",1684.58531069739,0.146757617222242,0.0660324198813925,2.22250854180187,1,1,"Yeats4"
"ENSMUSG00000020175.16",300.879081059073,-0.236165271145077,0.10050232460008,-2.34984884264945,0.999999999999985,1,"Rab36"
"ENSMUSG00000020180.11",3743.95537699222,0.139014386672708,0.0755862102915251,1.83915010603851,1,1,"Snrpd3"
"ENSMUSG00000020181.19",1611.10532771594,0.524904013992269,0.109789704021212,4.78099489084017,0.999992453520732,1,"Nav3"
"ENSMUSG00000020183.12",293.549416645459,0.333145836072018,0.104571211653253,3.18582744528863,0.999999999909725,1,"Cpm"
"ENSMUSG00000020184.16",3507.1561793912,0.180889855981016,0.0506249017695233,3.57313989080989,1,1,"Mdm2"
"ENSMUSG00000020185.17",1155.16922145941,-0.352445102841685,0.149428941425544,-2.35861339496472,0.999992663157863,1,"E2f7"
"ENSMUSG00000020186.8",873.416879265413,0.493011653094225,0.100122461515175,4.92408642010368,0.999999794382736,1,"Csrp2"
"ENSMUSG00000020189.16",5519.40470601618,0.22028420027889,0.0668981852379249,3.29282774256797,1,1,"Osbpl8"
"ENSMUSG00000020190.14",2497.87170718465,0.191951770029821,0.0558028338246514,3.43982118601699,1,1,"Mknk2"
"ENSMUSG00000020191.12",36.4479976990634,-1.14167763231619,0.154993608322708,-7.36596589156845,0.180335583612984,1,"Spmip7"
"ENSMUSG00000020196.11",2790.34422891686,-0.169593798454988,0.0681333415736278,-2.48914546884094,1,1,"Cabin1"
"ENSMUSG00000020198.9",4925.0597721476,0.203123187363593,0.062034839245579,3.27434051307015,1,1,"Ap3d1"
"ENSMUSG00000020205.9",3609.84645448784,0.403609982836165,0.181385963156602,2.22514452503529,0.999495421347533,1,"Phlda1"
"ENSMUSG00000020211.16",2151.6410366882,0.111062767063397,0.0595456907036346,1.86516884347128,1,1,"Sf3a2"
"ENSMUSG00000020212.15",616.309069221743,-0.0529478284400459,0.113058861335771,-0.468320906601006,1,1,"Mdm1"
"ENSMUSG00000020216.14",26.7640821231918,0.689377294211396,0.211063870780113,3.26620227167913,0.929449050776832,1,"Jsrp1"
"ENSMUSG00000020219.8",1273.64405701807,0.337722918741284,0.0742110798161897,4.55084226745893,1,1,"Timm13"
"ENSMUSG00000020220.17",2908.39089166925,0.276540327636158,0.0859184952407358,3.21863560181446,1,1,"Vps13d"
"ENSMUSG00000020224.16",1584.08079538377,0.277561422510954,0.0748239674199324,3.70952559830468,1,1,"Llph"
"ENSMUSG00000020225.11",1347.05016575127,0.153547510816527,0.0740176326484041,2.07447205919032,1,1,"Tmbim4"
"ENSMUSG00000020228.12",697.746605107411,-0.00486794998458238,0.0595601828640443,-0.0817316158295595,1,1,"Helb"
"ENSMUSG00000020230.16",1516.97422327318,-0.331147586092797,0.0617295611927218,-5.36448955240332,1,1,"Prmt2"
"ENSMUSG00000020231.16",3055.14314784537,0.00317074418126281,0.0415800075421908,0.0762564599836952,1,1,"Dip2a"
"ENSMUSG00000020232.19",1408.81917314242,0.436844566606768,0.101431705194581,4.30678519865904,0.999999985884282,1,"Hmg20b"
"ENSMUSG00000020235.17",1998.4350309768,0.244442524218109,0.0591295347728128,4.13401737654972,1,1,"Fzr1"
"ENSMUSG00000020238.15",2899.54732198152,0.202757031791404,0.0482535887942934,4.20190574126546,1,1,"Ncln"
"ENSMUSG00000020241.14",616.02854380797,1.28651317700872,0.253486354144008,5.07527587176482,0.129176952165292,1,"Col6a2"
"ENSMUSG00000020246.14",1461.07160687984,0.0137472110247624,0.0693481771618714,0.198234641303893,1,1,"Hcfc2"
"ENSMUSG00000020248.19",1874.28794371378,0.262026197860255,0.0550600262347393,4.75891887052777,1,1,"Nfyb"
"ENSMUSG00000020250.12",8931.61412590488,0.0758089367766226,0.0709080306645993,1.06911637604498,1,1,"Txnrd1"
"ENSMUSG00000020251.15",32.130152286734,0.331969648096291,0.248565439407586,1.33554225755392,0.996401052191376,1,"Glt8d2"
"ENSMUSG00000020253.16",705.798333490775,0.0549665413353959,0.0457551656139945,1.20131881499701,1,1,"Ppm1m"
"ENSMUSG00000020255.9",2904.4992436371,0.328321761067746,0.0673325685101638,4.87612114512141,1,1,"Nopchap1"
"ENSMUSG00000020256.15",5018.50186089798,0.743142610983792,0.122815839044525,6.05086947062567,0.981754014062259,1,"Aldh1l2"
"ENSMUSG00000020257.14",5480.61334717756,0.0735862869358183,0.0826335603648442,0.890513329099215,1,1,"Wdr82"
"ENSMUSG00000020258.17",100.355337019458,-0.214340152743339,0.0876186637530433,-2.44628419976212,1,1,"Glyctk"
"ENSMUSG00000020260.10",3916.28921419786,0.929999187444235,0.0864796857628427,10.7539612250051,0.790871261917498,1,"Pofut2"
"ENSMUSG00000020261.16",1538.28636280762,0.283143454207562,0.078727773848977,3.59648749564181,1,1,"Slc36a1"
"ENSMUSG00000020262.16",1007.6180161025,0.607528231840256,0.0940026787688357,6.462882119926,0.999985108064773,1,"Adarb1"
"ENSMUSG00000020265.17",3019.55805817662,-0.0755157746367917,0.0693783859123863,-1.08846254699779,1,1,"Sumo3"
"ENSMUSG00000020267.7",4596.13760069523,0.126268649680943,0.0471762177392279,2.67653185719354,1,1,"Hint1"
"ENSMUSG00000020268.15",381.447191363955,-0.0858884115845679,0.149303541866748,-0.575260375679651,0.999999999539596,1,"Lyrm7"
"ENSMUSG00000020271.18",4378.24092388257,0.101652491434774,0.0643131472676951,1.58058648586515,1,1,"Fbxw11"
"ENSMUSG00000020272.9",457.908509706106,0.0481554105813845,0.0797060936577492,0.604162221124015,1,1,"Stk10"
"ENSMUSG00000020273.14",607.896494662486,-0.234788267839707,0.0562851942355057,-4.17140370622721,1,1,"Papolg"
"ENSMUSG00000020275.10",345.827350591345,-0.291589544312454,0.0840934780318473,-3.46744540881072,1,1,"Rel"
"ENSMUSG00000020277.11",7636.60599163918,0.311167063536238,0.10096643250135,3.08188628465285,0.999999999995523,1,"Pfkl"
"ENSMUSG00000020280.13",876.11999403048,0.0645162106540469,0.0847949448548281,0.760849727121127,1,1,"Pus10"
"ENSMUSG00000020282.19",1128.57141363417,1.11464691721747,0.162332613522046,6.86643856113415,0.240017281159003,1,"Rhbdf1"
"ENSMUSG00000020283.6",1680.93412835054,0.209461379356526,0.0482049095942428,4.34522917104573,1,1,"Pex13"
"ENSMUSG00000020284.17",355.199979745788,0.217939434316801,0.0735638483211787,2.96258881625226,1,1,"Cfap410"
"ENSMUSG00000020288.14",2113.65268154272,-0.107267246982654,0.0614321906297989,-1.74610812153949,1,1,"Ahsa2"
"ENSMUSG00000020289.16",499.140099632949,0.237853067291797,0.0594822369375148,3.99872431733962,1,1,"Nprl3"
"ENSMUSG00000020290.16",11534.0459279039,-0.0246844824943429,0.0672258186641518,-0.367187532779068,1,1,"Xpo1"
"ENSMUSG00000020300.15",4087.37702031233,0.237221415103615,0.0947217599836155,2.50440252740921,1,1,"Cpeb4"
"ENSMUSG00000020305.14",549.506925974014,0.145752955853319,0.0411665423951907,3.54056832012073,1,1,"Asb3"
"ENSMUSG00000020307.17",1817.28127803163,0.228111372213817,0.0736181243380476,3.09857625774803,1,1,"Cdc34"
"ENSMUSG00000020308.8",543.797043104691,0.0186413107432982,0.0854276969759329,0.218211556710348,1,1,"Tpgs1"
"ENSMUSG00000020309.7",234.2577996727,-0.00375476526382896,0.0799920285597726,-0.0469392429649821,1,1,"Chac2"
"ENSMUSG00000020311.18",1682.82741107039,0.544801795491758,0.0369455456548001,14.7460752260124,1,1,"Erlec1"
"ENSMUSG00000020315.19",19647.6811385291,0.145644735763934,0.0527015623235648,2.76357529725093,1,1,"Sptbn1"
"ENSMUSG00000020319.10",293.006618556381,-0.329986492589445,0.106772879058151,-3.09054598415135,0.999999999825327,1,"Wdpcp"
"ENSMUSG00000020321.17",6801.33294430398,0.0413372648111849,0.0619029956974263,0.667774868493216,1,1,"Mdh1"
"ENSMUSG00000020325.11",9.78660163096849,-0.0246200904377174,0.24990181230698,-0.0985190551858582,0.999973155883021,1,"Fstl3"
"ENSMUSG00000020326.8",10486.3187882887,-0.122045137243312,0.0786499714191967,-1.55175056063051,1,1,"Ccng1"
"ENSMUSG00000020328.11",2007.71643620822,0.323344665687852,0.0622786015611519,5.19190633030443,1,1,"Nudcd2"
"ENSMUSG00000020329.13",863.057040806868,0.108133330874515,0.118886830042692,0.909548440610991,0.999999999999969,1,"Polrmt"
"ENSMUSG00000020330.17",3250.50808896736,0.236089243283621,0.129490270786292,1.82321993652525,0.999999998175517,1,"Hmmr"
"ENSMUSG00000020331.11",359.94945593484,-0.587145683511943,0.13315518040359,-4.40948434550064,0.999034192542389,1,"Hcn2"
"ENSMUSG00000020334.7",47.0090749461598,-0.00782995485496531,0.322769616208256,-0.0242586490852141,0.999840474312704,1,"Slc22a4"
"ENSMUSG00000020335.14",80.6775824456045,-0.169170558899483,0.107926426739203,-1.56746187204245,0.999999999999993,1,"Zfp354b"
"ENSMUSG00000020340.17",5571.02633659062,-1.01202877422633,0.225127188954113,-4.49536450451842,0.47869424702245,1,"Cyfip2"
"ENSMUSG00000020346.17",2113.85566791613,0.447926367365205,0.0807312026547602,5.54836733054408,0.999999999995996,1,"Mgat1"
"ENSMUSG00000020349.5",13732.7226881497,-0.117097940088342,0.0276676953531982,-4.23229830289446,1,1,"Ppp2ca"
"ENSMUSG00000020358.18",20064.8930566682,-0.0483706833401006,0.0632294517809119,-0.765002415451957,1,1,"Hnrnpab"
"ENSMUSG00000020359.14",397.562122157949,0.353251387713171,0.0843294343444651,4.18894530076207,0.999999999999991,1,"Phykpl"
"ENSMUSG00000020361.14",12665.6637256792,0.0585383015565846,0.0517219532131023,1.13178830109911,1,1,"Hspa4"
"ENSMUSG00000020362.14",10540.3959048238,-0.0183734146420514,0.0849456339230036,-0.216296162539742,1,1,"Cnot6"
"ENSMUSG00000020363.7",1862.6666470554,0.264940054490131,0.152450012049642,1.73788149261582,0.999999288106671,1,"Gfpt2"
"ENSMUSG00000020364.15",356.677823052651,-0.08692961509307,0.0768164291649943,-1.13165394483976,1,1,"Zfp354a"
"ENSMUSG00000020366.19",3130.22688109421,0.118789576152657,0.0576121524300846,2.06188401477994,1,1,"Mapk9"
"ENSMUSG00000020368.16",40400.2989389542,0.305143760968567,0.0591772010347273,5.15644125834032,1,1,"Canx"
"ENSMUSG00000020372.16",26182.2356699521,0.58814307107221,0.112812512785414,5.21345599482344,0.999869292166214,1,"Rack1"
"ENSMUSG00000020375.10",793.800722337987,-0.197467797693052,0.0452754463045816,-4.36147655761637,1,1,"Rufy1"
"ENSMUSG00000020376.18",2752.59718189316,0.34263726901667,0.060856999968252,5.63020308584744,1,1,"Rnf130"
"ENSMUSG00000020380.17",1660.02126338307,0.012492520784252,0.0650618552409596,0.192009907156588,1,1,"Rad50"
"ENSMUSG00000020381.11",280.261037329698,-0.280044744456009,0.0857213304499842,-3.26692018177911,1,1,"Mrnip"
"ENSMUSG00000020385.17",1233.59894279144,0.352020034003573,0.0649091329687791,5.42327432062439,1,1,"Clk4"
"ENSMUSG00000020386.6",2239.46827383069,0.120653172495957,0.0475672425387636,2.53647607169227,1,1,"Sar1b"
"ENSMUSG00000020387.16",975.33740229817,0.895280142993122,0.181006669465197,4.94611687866706,0.718550681924299,1,"Jade2"
"ENSMUSG00000020388.13",28.7858215015219,-0.643576871873355,0.33260653271028,-1.93494958330824,0.858051850083432,1,"Pdlim4"
"ENSMUSG00000020389.20",398.265296225687,0.0818577493595465,0.0800513713666583,1.0225652348242,1,1,"Cdkl3"
"ENSMUSG00000020390.13",2837.21975372593,0.273456194834713,0.0586846099781597,4.65975994279392,1,1,"Ube2b"
"ENSMUSG00000020392.9",2064.38075691102,0.208010892290899,0.0461479515299147,4.5074783472471,1,1,"Cdkn2aipnl"
"ENSMUSG00000020393.17",4853.82483255904,0.531692669763483,0.136890387638835,3.88407600368752,0.99968808786471,1,"Kremen1"
"ENSMUSG00000020396.9",63.358126924902,-1.20186302476493,0.264583276450491,-4.54247540089641,0.222747493610266,1,"Nefh"
"ENSMUSG00000020397.16",1272.5902674485,-0.0480028508645729,0.0436012337865457,-1.10095166342255,1,1,"Med7"
"ENSMUSG00000020399.15",104.049616034284,-0.713198088213328,0.265893884745071,-2.68226585540737,0.859624312242828,1,"Havcr2"
"ENSMUSG00000020400.18",555.270209205662,-0.33600210755517,0.0654766230077435,-5.1316346524993,1,1,"Tnip1"
"ENSMUSG00000020402.12",18195.9239052619,0.466197650575614,0.0562553370905702,8.28717193223895,1,1,"Vdac1"
"ENSMUSG00000020407.14",241.67643430173,0.872260798345244,0.182972650159261,4.76716491555444,0.757452914544691,1,"Upp1"
"ENSMUSG00000020409.11",1929.95299921908,0.129085793738326,0.0549089282602895,2.35090718082147,1,1,"Slu7"
"ENSMUSG00000020411.3",17.5539835496095,-0.549793335406307,0.173416446379965,-3.17036444283768,0.995285587097146,1,"Nipal4"
"ENSMUSG00000020412.17",1740.64694917874,0.0202355770123978,0.0536422306992786,0.377232205831253,1,1,"Ascc2"
"ENSMUSG00000020413.12",936.037150011481,-0.195096016885174,0.0711853537696182,-2.74067636885778,1,1,"Hus1"
"ENSMUSG00000020415.17",611.625395047034,0.157889117164444,0.0899434672665418,1.75542618005318,1,1,"Pttg1"
"ENSMUSG00000020420.9",124.997134767021,-0.130457443426774,0.076391409056523,-1.70775019125838,1,1,"Zfp607a"
"ENSMUSG00000020422.15",6464.90665980281,0.0621716251844452,0.0866366498159417,0.717613450156809,1,1,"Tns3"
"ENSMUSG00000020430.13",3133.16759589242,0.266744547267341,0.0466765158558154,5.71474846347401,1,1,"Pes1"
"ENSMUSG00000020431.6",2873.45105646246,0.16975649693932,0.146205722566651,1.16107970303237,0.999999993209834,1,"Adcy1"
"ENSMUSG00000020432.13",2164.75716263436,0.723169999049333,0.111520633148501,6.48462960290367,0.993473517079269,1,"Tcn2"
"ENSMUSG00000020434.5",57.1296736225565,0.0064489623065284,0.15336627247854,0.0420494167479409,0.999999999980092,1,"4921536K21Rik"
"ENSMUSG00000020437.13",31.1042854092178,-0.617307737139706,0.332979956633805,-1.85388857449637,0.874783455472277,1,"Myo1g"
"ENSMUSG00000020439.19",2012.86692084768,1.02794063498293,0.107666051333257,9.54749080377401,0.397620102652363,1,"Smtn"
"ENSMUSG00000020440.15",2715.6157159499,0.148153283671218,0.0604343465361857,2.45147490065951,1,1,"Arf5"
"ENSMUSG00000020441.7",444.246894492669,-0.0903737330702426,0.0780112950670489,-1.15846984712366,1,1,"2310033P09Rik"
"ENSMUSG00000020444.21",890.656930987781,0.121620419910898,0.0520277031457835,2.33760886138128,1,1,"Guk1"
"ENSMUSG00000020447.6",9.72420071112117,-0.315714240926021,0.222370408589941,-1.41976732843177,0.998955345194824,1,"Npc1l1"
"ENSMUSG00000020448.17",1002.953749507,0.239235595030335,0.053479917705921,4.47337253482438,1,1,"Rnf185"
"ENSMUSG00000020451.18",1102.22211856728,-0.153551920877497,0.0765605574068612,-2.00562699748233,1,1,"Limk2"
"ENSMUSG00000020453.18",2145.53932817389,-0.252279987394345,0.0448233838106077,-5.62831196458312,1,1,"Patz1"
"ENSMUSG00000020454.18",2292.45570910009,-0.0740827034280041,0.05413287946713,-1.36853432068006,1,1,"Eif4enif1"
"ENSMUSG00000020455.17",640.219615680926,0.230522855154158,0.0722204943991898,3.19193128033674,1,1,"Trim11"
"ENSMUSG00000020456.18",6831.51672580859,0.290255226946149,0.0671965200712551,4.31949789421183,1,1,"Ogdh"
"ENSMUSG00000020457.14",2806.05069012855,-0.0118013335963333,0.0488165940161055,-0.24174840203804,1,1,"Drg1"
"ENSMUSG00000020458.17",14237.9499402573,0.00416280271944522,0.0608747947098998,0.0683830268222364,1,1,"Rtn4"
"ENSMUSG00000020459.15",1338.31160211764,0.0381198034429673,0.0335531446068353,1.13610226074613,1,1,"Mtif2"
"ENSMUSG00000020460.16",18336.5180191652,0.484199931653391,0.0797124234841652,6.0743345954044,0.999999999951245,1,"Rps27a"
"ENSMUSG00000020461.11",15.7354239828778,-0.14825642949966,0.202256565995004,-0.733011701105034,0.999987306158528,1,"Clhc1"
"ENSMUSG00000020462.15",1563.24892153412,-0.398376802712535,0.0646620769896245,-6.16090328766361,1,1,"Cfap36"
"ENSMUSG00000020463.16",3099.33599653822,-0.0871395051722165,0.0754323845220999,-1.15520019318343,1,1,"Ppp4r3b"
"ENSMUSG00000020464.16",2513.67757615453,-0.79426152314201,0.0545798750834525,-14.5522781414869,0.999918210370711,1,"Pnpt1"
"ENSMUSG00000020471.12",1710.36180372074,0.368640604917369,0.0844317406537364,4.36613768783003,0.999999999999962,1,"Pold2"
"ENSMUSG00000020472.15",2148.03423088523,0.250554810562147,0.0517071010011482,4.8456557360774,1,1,"Zkscan17"
"ENSMUSG00000020473.14",271.4206371664,-0.0202061939182086,0.292048022735335,-0.0691879154974462,0.999841601814195,1,"Aebp1"
"ENSMUSG00000020476.15",2988.33124632665,0.0821999210794062,0.057991855237545,1.41743906523943,1,1,"Dbnl"
"ENSMUSG00000020477.11",763.973622740749,0.174796043879633,0.0599199624895806,2.91715876674702,1,1,"Mrps24"
"ENSMUSG00000020482.5",990.61632624488,0.0281105985546617,0.0664457848640732,0.423060674385396,1,1,"Ccdc117"
"ENSMUSG00000020483.15",5502.55643249989,-0.722845926972333,0.0979178481024527,-7.38216720424667,0.997676056682448,1,"Dynll2"
"ENSMUSG00000020484.20",3148.1086852052,0.0899000725158317,0.0645541535277539,1.39263033597336,1,1,"Xbp1"
"ENSMUSG00000020485.15",771.323022448697,-0.274880086963232,0.0754254380622041,-3.64439496839959,1,1,"Supt4a"
"ENSMUSG00000020486.20",232.692350327565,-0.448530234690211,0.286753818877463,-1.56416481721514,0.972769427735931,1,"Septin4"
"ENSMUSG00000020491.16",44.6396674461865,-0.714786326828477,0.157365349162358,-4.54220913710179,0.965040106315075,1,"2810021J22Rik"
"ENSMUSG00000020492.12",2421.55891873188,-0.594748434319077,0.115432107262195,-5.15236573623448,0.999776565377743,1,"Ska2"
"ENSMUSG00000020493.9",3178.70070380619,-0.202395546753448,0.129261423020042,-1.56578460939631,0.999999999659576,1,"Prr11"
"ENSMUSG00000020495.14",988.203463527454,-0.317752247869776,0.0489292221907353,-6.49412015239314,1,1,"Smg8"
"ENSMUSG00000020496.11",4378.59682636778,-0.140678757050928,0.0396926058280221,-3.54420563014816,1,1,"Rnf187"
"ENSMUSG00000020513.16",291.792820376702,-0.543513148051599,0.0886580087031789,-6.13044614921642,0.999999868956321,1,"Tubd1"
"ENSMUSG00000020514.9",751.077138900593,0.0381484857691513,0.0549067917825642,0.694786282910551,1,1,"Mrpl22"
"ENSMUSG00000020515.14",1899.13059606251,0.106929963788486,0.0300563568840415,3.55764885947508,1,1,"Cnot8"
"ENSMUSG00000020516.16",2605.01978839775,-0.335229166850565,0.0622422951227152,-5.38587412610085,1,1,"Rps6kb1"
"ENSMUSG00000020519.6",436.742819405889,0.0397666748579747,0.0469420006538655,0.84714486609126,1,1,"Sap30l"
"ENSMUSG00000020520.15",2551.67172519978,-0.776670642087865,0.0831236793185342,-9.34355467004322,0.996392039237705,1,"Galnt10"
"ENSMUSG00000020521.8",1948.46394870097,0.194420339722839,0.0715982091386705,2.71543579178479,1,1,"Rnft1"
"ENSMUSG00000020522.14",2396.25934535857,-0.263281950287988,0.0751792842467226,-3.50205449447951,1,1,"Mfap3"
"ENSMUSG00000020523.15",1726.44431013725,0.104350315842073,0.0463781988082428,2.24998638419582,1,1,"Fam114a2"
"ENSMUSG00000020525.18",1203.0559837506,-0.689579041321511,0.0583976065955404,-11.808344237419,0.999999946859977,1,"Ppm1d"
"ENSMUSG00000020526.13",497.117259520014,-0.527769859642401,0.0652546493330786,-8.08785067480037,0.99999999999977,1,"Znhit3"
"ENSMUSG00000020527.15",616.972272781355,-0.246038311660999,0.0671584169241724,-3.663551389825,1,1,"Myo19"
"ENSMUSG00000020528.15",1603.60100817447,-0.335920290786124,0.044301991529053,-7.58250993221896,1,1,"Prpsap2"
"ENSMUSG00000020530.15",3806.01178441072,-0.238736433650727,0.0586249121526914,-4.07226936270586,1,1,"Ggnbp2"
"ENSMUSG00000020532.19",5701.97954612598,-0.342440631662258,0.14016775572124,-2.44307708217352,0.999998642171506,1,"Acaca"
"ENSMUSG00000020534.15",1122.33357407122,0.343245295570307,0.093098226045837,3.68691553157318,0.999999999999133,1,"Shmt1"
"ENSMUSG00000020536.13",3034.46506397513,0.0837694959448486,0.0557482715243988,1.50263844338539,1,1,"Llgl1"
"ENSMUSG00000020537.10",1962.1057652773,0.0736012342959499,0.0328320713863151,2.24174811969457,1,1,"Drg2"
"ENSMUSG00000020538.16",1246.49187249009,0.4290924788276,0.120457884819371,3.56217842834475,0.999998928653663,1,"Srebf1"
"ENSMUSG00000020541.13",339.378532060183,0.612401941563869,0.149350344613633,4.1004387579295,0.995273577841741,1,"Tom1l1"
"ENSMUSG00000020544.15",387.028883118852,0.0455464797456832,0.0514400636014655,0.885428138241756,1,1,"Cox11"
"ENSMUSG00000020546.15",1075.32961984868,-0.194027862581768,0.0882865957521867,-2.19770465639414,1,1,"Stxbp4"
"ENSMUSG00000020547.6",3178.68766303555,-0.436038312674525,0.0870681582279501,-5.00801121269785,0.999999999953293,1,"Bzw2"
"ENSMUSG00000020549.15",1192.66839463381,0.0490310631733442,0.0574893493287594,0.852872118850303,1,1,"Elac2"
"ENSMUSG00000020553.9",21.3272341518946,-0.395619625427102,0.308301276624807,-1.28322409092246,0.975025918872571,1,"Pctp"
"ENSMUSG00000020561.9",912.773394777812,0.173474755682647,0.0772037547316392,2.24697304277035,1,1,"Polr1f"
"ENSMUSG00000020564.18",354.976768320557,0.857348957617634,0.108357261961627,7.91224272463851,0.905994859560192,1,"Atxn7l1"
"ENSMUSG00000020570.16",2150.65856091245,0.24971509850788,0.0590102857923744,4.23172155760259,1,1,"Sypl1"
"ENSMUSG00000020571.14",12006.9698828374,0.120836966219639,0.0604438217422017,1.99916158073226,1,1,"Pdia6"
"ENSMUSG00000020572.9",4908.61409598773,0.17067761909595,0.0997189927381182,1.7115858715519,1,1,"Nampt"
"ENSMUSG00000020573.18",79.86409082569,1.02269627538577,0.298868812407543,3.4218902506,0.46973318005506,1,"Pik3cg"
"ENSMUSG00000020576.11",1852.05428188248,-0.130230239729208,0.0490614220895668,-2.65443263123231,1,1,"Nbas"
"ENSMUSG00000020580.11",6363.43159644803,0.318178623425133,0.0774954955004947,4.1057692627193,1,1,"Rock2"
"ENSMUSG00000020585.6",14777.4119030204,0.290059619866825,0.0798863276228582,3.63090441753927,1,1,"Laptm4a"
"ENSMUSG00000020589.18",1664.75132356679,-0.0651465436295617,0.0946639314850358,-0.688187598038434,1,1,"Cyria"
"ENSMUSG00000020590.17",3064.56779490642,0.0258448070455021,0.0777144164308098,0.332561295992129,1,1,"Snx13"
"ENSMUSG00000020591.12",86.4918185865895,-0.374031630118332,0.388135760259656,-0.963661863746106,0.946801264716001,1,"Ntsr2"
"ENSMUSG00000020592.16",2258.86768809449,0.560513750098662,0.111357355241621,5.03346859201594,0.999960370509124,1,"Sdc1"
"ENSMUSG00000020593.17",3870.5511510772,0.551614935286489,0.108402506961053,5.08858098166192,0.999982352305674,1,"Lpin1"
"ENSMUSG00000020594.15",9353.18738146432,-0.0314938132631647,0.0735710354985996,-0.428073535321712,1,1,"Pum2"
"ENSMUSG00000020598.17",4225.09354121346,0.172422438513014,0.142746507618692,1.20789251792831,0.999999996635119,1,"Nrcam"
"ENSMUSG00000020599.14",66.2345036532323,-1.1246977295406,0.232589043429283,-4.83555765550305,0.295934701977369,1,"Rgs9"
"ENSMUSG00000020601.9",12332.5316496747,0.0847426024059521,0.0798839091334868,1.06082192678311,1,1,"Trib2"
"ENSMUSG00000020604.14",363.556527471478,-0.021515409153434,0.161262141859122,-0.133418847755537,0.999999999470136,1,"Arsg"
"ENSMUSG00000020605.10",961.899023039688,0.113364594054151,0.0609769584206866,1.85913822188434,1,1,"Hs1bp3"
"ENSMUSG00000020607.8",561.284067823669,0.926565659362304,0.158630393085081,5.84103488204396,0.678291763198931,1,"Lratd1"
"ENSMUSG00000020608.8",3757.68433133091,-0.0359206044917968,0.0486185149846009,-0.738825620304817,1,1,"Smc6"
"ENSMUSG00000020610.18",2838.21512212916,-0.237214369915487,0.058313996870491,-4.0678804857488,1,1,"Amz2"
"ENSMUSG00000020611.15",7348.00479214362,0.291770672280077,0.0615871960031468,4.73752161512872,1,1,"Gna13"
"ENSMUSG00000020612.17",52797.8808651112,-0.188747310803431,0.0926507406701918,-2.03719160190325,1,1,"Prkar1a"
"ENSMUSG00000020614.14",119.865113914946,1.13115360459972,0.282348126790078,4.00623732645025,0.321141101638208,1,"Fam20a"
"ENSMUSG00000020620.15",643.182528841628,-0.342512659255844,0.101218443205192,-3.38389574478533,0.999999999958683,1,"Abca8b"
"ENSMUSG00000020621.7",593.3525393382,-0.00946657663921833,0.0634228099550894,-0.149261387912673,1,1,"Rdh14"
"ENSMUSG00000020627.11",278.248395278346,-1.23338856059813,0.216670796114819,-5.69245409494195,0.14070496710956,1,"Klhl29"
"ENSMUSG00000020628.17",1431.30861015751,-0.0960883425739415,0.0402034998094364,-2.39004920042777,1,1,"Trappc12"
"ENSMUSG00000020629.13",607.603897993298,0.145114132774612,0.0512736794919287,2.8301876169713,1,1,"Adi1"
"ENSMUSG00000020630.10",319.055992584712,-0.0208752439431766,0.0503408211553693,-0.414678256414377,1,1,"Rnaseh1"
"ENSMUSG00000020633.17",11.9032077327621,0.0733188905699814,0.183422879791449,0.399725981040885,0.999999784009539,1,"Dcdc2c"
"ENSMUSG00000020634.13",1055.38922557849,-0.318718291921831,0.0754688981972529,-4.22317404301832,1,1,"Ubxn2a"
"ENSMUSG00000020635.9",101.506219533142,-0.552643783367071,0.159817697453446,-3.4579636183787,0.997438258073163,1,"Fkbp1b"
"ENSMUSG00000020639.15",302.902787677069,-0.244063248900807,0.0727733042827341,-3.35374697227692,1,1,"Pfn4"
"ENSMUSG00000020640.11",2164.14637307516,0.0956805114165871,0.0637659652864628,1.50049498955675,1,1,"Itsn2"
"ENSMUSG00000020642.14",3291.86345216417,-1.01439728534705,0.102170983329517,-9.92842832955283,0.443969082544139,1,"Rnf144a"
"ENSMUSG00000020644.10",5815.11223231933,-0.170037770911717,0.0670616961103517,-2.53554235538445,1,1,"Id2"
"ENSMUSG00000020646.18",3470.18798956007,0.0068910576658765,0.0705480708787009,0.0976788958230319,1,1,"Mboat2"
"ENSMUSG00000020647.11",4760.2852967877,0.408679072826777,0.0652375471252048,6.26447637650193,1,1,"Ncoa1"
"ENSMUSG00000020648.4",359.614363214012,0.0454455451738576,0.0733012703420892,0.619983050249581,1,1,"Dus4l"
"ENSMUSG00000020649.12",6637.47410793195,-0.223610403054646,0.1466018202444,-1.52529076843565,0.999999940786429,1,"Rrm2"
"ENSMUSG00000020650.16",1626.42301250897,0.139088157165948,0.0407977605619309,3.40921058534114,1,1,"Bcap29"
"ENSMUSG00000020652.18",325.654914587964,0.105305613035629,0.0790650561447457,1.33188564165242,1,1,"Cenpo"
"ENSMUSG00000020653.13",719.543833366667,-0.390405659149167,0.101507009559041,-3.84609556369691,0.999999999045936,1,"Klf11"
"ENSMUSG00000020654.16",975.288184138236,0.0513921205761071,0.0611107882499486,0.840966416042757,1,1,"Adcy3"
"ENSMUSG00000020656.17",125.15016005727,0.201426120986662,0.143636024327472,1.40233706641333,0.999999986488426,1,"Grhl1"
"ENSMUSG00000020657.17",659.810392269678,0.140828295185408,0.087280568902972,1.61351257164655,1,1,"Dnajc27"
"ENSMUSG00000020658.11",871.384158698543,-0.680502389487096,0.11669975301047,-5.83122390521293,0.996907176511733,1,"Efr3b"
"ENSMUSG00000020659.18",1231.12850139996,-0.0815358453971906,0.0427906456596602,-1.90545957276958,1,1,"Cbll1"
"ENSMUSG00000020661.17",5965.95461602089,-0.0330682006386488,0.0894670655075046,-0.369613113507953,1,1,"Dnmt3a"
"ENSMUSG00000020664.11",5479.63242497843,0.301362576712278,0.0483394213166891,6.2343025320461,1,1,"Dld"
"ENSMUSG00000020668.11",2975.36697620061,-0.118129032520236,0.0743082140623554,-1.58971701864761,1,1,"Kif3c"
"ENSMUSG00000020669.16",147.030179709483,-0.777808878869378,0.110084586931814,-7.06555659196093,0.978223484391641,1,"Sh3yl1"
"ENSMUSG00000020671.10",10168.0263782145,-0.0556472577521904,0.0310120241127054,-1.79437683751162,1,1,"Rab10"
"ENSMUSG00000020674.18",6334.9758979386,0.895534235521274,0.080207248822574,11.1652531244686,0.903618344998748,1,"Pxdn"
"ENSMUSG00000020677.8",1818.05681067852,-0.36229177611552,0.0472986587347509,-7.65966278551868,1,1,"Ddx52"
"ENSMUSG00000020680.16",4620.23648138692,-0.195236615202615,0.0492075166852286,-3.96761772091666,1,1,"Taf15"
"ENSMUSG00000020681.15",516.776290122123,-0.261342846547462,0.156388323901645,-1.67111482511843,0.999998839327888,1,"Ace"
"ENSMUSG00000020684.15",804.545468363968,-1.03813359038453,0.137746797651729,-7.53653520867531,0.390952132402915,1,"Rasl10b"
"ENSMUSG00000020687.14",5937.03783676428,-0.182157468735609,0.0787206170060713,-2.31397409806328,1,1,"Cdc27"
"ENSMUSG00000020689.5",192.266038214219,-0.758174557820378,0.115635173601082,-6.55660846271506,0.981748481798293,1,"Itgb3"
"ENSMUSG00000020691.14",868.356625164941,-0.0673067758910845,0.05876403452019,-1.14537363611342,1,1,"Mettl2"
"ENSMUSG00000020692.15",434.821354206588,-0.211682889369278,0.0599605301334383,-3.53037054372586,1,1,"Nle1"
"ENSMUSG00000020694.18",3431.44749271375,-0.0896436665856532,0.0487814792616109,-1.83765781486252,1,1,"Tlk2"
"ENSMUSG00000020695.15",51.457634348616,-0.105112129330323,0.189522144443833,-0.554616610311065,0.99999883398857,1,"Mrc2"
"ENSMUSG00000020696.19",433.082022092991,-0.189663208489079,0.0756006302044628,-2.50875168601283,1,1,"Rffl"
"ENSMUSG00000020697.18",2692.17983159542,-0.303788833677262,0.0642851212616254,-4.72564767266927,1,1,"Lig3"
"ENSMUSG00000020698.12",11.0595649268109,0.246950178533177,0.171951404943769,1.43616261009285,0.999994050601426,1,"Cct6b"
"ENSMUSG00000020700.12",999.955942708384,0.112458604162391,0.0596916677185454,1.88399166015346,1,1,"Map3k3"
"ENSMUSG00000020705.7",5052.11568221837,-0.269869884514086,0.0472922524195065,-5.70642908103006,1,1,"Ddx42"
"ENSMUSG00000020706.14",3260.83682361322,-0.172320675827987,0.0660055041570871,-2.61070160782166,1,1,"Ftsj3"
"ENSMUSG00000020707.7",228.605946225928,0.250633915316772,0.075156964446725,3.33480625730212,1,1,"Rnf135"
"ENSMUSG00000020708.13",4755.89447489181,-0.301640664172549,0.0606221018349374,-4.97575397490934,1,1,"Psmc5"
"ENSMUSG00000020709.16",38.5250108710507,-0.272110068007855,0.386259666497032,-0.70447445490648,0.970743348356438,1,"Adap2"
"ENSMUSG00000020712.12",12.7056986671049,0.58404006331574,0.177719382396253,3.28630482191037,0.990372151195303,1,"Tcam1"
"ENSMUSG00000020715.10",749.328365429849,0.335791682027864,0.0638759881819905,5.25693130681834,1,1,"Ern1"
"ENSMUSG00000020716.17",7057.53911302197,-0.308406409731165,0.0577416582454938,-5.34114223772285,1,1,"Nf1"
"ENSMUSG00000020717.20",98.4815835193787,-0.0260186501644478,0.126629135899034,-0.205471276256623,0.999999999999993,1,"Pecam1"
"ENSMUSG00000020718.13",242.908770874436,0.0561494718734883,0.0933118746902768,0.601739832790425,1,1,"Polg2"
"ENSMUSG00000020719.15",42238.0444020984,-0.235136222663816,0.0593981447259709,-3.9586459097098,1,1,"Ddx5"
"ENSMUSG00000020720.14",4705.36033209708,-0.120807673154572,0.0607979076920618,-1.98703668827645,1,1,"Psmd12"
"ENSMUSG00000020721.17",4010.05752287295,-0.142225369954871,0.0963959903959702,-1.47542827632815,1,1,"Helz"
"ENSMUSG00000020723.4",4880.5634524371,-1.00087002905278,0.127212362721077,-7.86771039892771,0.49727158067744,1,"Cacng4"
"ENSMUSG00000020733.4",1245.07982302186,0.4933216309596,0.107272109015312,4.59878747130051,0.999998839760112,1,"Nherf1"
"ENSMUSG00000020734.14",46.9049375470131,0.535308690971763,0.331746313979424,1.6136085569438,0.919356368709288,1,"Grin2c"
"ENSMUSG00000020736.13",1341.2195284406,-0.170531553597597,0.0624391415008983,-2.73116429051388,1,1,"Nt5c"
"ENSMUSG00000020737.13",6467.09945097351,-0.341259329284395,0.0861215444134226,-3.96253146188595,0.99999999999999,1,"Jpt1"
"ENSMUSG00000020738.17",13538.3350730081,-0.279711815995131,0.0756000130659501,-3.69989110651506,1,1,"Sumo2"
"ENSMUSG00000020739.12",2506.79145026189,-0.237140356819556,0.11075119390185,-2.14119910102021,0.999999999997172,1,"Nup85"
"ENSMUSG00000020740.14",1376.90502510232,-0.430591444920484,0.223201234778146,-1.92916246788901,0.994630816650065,1,"Gga3"
"ENSMUSG00000020741.18",3417.50497914407,0.127020887044497,0.0843072177054113,1.50664309061102,1,1,"Cluh"
"ENSMUSG00000020743.16",726.910248671022,0.16217846520069,0.0908797201117065,1.78453966408947,1,1,"Mif4gd"
"ENSMUSG00000020744.14",614.03512253164,-0.0943093033683043,0.0782054262275932,-1.20591764430573,1,1,"Slc25a19"
"ENSMUSG00000020745.16",13354.0294203757,-0.378319500420984,0.112876948568234,-3.35160991876293,0.999999981811528,1,"Pafah1b1"
"ENSMUSG00000020747.19",2806.48969154624,0.0937679875684967,0.0821236241202303,1.141790667095,1,1,"Tmem94"
"ENSMUSG00000020752.12",992.829353680188,-0.0902995884940779,0.0891649550272382,-1.01272510558092,1,1,"Recql5"
"ENSMUSG00000020755.10",2005.24869316207,-0.137387046563709,0.0802916743295216,-1.71109953442825,1,1,"Sap30bp"
"ENSMUSG00000020758.16",55.3731214830389,0.806112462308143,0.208578862599804,3.86478501349782,0.823701731643723,1,"Itgb4"
"ENSMUSG00000020766.5",2646.94760053298,0.340484752323336,0.0936006905345357,3.6376307736502,0.99999999999908,1,"Galk1"
"ENSMUSG00000020770.14",2000.05682649235,0.0925889273503719,0.0691223683800738,1.33949298208744,1,1,"Unk"
"ENSMUSG00000020773.12",29.744333177961,0.619375041310177,0.248724667403167,2.49020351610807,0.937029551744846,1,"Trim47"
"ENSMUSG00000020775.14",1767.10799867657,0.201693704167882,0.0795186017107909,2.5364342409018,1,1,"Mrpl38"
"ENSMUSG00000020776.19",2860.26642053232,0.0986198772062396,0.0574988792617424,1.71516172962796,1,1,"Fbf1"
"ENSMUSG00000020777.17",8258.8147247171,-0.292467067757869,0.0631865080503821,-4.62863159845246,1,1,"Acox1"
"ENSMUSG00000020778.13",693.628638372956,-0.246733775638002,0.0597805966695635,-4.12732206407742,1,1,"Ten1"
"ENSMUSG00000020780.16",5012.58880936125,0.0907720003851242,0.0600826694251154,1.51078507752154,1,1,"Srp68"
"ENSMUSG00000020781.15",368.432176936691,-0.201512325968193,0.0856286978744139,-2.35332699165574,1,1,"Tsen54"
"ENSMUSG00000020783.15",1202.4703331424,-0.116010699737233,0.0569373426777096,-2.03751517512688,1,1,"Ncbp3"
"ENSMUSG00000020785.18",264.943897730898,-0.619059645686407,0.142603672296904,-4.34111994253213,0.99622234556312,1,"Camkk1"
"ENSMUSG00000020787.15",9.80950295681998,0.875880537207838,0.27865616856843,3.14323038929155,0.67199242958439,1,"P2rx1"
"ENSMUSG00000020788.16",53.5841117605861,0.727603030873587,0.244625041393964,2.9743603791641,0.867259254488708,1,"Atp2a3"
"ENSMUSG00000020790.15",4279.98382705331,-0.0506214331901336,0.0736608412460668,-0.687223120640597,1,1,"Ankfy1"
"ENSMUSG00000020792.16",2445.87104449375,-0.2378986190734,0.0493331082903961,-4.82229130329728,1,1,"Exoc7"
"ENSMUSG00000020794.14",2935.50616686337,0.069502871319983,0.0326782311866243,2.12688596647273,1,1,"Ube2g1"
"ENSMUSG00000020798.15",9.15384138991552,0.333658562969693,0.291897626024967,1.14306706605813,0.988781126468235,1,"Spns3"
"ENSMUSG00000020801.9",330.937172888516,0.021003948384767,0.0582706313992088,0.360455136325366,1,1,"Med31"
"ENSMUSG00000020802.9",2664.63784773481,-0.234660814075709,0.0684794366642163,-3.42673400230131,1,1,"Ube2o"
"ENSMUSG00000020803.4",2069.42435044005,0.485255387925151,0.0542893110505086,8.93832282147932,1,1,"Txndc17"
"ENSMUSG00000020805.15",23.5470187360062,-0.681261478897165,0.274251279788214,-2.48407766564757,0.877425610467126,1,"Slc13a5"
"ENSMUSG00000020806.16",29.2187507250062,0.335217565443944,0.264562854330141,1.2670620986937,0.994010651060805,1,"Rhbdf2"
"ENSMUSG00000020807.16",204.837350816903,-0.142441629124168,0.230755724369435,-0.617283187723318,0.999899290159651,1,"4933427D14Rik"
"ENSMUSG00000020808.4",1600.79501481248,0.20244801375575,0.115551270573684,1.7520189328135,0.999999999997439,1,"Pimreg"
"ENSMUSG00000020811.17",8983.3451805631,0.126953807728117,0.0898805128441425,1.41247311247836,1,1,"Wscd1"
"ENSMUSG00000020812.21",336.32942472907,0.108914131770913,0.140791700328595,0.773583467752132,0.99999999987671,1,"Snhg16"
"ENSMUSG00000020814.14",1824.6023350576,0.720941468601643,0.0629329740051753,11.4557031508213,0.99999537964748,1,"Mxra7"
"ENSMUSG00000020817.17",3698.12986837714,-0.0925740430512238,0.064262558380079,-1.44055956352838,1,1,"Rabep1"
"ENSMUSG00000020818.17",1254.70448866992,0.0994460344491209,0.0856801643924122,1.16066577549573,1,1,"Mfsd11"
"ENSMUSG00000020821.18",4966.54146768755,0.257566256872204,0.0728761227086884,3.53430242031108,1,1,"Kif1c"
"ENSMUSG00000020823.17",4341.32905202663,0.12086511114476,0.0748700809179061,1.61433124771545,1,1,"Sec14l1"
"ENSMUSG00000020826.10",53.8992444245203,0.356187612246368,0.257690217291942,1.38223179750296,0.993762246029018,1,"Nos2"
"ENSMUSG00000020827.19",1829.87463356903,0.0308423264984248,0.082917050603603,0.371966034415178,1,1,"Mink1"
"ENSMUSG00000020828.14",34.6952069676068,-0.146344367172776,0.325044849450792,-0.450228229796734,0.99589405354594,1,"Pld2"
"ENSMUSG00000020829.10",233.859497117054,-0.673720701287824,0.0713749001319289,-9.43918240225237,0.999997576982577,1,"Slc46a1"
"ENSMUSG00000020831.19",905.766909381922,0.0876048610264464,0.0709273493395003,1.23513513253002,1,1,"0610010K14Rik"
"ENSMUSG00000020832.15",865.468876202377,-0.384959170122391,0.0468114042608259,-8.22361935517802,1,1,"Eral1"
"ENSMUSG00000020834.18",767.104515455534,-0.452191458190628,0.0723981451439508,-6.24589838995911,0.999999999999981,1,"Dhrs13"
"ENSMUSG00000020840.11",3917.85819107972,-0.366632006312514,0.0894063907240024,-4.10073601387519,0.9999999999993,1,"Blmh"
"ENSMUSG00000020841.6",14814.8661469989,0.0651665353018639,0.0597510326606853,1.09063446102986,1,1,"Cpd"
"ENSMUSG00000020843.16",894.660192033143,-0.330492128091673,0.0570261145206161,-5.79545232688426,1,1,"Timm22"
"ENSMUSG00000020844.7",1318.21960947851,-0.28325819209535,0.141512123745751,-2.00165317711059,0.999999795670264,1,"Nxn"
"ENSMUSG00000020846.7",1381.73874981902,0.269865910220582,0.175312405905649,1.53934291658641,0.999984415985089,1,"Rflnb"
"ENSMUSG00000020847.16",10.5658191382968,-0.132337254889515,0.216385944873292,-0.611579716820366,0.999969697351172,1,"Rph3al"
"ENSMUSG00000020849.14",38675.9679998245,-0.483328379412351,0.0660260671617002,-7.32026607352915,0.999999999999997,1,"Ywhae"
"ENSMUSG00000020850.15",16826.2815200136,-0.293958445115478,0.0771332042108087,-3.811049315572,1,1,"Prpf8"
"ENSMUSG00000020857.12",9934.65674060951,-0.0119653139370992,0.0845591350061871,-0.141502321851136,1,1,"Nme2"
"ENSMUSG00000020859.18",16084.4658332238,-0.256157198211193,0.0890688213581744,-2.87594687237526,1,1,"Spag9"
"ENSMUSG00000020863.16",5001.34968266712,-0.125075440910893,0.0735951558018751,-1.6995064355541,1,1,"Luc7l3"
"ENSMUSG00000020864.14",4478.27175337767,0.0119083963347344,0.0527212970964235,0.225874494570094,1,1,"Ankrd40"
"ENSMUSG00000020865.17",76.0610741419826,-0.962807053592341,0.361639222185362,-2.66234134609117,0.540957209923027,1,"Abcc3"
"ENSMUSG00000020868.16",1428.19237011887,0.333802860025739,0.0621695975369484,5.36922986878522,1,1,"Xylt2"
"ENSMUSG00000020869.9",9141.90447229457,0.224657378705301,0.0649142314621174,3.46083399040788,1,1,"Lrrc59"
"ENSMUSG00000020871.9",14.1864733165924,-0.134109088431396,0.354031751344296,-0.378805256653306,0.993452496384765,1,"Dlx4"
"ENSMUSG00000020873.16",1947.24961467888,-0.404680121127375,0.0585624861318181,-6.91022782428468,1,1,"Slc35b1"
"ENSMUSG00000020876.15",533.485825536484,-0.478558354575305,0.0734627694541221,-6.51429776104708,0.999999999999367,1,"Snx11"
"ENSMUSG00000020877.12",290.932551283141,-0.25980705686436,0.0713541893694665,-3.64109044136286,1,1,"Scrn2"
"ENSMUSG00000020878.7",33.8814926369101,-0.0304653497336488,0.119581161623496,-0.254767133217601,1,1,"Lrrc46"
"ENSMUSG00000020882.19",372.526928670811,-0.458986488903912,0.107252932025655,-4.27947730877998,0.999999772380438,1,"Cacnb1"
"ENSMUSG00000020883.19",1966.37827607214,0.0269083147953198,0.106034070743914,0.253770458933967,1,1,"Fbxl20"
"ENSMUSG00000020886.18",4267.51270207575,0.127084681403002,0.093316957830901,1.36186052735765,1,1,"Dlg4"
"ENSMUSG00000020888.17",1176.23689804639,0.20781592613899,0.0453423810976695,4.58326010033186,1,1,"Dvl2"
"ENSMUSG00000020893.18",2318.70688733062,0.871069666442143,0.140022848041763,6.22091093435224,0.821417528721152,1,"Per1"
"ENSMUSG00000020894.18",4277.12859185232,-0.201619730218936,0.0882406230709053,-2.28488561393005,1,1,"Vamp2"
"ENSMUSG00000020895.15",189.485987287347,0.385182425982698,0.0874774683106175,4.40321871930474,0.999999999998955,1,"Tmem107"
"ENSMUSG00000020897.13",2214.56580846138,-0.105463941109733,0.138402676953013,-0.762007957010376,0.999999999948774,1,"Aurkb"
"ENSMUSG00000020898.19",2603.97361223494,0.183010373426735,0.067185613955592,2.72395179044878,1,1,"Ctc1"
"ENSMUSG00000020899.17",2066.46176410857,0.088921476053142,0.0430794113265578,2.06412932105976,1,1,"Pfas"
"ENSMUSG00000020900.16",7121.38150819064,-0.46096437782475,0.0760508594970417,-6.06126453893242,0.999999999999319,1,"Myh10"
"ENSMUSG00000020901.14",31.3115329154386,0.0236701234326166,0.360919741544949,0.0655827894902465,0.998868083188138,1,"Pik3r5"
"ENSMUSG00000020902.13",9490.77550080864,-0.106249896343639,0.123228123894931,-0.862221163362286,0.999999999999796,1,"Ntn1"
"ENSMUSG00000020903.14",763.021698421146,0.137326475390897,0.0467325916511412,2.93855894866775,1,1,"Stx8"
"ENSMUSG00000020908.16",26.9667129427296,-0.524338300753469,0.226947298008388,-2.31039675446627,0.981955027192407,1,"Myh3"
"ENSMUSG00000020910.17",295.149659731428,-0.0326911332421216,0.0523601623883784,-0.624351257729819,1,1,"Adprm"
"ENSMUSG00000020914.18",30061.8658002486,-0.122299673934722,0.14172341320039,-0.862946151048419,0.999999999704948,1,"Top2a"
"ENSMUSG00000020917.18",11634.4601777204,-0.304246519976299,0.0917946924108894,-3.3144238733808,0.999999999999983,1,"Acly"
"ENSMUSG00000020918.15",2698.31795533006,-0.237340097617638,0.041397175021852,-5.73324381415773,1,1,"Kat2a"
"ENSMUSG00000020919.12",1895.9373064158,0.226493437959921,0.0590250497655353,3.83724264290533,1,1,"Stat5b"
"ENSMUSG00000020921.7",1324.39092438397,0.0987660012259906,0.0743412174482099,1.32854968772601,1,1,"Tmem101"
"ENSMUSG00000020922.12",3637.42023268827,-0.237339237415325,0.0670062612397855,-3.54204566892628,1,1,"Lsm12"
"ENSMUSG00000020923.18",6280.0830713134,-0.0788525585811154,0.0568175031739504,-1.38782160736109,1,1,"Ubtf"
"ENSMUSG00000020925.18",1688.18880542886,-0.147825028067745,0.0636642958709212,-2.32194554334597,1,1,"Ccdc43"
"ENSMUSG00000020926.17",394.4867919685,-1.15037245621082,0.253089267968202,-4.54532294255698,0.276206599032487,1,"Adam11"
"ENSMUSG00000020929.15",6853.81185618837,-0.363008515031083,0.113752537845792,-3.19121245033842,0.99999998927005,1,"Eftud2"
"ENSMUSG00000020930.10",22.1954021859853,-0.449444922498955,0.159569421587887,-2.81661058883648,0.999719970606692,1,"Ccdc103"
"ENSMUSG00000020932.15",6348.12593395947,-1.22320866870738,0.260433535099531,-4.69681705253472,0.195704268225177,1,"Gfap"
"ENSMUSG00000020935.9",4106.70015323739,-0.711739018377835,0.0760210777481109,-9.36239052984909,0.999925237201737,1,"Dcakd"
"ENSMUSG00000020936.9",6151.61358338901,-0.0767156655108769,0.0578032942465332,-1.32718500754787,1,1,"Nmt1"
"ENSMUSG00000020937.15",23.7178597012424,0.220621484950469,0.193321385453467,1.14121613826098,0.999972291180936,1,"Plcd3"
"ENSMUSG00000020940.15",11.5558208071487,0.327249005721306,0.218491048858271,1.49776847807429,0.998961789272153,1,"Efcab15"
"ENSMUSG00000020941.8",210.49226505325,-0.160010126857582,0.0784743049751083,-2.03901298531203,1,1,"Map3k14"
"ENSMUSG00000020946.14",4255.80162582305,-0.300781055488351,0.0543012081250037,-5.53912271704785,1,1,"Gosr2"
"ENSMUSG00000020948.10",1034.89425245345,-0.269131519208935,0.0707292587926402,-3.80509457900526,1,1,"Klhl28"
"ENSMUSG00000020949.10",3760.57781992644,0.193660011006166,0.0459329929191148,4.21614179043785,1,1,"Fkbp3"
"ENSMUSG00000020950.11",877.288989710392,-0.0265993192335406,0.173084489531093,-0.15367823717539,0.999999992166056,1,"Foxg1"
"ENSMUSG00000020952.11",1900.00483392744,-0.0196141110735765,0.0351336587111699,-0.558271235991163,1,1,"Scfd1"
"ENSMUSG00000020954.17",2866.28316668386,0.0122216802741494,0.0422526086625123,0.289252679562786,1,1,"Strn3"
"ENSMUSG00000020955.10",449.67491953742,-0.20508530521497,0.0622620249218428,-3.2939067669645,1,1,"Ap4s1"
"ENSMUSG00000020956.15",534.619478321556,0.123275816362991,0.0580691960199974,2.12291240127619,1,1,"Dtd2"
"ENSMUSG00000020961.16",389.788132966078,-0.340961584345501,0.150167179757788,-2.2705466327293,0.999994298438072,1,"Ston2"
"ENSMUSG00000020962.15",3021.32703329386,0.0870101945345959,0.0406579825396753,2.14005194305174,1,1,"Gtf2a1"
"ENSMUSG00000020963.16",20.2466779767126,-0.94789913842475,0.168244868776771,-5.63404486161438,0.621595109916203,1,"Tshr"
"ENSMUSG00000020964.16",8767.51779605284,0.165213657079331,0.0827792225765179,1.99583484764687,1,1,"Sel1l"
"ENSMUSG00000020973.8",242.763882726435,-0.0966506218436054,0.0740281208145187,-1.30559334453144,1,1,"Dnaaf2"
"ENSMUSG00000020974.7",581.859554869506,-0.0655663198186026,0.105013245216381,-0.62436238098825,1,1,"Pole2"
"ENSMUSG00000020978.11",3619.03811744107,0.0768900770868221,0.0287458527749153,2.6748233106488,1,1,"Klhdc2"
"ENSMUSG00000020982.10",2786.84489573239,0.133630202091579,0.0548273405127488,2.4372913375309,1,1,"Nemf"
"ENSMUSG00000020986.14",4250.60139604843,0.0588161358404826,0.0536369544586249,1.09655994517461,1,1,"Sec23a"
"ENSMUSG00000020988.10",771.686572832478,0.133171957289595,0.0681598238102264,1.95381897788319,1,1,"L2hgdh"
"ENSMUSG00000020993.10",1315.44062960626,0.32565647056826,0.0447699617285375,7.27399483928257,1,1,"Trappc6b"
"ENSMUSG00000020994.6",3510.65447827586,-0.251646446704096,0.0688371298127214,-3.65567895391232,1,1,"Pnn"
"ENSMUSG00000021000.18",1640.97191088898,0.205885716905913,0.0422850172479755,4.86899924146939,1,1,"Mia2"
"ENSMUSG00000021003.11",2211.21125181489,0.281163446080808,0.0788411762372369,3.56620055026543,1,1,"Galc"
"ENSMUSG00000021007.15",371.950104743744,-0.086054210014523,0.0594717568301751,-1.44697608749403,1,1,"Spata7"
"ENSMUSG00000021009.16",754.526757785939,0.621868959331593,0.0827928783849032,7.51114070995975,0.999997528503738,1,"Ptpn21"
"ENSMUSG00000021010.10",5015.82418863539,0.206101606034206,0.151389823600667,1.36139669848521,0.999999921462486,1,"Npas3"
"ENSMUSG00000021012.17",5189.03470363262,0.113322541655871,0.0531078606241334,2.13381861600305,1,1,"Zc3h14"
"ENSMUSG00000021013.17",434.380666510182,-0.356616733105579,0.0782185916415912,-4.55923234644327,1,1,"Ttc8"
"ENSMUSG00000021018.9",655.317114891368,-0.0152645191797292,0.0664035373172782,-0.229875090942743,1,1,"Polr2h"
"ENSMUSG00000021022.10",1178.5633948237,-0.165619320341795,0.0446706693662311,-3.70756298688901,1,1,"Ppp2r3c"
"ENSMUSG00000021023.15",568.85885424461,0.165370087422533,0.0660502275323231,2.50370200983192,1,1,"Prorp"
"ENSMUSG00000021024.15",5181.25289519334,0.213606116498673,0.0439155616450813,4.86401877824095,1,1,"Psma6"
"ENSMUSG00000021025.9",1050.75009532867,0.286330870006833,0.119549647786814,2.39507916006101,0.999999998811159,1,"Nfkbia"
"ENSMUSG00000021027.19",3363.43161372941,-0.103210277424616,0.051528030774814,-2.00299285403827,1,1,"Ralgapa1"
"ENSMUSG00000021028.9",576.618016581501,-0.0785842401524763,0.0501945796456513,-1.56559215571167,1,1,"Mbip"
"ENSMUSG00000021033.12",1108.67209953103,0.423204478423571,0.0450337998571015,9.39748543908035,1,1,"Gstz1"
"ENSMUSG00000021036.11",1566.09663417269,0.166475339918366,0.0424943652571692,3.91758622374716,1,1,"Sptlc2"
"ENSMUSG00000021037.8",3084.37592476084,-0.0349574045132288,0.0486855973315438,-0.718023531172322,1,1,"Ahsa1"
"ENSMUSG00000021038.18",1598.56569457897,-0.0935774207256654,0.0408334876754327,-2.29168327401937,1,1,"Vipas39"
"ENSMUSG00000021039.10",2960.44419220669,-0.0325811535630853,0.028244664613917,-1.15353303034201,1,1,"Snw1"
"ENSMUSG00000021040.16",1072.24560958296,0.298276651129341,0.0806750474089977,3.69726031417336,1,1,"Slirp"
"ENSMUSG00000021044.16",600.535713663213,-0.0682872007128515,0.0448568163016465,-1.52233721300335,1,1,"Adck1"
"ENSMUSG00000021047.8",5223.56141494922,-0.149283681918209,0.107136022880887,-1.39340324480947,0.999999999999999,1,"Nova1"
"ENSMUSG00000021048.8",2765.63634298702,-0.0851315696683766,0.0615307167253198,-1.38356213285169,1,1,"Mthfd1"
"ENSMUSG00000021051.11",2891.00959231158,-0.235527957886614,0.0655625542931213,-3.59241582982873,1,1,"Ppp2r5e"
"ENSMUSG00000021054.7",2725.05456895478,-0.155731231299282,0.0527889676989724,-2.95007154122306,1,1,"Sgpp1"
"ENSMUSG00000021057.16",136.930294262975,-0.741721970293219,0.1811363761201,-4.09482615353544,0.923047945451665,1,"Akap5"
"ENSMUSG00000021061.16",477.036664017712,0.155627268882798,0.232799166600948,0.668504407275504,0.999857002745595,1,"Sptb"
"ENSMUSG00000021062.16",310.984312976721,-0.867318849593624,0.14879014039763,-5.82914195306074,0.813732099408968,1,"Rab15"
"ENSMUSG00000021066.10",373.991626512006,-0.201925147857451,0.118428225286038,-1.70504242016415,0.99999999999202,1,"Atl1"
"ENSMUSG00000021067.9",2514.77967240519,0.112879305866453,0.0363799823873271,3.10278616038511,1,1,"Sav1"
"ENSMUSG00000021068.18",3280.11142452338,-0.0111305034785534,0.0875928438741533,-0.127070922535006,1,1,"Nin"
"ENSMUSG00000021069.18",149.248270348746,-0.335344694871485,0.231727158683605,-1.44715318125208,0.997936367183037,1,"Pygl"
"ENSMUSG00000021071.18",18973.8507671844,0.501977528125765,0.117134987044836,4.28546193404729,0.999989392160934,1,"Trim9"
"ENSMUSG00000021072.13",4857.90944551726,0.108762335618848,0.0593102538996112,1.83378637702243,1,1,"Tmx1"
"ENSMUSG00000021076.7",3734.9772311724,0.194034261353883,0.0324785528536281,5.97422743027813,1,1,"Actr10"
"ENSMUSG00000021079.17",762.410616986796,0.090899994742876,0.0620242052010574,1.46555678461683,1,1,"Timm9"
"ENSMUSG00000021087.19",2988.81381735931,-0.661722505683778,0.125195819729014,-5.28550000404226,0.99655367853984,1,"Rtn1"
"ENSMUSG00000021090.17",15.5653524366219,0.767890760118605,0.248440469338207,3.09084410508522,0.824916398089413,1,"Lrrc9"
"ENSMUSG00000021091.9",3725.73657825587,1.021570293872,0.191414829094119,5.3369443668844,0.455138668497277,1,"Serpina3n"
"ENSMUSG00000021094.11",1347.92498998515,0.327780466813084,0.063276076905242,5.18016417648562,1,1,"Dhrs7"
"ENSMUSG00000021095.6",93.1413110738467,-0.105696599302695,0.111271136387885,-0.949901319729881,1,1,"Gsc"
"ENSMUSG00000021096.12",5153.68711982801,-0.0619397877140183,0.0637578782686221,-0.971484456447188,1,1,"Ppm1a"
"ENSMUSG00000021097.16",439.020158253597,0.684804969668926,0.173722723142119,3.94194240847067,0.965188605594332,1,"Clmn"
"ENSMUSG00000021102.5",1189.07268424252,0.376756190567296,0.0599148024923693,6.28819882390967,1,1,"Glrx5"
"ENSMUSG00000021103.13",1459.47124836261,-0.0223061968725236,0.0718860107479106,-0.310299551198449,1,1,"Mnat1"
"ENSMUSG00000021108.19",353.034271794317,-1.21137863811789,0.17927834527798,-6.75697132433697,0.119188572394016,1,"Prkch"
"ENSMUSG00000021109.14",11057.201167385,0.409596925881989,0.0794047989414597,5.15833968906539,0.999999999999948,1,"Hif1a"
"ENSMUSG00000021111.16",9034.44128308567,0.156305985269139,0.0538213531495255,2.90416305281089,1,1,"Papola"
"ENSMUSG00000021112.10",1470.16720703997,0.205940866662789,0.0712839297392883,2.88902235631497,1,1,"Pals1"
"ENSMUSG00000021113.6",1634.69318582413,-0.0603710931437326,0.0540525647009275,-1.11689599703114,1,1,"Snapc1"
"ENSMUSG00000021114.10",2736.49000690834,0.0115104679523178,0.0542425956036076,0.212203487392707,1,1,"Atp6v1d"
"ENSMUSG00000021115.16",2427.71139857618,0.256593160755309,0.0737658893373343,3.47847986461463,1,1,"Vrk1"
"ENSMUSG00000021116.11",4412.26288662275,0.108810537334681,0.0670404191848643,1.62305872573135,1,1,"Eif2s1"
"ENSMUSG00000021120.12",436.12485047293,-0.211332748930944,0.0427093978741228,-4.94815566245641,1,1,"Pigh"
"ENSMUSG00000021123.13",51.5276483103952,-1.03772043789805,0.150892049256737,-6.87723735617378,0.401300271396033,1,"Rdh12"
"ENSMUSG00000021124.14",1656.98316543131,0.103330806808261,0.0437899061865796,2.3596946375722,1,1,"Vti1b"
"ENSMUSG00000021127.9",5921.73842881171,-0.761246386304114,0.0989220724471703,-7.69541486012296,0.992101073768959,1,"Zfp36l1"
"ENSMUSG00000021130.9",1388.94167050043,-0.125013794984682,0.121836877869962,-1.02607516845689,0.999999999999655,1,"Galnt16"
"ENSMUSG00000021131.15",2520.45918626217,-0.148004248714534,0.0649077029446241,-2.28022625975231,1,1,"Erh"
"ENSMUSG00000021133.10",4275.83816211451,0.0692505965492427,0.0551992716925128,1.25455634514533,1,1,"Susd6"
"ENSMUSG00000021134.18",9570.53421534256,0.226155748215449,0.0669237260736495,3.37930598733498,1,1,"Srsf5"
"ENSMUSG00000021139.18",346.333834824175,0.0904716558219024,0.063034271441612,1.43527725081594,1,1,"S2bpcox16"
"ENSMUSG00000021140.10",2855.18872445643,0.365206882352749,0.0521876373780995,6.99795776740811,1,1,"Pcnx1"
"ENSMUSG00000021143.11",3676.82034500708,0.170348936724778,0.104281436258588,1.63354996667251,0.999999999999999,1,"Pacs2"
"ENSMUSG00000021144.15",3871.9281712141,0.190530233600782,0.0433142893338753,4.39878470894759,1,1,"Mta1"
"ENSMUSG00000021147.18",1972.45682655699,-0.237438433007599,0.112949256780579,-2.1021690604734,0.999999999992677,1,"Wdr37"
"ENSMUSG00000021149.9",3325.65552399525,0.12649224708688,0.0490072330597704,2.58109342620113,1,1,"Gtpbp4"
"ENSMUSG00000021156.18",5945.40923580835,-0.211818568365172,0.0684910784542785,-3.09264466475838,1,1,"Zmynd11"
"ENSMUSG00000021171.9",3075.27768282023,0.26997268616403,0.0540332813679899,4.99641478971821,1,1,"Esyt2"
"ENSMUSG00000021175.16",1071.02229011151,0.498514912516242,0.0923269974609476,5.39944898269981,0.999999972077496,1,"Cdca7l"
"ENSMUSG00000021176.7",222.712419365525,0.0644459452708157,0.104457395627177,0.616959142853151,1,1,"Efcab11"
"ENSMUSG00000021177.17",1330.04581646939,0.0377334636467692,0.0729885429729474,0.516977899678786,1,1,"Tdp1"
"ENSMUSG00000021178.10",6592.9965070373,0.0686817736846919,0.0539729796284053,1.27252143864493,1,1,"Psmc1"
"ENSMUSG00000021179.9",619.343315083928,-0.0351595659132085,0.0685359257821399,-0.513009279614501,1,1,"Nrde2"
"ENSMUSG00000021180.10",1149.98191186862,-0.00725716364586432,0.0700778062106422,-0.103558659128833,1,1,"Rps6ka5"
"ENSMUSG00000021182.17",1428.8463867935,-0.919041464524578,0.110690633355848,-8.30279344025475,0.767730929604179,1,"Ccdc88c"
"ENSMUSG00000021185.17",1432.81914562315,0.572065198794338,0.0868446470881685,6.58722463588978,0.999999583749274,1,"Dglucy"
"ENSMUSG00000021186.10",414.440647521168,-0.359976435915007,0.203905859103225,-1.76540506240565,0.999151848770464,1,"Fbln5"
"ENSMUSG00000021188.15",2762.52585489084,0.137048956176748,0.0900338092697994,1.52219435441259,1,1,"Trip11"
"ENSMUSG00000021189.12",1302.11513599876,-0.0214922927609008,0.0560272436090706,-0.383604321334509,1,1,"Atxn3"
"ENSMUSG00000021190.15",5173.7650199473,0.356303278663926,0.121178145283522,2.94032622656732,0.999999945781802,1,"Lgmn"
"ENSMUSG00000021192.17",1116.3122284495,0.0736116470326683,0.0388458201900019,1.89496956616234,1,1,"Golga5"
"ENSMUSG00000021193.11",3019.53969927959,0.208882744158169,0.0480929776442402,4.34331069503212,1,1,"Pitrm1"
"ENSMUSG00000021196.15",3469.46636722252,0.34535212146526,0.160998128378853,2.14506916908123,0.999976105309197,1,"Pfkp"
"ENSMUSG00000021198.17",972.499912322162,-1.08180006733101,0.156763297340949,-6.90085042660317,0.300902621011047,1,"Unc79"
"ENSMUSG00000021200.15",18.1449796344794,0.301711089042545,0.273633332654074,1.10261087754234,0.994644343855305,1,"Asb2"
"ENSMUSG00000021203.16",549.900414198631,0.268194334435437,0.114008214058801,2.35241238229654,0.999999999931362,1,"Otub2"
"ENSMUSG00000021209.13",246.537693143461,-0.353652844681462,0.150261651750715,-2.35358017538748,0.999991516860279,1,"Ppp4r4"
"ENSMUSG00000021213.13",772.818220983865,0.351232338622025,0.116236651182989,3.02170042794064,0.999999988073095,1,"Akr1c13"
"ENSMUSG00000021215.16",767.854804856122,-0.205945075517463,0.0925267313346878,-2.22579002356107,1,1,"Net1"
"ENSMUSG00000021217.8",454.546882390542,1.14811398640054,0.120503368713567,9.52765054336017,0.109512030883091,1,"Tshz3"
"ENSMUSG00000021218.11",18562.7373904607,0.210365444030502,0.0427499150537028,4.9208388780712,1,1,"Gdi2"
"ENSMUSG00000021221.17",791.952087316787,0.967977116856337,0.111386347890446,8.69026712150028,0.613132871329124,1,"Dpf3"
"ENSMUSG00000021222.10",741.387326633036,-0.0318097853334508,0.0623624917194631,-0.51007880628867,1,1,"Dcaf4"
"ENSMUSG00000021223.14",203.842404945311,0.052974886818465,0.247618815187729,0.213937243736114,0.999945063056581,1,"Papln"
"ENSMUSG00000021224.16",597.580579325087,0.0324443610411847,0.0879381606368885,0.368945186096773,1,1,"Numb"
"ENSMUSG00000021226.8",714.843482930482,0.222876243082357,0.0771973005045902,2.88709892218453,1,1,"Acot2"
"ENSMUSG00000021228.16",16.5808041918768,0.499497979984412,0.239952021181718,2.0816577310934,0.981503534511718,1,"Acot3"
"ENSMUSG00000021234.10",95.7792257978047,-0.766848771232946,0.12526592567206,-6.12176669049265,0.968645573638542,1,"Fam161b"
"ENSMUSG00000021235.14",468.069892152598,0.114508168466114,0.0414912890181576,2.75981226844994,1,1,"Coq6"
"ENSMUSG00000021236.17",1359.15318877046,0.0767464030549374,0.0754511774371803,1.01716640696344,1,1,"Entpd5"
"ENSMUSG00000021238.12",2159.3606311145,0.282882456493899,0.100256898225967,2.82157598628591,0.999999999999575,1,"Aldh6a1"
"ENSMUSG00000021240.7",596.324115756727,0.538095519343702,0.0743973550733784,7.23272378181962,0.999999999732731,1,"Abcd4"
"ENSMUSG00000021241.8",923.039334994165,0.174581131921067,0.0538050907570529,3.24469542685759,1,1,"Isca2"
"ENSMUSG00000021242.10",6749.94308979823,0.684361641752163,0.0723959392150212,9.45303906783443,0.999993493618989,1,"Npc2"
"ENSMUSG00000021243.15",1104.75368871312,0.133188303074592,0.0642176005013684,2.07401556636726,1,1,"Fcf1"
"ENSMUSG00000021244.16",4057.33968406266,-0.0907950842343591,0.0406464833030855,-2.23377465541937,1,1,"Ylpm1"
"ENSMUSG00000021245.16",197.508971540561,0.330267051849217,0.118938812021619,2.776781155248,0.999999991036588,1,"Mlh3"
"ENSMUSG00000021248.10",10190.3980802813,0.0783979741043277,0.0361540306869678,2.16844353491649,1,1,"Tmed10"
"ENSMUSG00000021250.14",975.575475833192,-0.0925103952117093,0.191349958634828,-0.483461798851266,0.999998950520056,1,"Fos"
"ENSMUSG00000021252.12",1530.29136930417,-0.14091831496727,0.0637973745606177,-2.20884191454266,1,1,"Erg28"
"ENSMUSG00000021253.8",1011.44341260747,0.273566360168819,0.108908101847796,2.51190091028435,0.999999999987223,1,"Tgfb3"
"ENSMUSG00000021254.10",993.180097867388,0.033896781065571,0.0460974549958345,0.735328687204835,1,1,"Gpatch2l"
"ENSMUSG00000021255.18",20.053124144579,0.00506821921444045,0.270777733158474,0.0187172673148654,0.999983673647524,1,"Esrrb"
"ENSMUSG00000021256.6",1377.21826373675,-0.727199882914585,0.169818803121757,-4.28221062418628,0.945909038002676,1,"Vash1"
"ENSMUSG00000021257.16",429.941777391903,-0.38852633892916,0.0924142179868303,-4.20418359201534,0.99999999998163,1,"Angel1"
"ENSMUSG00000021258.11",2327.89170485722,0.130018833970975,0.0442974794980751,2.93512938984768,1,1,"Ccnk"
"ENSMUSG00000021259.6",308.679993119756,0.328889476467483,0.138113698953787,2.38129511379989,0.999999410445657,1,"Cyp46a1"
"ENSMUSG00000021262.16",2424.90494168965,-0.236633072884978,0.106406700858974,-2.22385499197649,0.999999999999636,1,"Evl"
"ENSMUSG00000021264.13",4499.41579630904,0.197520321689958,0.0478494724505002,4.12795192035379,1,1,"Yy1"
"ENSMUSG00000021266.17",3196.354243546,0.186381100058448,0.0694867966532927,2.68225201095978,1,1,"Wars1"
"ENSMUSG00000021270.14",37427.9238006989,-0.0466815129152677,0.0673966587879367,-0.692638385267004,1,1,"Hsp90aa1"
"ENSMUSG00000021271.6",300.385526783608,0.770896329890314,0.0688058652434538,11.2039333734511,0.999565319705198,1,"Zfp839"
"ENSMUSG00000021273.12",4808.57749167266,0.57077376929317,0.117277968754039,4.86684562631047,0.999873845641199,1,"Fdft1"
"ENSMUSG00000021275.17",835.524278071237,0.0834716136969288,0.0772369741568864,1.08072091906887,1,1,"Tecpr2"
"ENSMUSG00000021276.11",1269.28455430236,0.109847827081149,0.0519170337838801,2.11583403509573,1,1,"Cinp"
"ENSMUSG00000021277.17",2008.51407815013,0.177638870045572,0.0913403178539796,1.94480240729568,1,1,"Traf3"
"ENSMUSG00000021279.6",4662.98667096633,0.0847464855657273,0.0449707884702178,1.88447853481269,1,1,"Cdc42bpb"
"ENSMUSG00000021280.10",96.247331901217,0.560351298136982,0.230818692682856,2.42766862433842,0.971592809575865,1,"Exoc3l4"
"ENSMUSG00000021281.16",135.147496822945,0.550594965254394,0.302689968664394,1.81900631753299,0.931189036792659,1,"Tnfaip2"
"ENSMUSG00000021282.18",13505.0765799104,0.223464915211178,0.0615719219836732,3.62933148766143,1,1,"Eif5"
"ENSMUSG00000021285.16",366.534746577077,-0.607862770753487,0.240079399346669,-2.53192390687278,0.948803847456414,1,"Ppp1r13b"
"ENSMUSG00000021286.9",565.708759710336,0.649845678822743,0.105904616144925,6.13614120401951,0.999527346029066,1,"Zfyve21"
"ENSMUSG00000021287.13",189.350578976344,0.213687382829287,0.123736732483574,1.72695188033718,0.999999999895599,1,"Xrcc3"
"ENSMUSG00000021288.20",4679.47041679066,-0.312344449755802,0.0590907335021686,-5.28584485661088,1,1,"Klc1"
"ENSMUSG00000021290.7",2426.43381678267,0.299463791193753,0.0784631432058607,3.81661731812173,1,1,"Atp5mj"
"ENSMUSG00000021302.11",2180.56274273543,-0.152198829961569,0.0478956763046651,-3.17771543705594,1,1,"Ggps1"
"ENSMUSG00000021303.15",266.177198637403,-0.553596921585181,0.298225821536222,-1.85630110341717,0.932785587842542,1,"Gng4"
"ENSMUSG00000021306.12",919.771316400392,0.0240767348507134,0.10939782552246,0.22008421772305,1,1,"Gpr137b"
"ENSMUSG00000021311.10",1535.04391202565,0.236697726736722,0.0766252480271522,3.08903048056494,1,1,"Mtr"
"ENSMUSG00000021313.18",174.68233308578,0.894776554892863,0.20024966967442,4.46830477347431,0.700368713740726,1,"Ryr2"
"ENSMUSG00000021314.14",3063.38830522928,0.188975144903399,0.089333256443513,2.11539523383312,1,1,"Amph"
"ENSMUSG00000021318.16",374.089062813229,-0.410878479489991,0.312185475427102,-1.31613579692606,0.970428868193118,1,"Gli3"
"ENSMUSG00000021319.8",179.554749906632,1.0802057356026,0.19470570031583,5.54788962958151,0.340194205233403,1,"Sfrp4"
"ENSMUSG00000021322.9",24.6834545747738,1.22556619245868,0.323018586326602,3.79410425386333,0.242492560447859,1,"Aoah"
"ENSMUSG00000021326.14",2017.26385245472,-0.13085312025152,0.0511455340368962,-2.55844665063275,1,1,"Trim27"
"ENSMUSG00000021327.20",2177.61481630288,-0.246149832900139,0.0484757523340965,-5.0777929386978,1,1,"Zkscan3"
"ENSMUSG00000021338.18",1546.48608350556,0.334111406784625,0.166761675255769,2.00352632745014,0.999967386327351,1,"Carmil1"
"ENSMUSG00000021339.5",3838.04772765629,-0.0693278762925106,0.0906215426399666,-0.765026441537701,1,1,"Mrs2"
"ENSMUSG00000021340.14",150.379710432162,0.307486050820107,0.20582505036975,1.49391947320178,0.999616692757595,1,"Gpld1"
"ENSMUSG00000021357.16",2427.20774094721,-0.20960291385811,0.0331081312087615,-6.33085910335652,1,1,"Exoc2"
"ENSMUSG00000021359.17",1148.55103222925,0.963368908250285,0.0941895502161549,10.2279807689861,0.651327985000387,1,"Tfap2a"
"ENSMUSG00000021361.8",1895.39442252161,0.0731169611507953,0.0521367400215777,1.40240761352809,1,1,"Tmem14c"
"ENSMUSG00000021365.16",342.166586971104,-0.0323826420412361,0.179049892967324,-0.18085820384794,0.999999971508044,1,"Nedd9"
"ENSMUSG00000021366.9",1948.22732311314,0.212882012366094,0.106748961690406,1.99423028566306,0.999999999999917,1,"Hivep1"
"ENSMUSG00000021368.16",672.599395854554,-0.340767286056482,0.0515977709817715,-6.60430246447795,1,1,"Tbc1d7"
"ENSMUSG00000021371.6",2096.99096348942,0.223146265190369,0.0650538522692025,3.43017757452635,1,1,"Mcur1"
"ENSMUSG00000021374.11",4101.96485109955,0.0266114931671872,0.0980303128072445,0.271461881586698,1,1,"Nup153"
"ENSMUSG00000021375.12",3146.11998063344,-0.0678179980718227,0.0538845452210659,-1.25857976148066,1,1,"Kif13a"
"ENSMUSG00000021376.12",731.958082811803,-0.742115081546237,0.0973912473344391,-7.61993610162762,0.995950650065719,1,"Tpmt"
"ENSMUSG00000021377.16",8009.30105487344,-0.374360378910429,0.0794548131723291,-4.71161360732774,0.999999999999998,1,"Dek"
"ENSMUSG00000021385.11",483.281664877403,-0.151329563528174,0.0539521939481494,-2.80488247935957,1,1,"Ippk"
"ENSMUSG00000021390.7",101.683780491505,0.0707801769713276,0.299485876194083,0.23633894816949,0.999216084444863,1,"Ogn"
"ENSMUSG00000021391.11",333.805630081295,-0.116552952803875,0.105828301083618,-1.10134011044724,1,1,"Cenpp"
"ENSMUSG00000021392.9",1159.99109457502,-0.273571004371444,0.0500896726075796,-5.46162492445692,1,1,"Nol8"
"ENSMUSG00000021395.12",4861.99767426394,-0.263878232935597,0.0448205983597655,-5.88743217610578,1,1,"Spin1"
"ENSMUSG00000021400.9",1437.69901337466,-0.184836374742043,0.058765228640694,-3.14533575411033,1,1,"Wrnip1"
"ENSMUSG00000021408.16",1198.55351993502,0.268875565308005,0.0718339138673732,3.74301706300494,1,1,"Ripk1"
"ENSMUSG00000021411.17",38.1817954231894,-0.414865973649382,0.345282289898795,-1.20152694124852,0.954950328178062,1,"Pxdc1"
"ENSMUSG00000021413.10",5348.84954887773,0.0398380967634972,0.0801219511576767,0.497218255270612,1,1,"Prpf4b"
"ENSMUSG00000021414.9",52.9664604707437,0.0316033149988971,0.261190283601425,0.120997284290726,0.999934532685853,1,"Fam217a"
"ENSMUSG00000021417.16",3292.42145438653,0.109589005890766,0.0620395148825208,1.76643879466637,1,1,"Eci2"
"ENSMUSG00000021418.16",323.707036387661,-0.17311827696686,0.143014747001594,-1.2104924883371,0.999999996304578,1,"Rpp40"
"ENSMUSG00000021420.14",391.831194248479,0.00282432176424674,0.108086779080996,0.0261301316244265,1,1,"Fars2"
"ENSMUSG00000021423.7",170.900263484688,0.356251073234938,0.391963816478153,0.908887653038745,0.950013088247096,1,"Ly86"
"ENSMUSG00000021427.11",15433.2581655536,0.41444484954733,0.0808638768119219,5.12521617670237,0.999999999999778,1,"Ssr1"
"ENSMUSG00000021428.10",971.372586262411,0.103519206141535,0.0606506851454608,1.70681016864462,1,1,"Riok1"
"ENSMUSG00000021431.17",1425.35618852381,0.557217805334355,0.113682475285574,4.90152773270118,0.999950880948092,1,"Snrnp48"
"ENSMUSG00000021432.16",683.843419096054,0.229164762663894,0.0615333383521045,3.72423744267821,1,1,"Slc35b3"
"ENSMUSG00000021448.9",1319.05618590524,-0.168264638929327,0.119661581557491,-1.40617094258014,0.999999999998183,1,"Shc3"
"ENSMUSG00000021451.17",298.533743326782,-0.0932745423755418,0.225654407219798,-0.413351299115944,0.999971311656458,1,"Sema4d"
"ENSMUSG00000021453.3",575.478754663058,-0.39870238133973,0.120151917714633,-3.31831891594664,0.999999719931835,1,"Gadd45g"
"ENSMUSG00000021456.9",38.2430841316573,0.0737177880871295,0.315769137779739,0.233454696065169,0.998660256353751,1,"Fbp2"
"ENSMUSG00000021458.19",282.042209259324,-0.0127465385426229,0.156094612748566,-0.0816590548397383,0.99999999991663,1,"Aopep"
"ENSMUSG00000021460.18",739.956948001296,0.407139347547045,0.143264929985406,2.84186330589433,0.999982498856041,1,"Auh"
"ENSMUSG00000021461.18",416.339886013917,-0.0777718451106493,0.0759717054545019,-1.02369486962782,1,1,"Fancc"
"ENSMUSG00000021466.13",3965.84339000049,-0.223316941697812,0.106636064416292,-2.09419714540491,0.999999999999837,1,"Ptch1"
"ENSMUSG00000021468.9",1694.1422082609,-0.106742645916093,0.0433681374784148,-2.46131496814269,1,1,"Sptlc1"
"ENSMUSG00000021470.20",1778.69545284158,-0.0141077121710368,0.0575166911701419,-0.245280315748768,1,1,"Ercc6l2"
"ENSMUSG00000021474.10",4726.78417320927,0.325173482335153,0.0600753133135608,5.41276381927336,1,1,"Sfxn1"
"ENSMUSG00000021476.10",996.207450135148,-0.295289320260835,0.0880535185707576,-3.35352096149966,0.999999999999999,1,"Habp4"
"ENSMUSG00000021477.10",7277.51695555527,0.56001338624185,0.128206808972053,4.36804714766691,0.999700261143127,1,"Ctsl"
"ENSMUSG00000021481.12",712.32234223767,0.0395435400264198,0.0661608490406105,0.59768791664308,1,1,"Zfp346"
"ENSMUSG00000021482.11",900.390479629611,0.109483510508694,0.0670287169819915,1.63338215974071,1,1,"Prxl2c"
"ENSMUSG00000021483.9",170.964638887613,-0.251675067036851,0.102971093522425,-2.44413318755366,0.999999999999817,1,"Cdk20"
"ENSMUSG00000021484.9",7291.082144238,0.363819972372079,0.0541696153304355,6.71631079808803,1,1,"Lman2"
"ENSMUSG00000021485.15",549.28545390274,-0.476635374740127,0.125322709640947,-3.8032641977316,0.999985174842345,1,"Mxd3"
"ENSMUSG00000021486.8",8903.85328064774,0.403910575203793,0.0711667774147324,5.67554960160636,1,1,"Prelid1"
"ENSMUSG00000021488.9",4214.68847796735,-0.395049669213507,0.0643509376913286,-6.13898854292438,1,1,"Nsd1"
"ENSMUSG00000021493.16",777.84809079896,0.235359579720493,0.106933455231936,2.20099106692105,0.999999999999568,1,"Pdlim7"
"ENSMUSG00000021494.10",1271.97458044558,-0.0669274496043335,0.0364273855818657,-1.83728391525444,1,1,"Ddx41"
"ENSMUSG00000021495.11",1610.32973920623,-0.0734727149258059,0.0938663028211909,-0.782737923168942,1,1,"Fam193b"
"ENSMUSG00000021496.13",151.396573410911,-0.0780749921748752,0.0916210145394833,-0.85215157862315,1,1,"Pcbd2"
"ENSMUSG00000021497.11",1909.12229195144,-0.268408561909772,0.047940189090747,-5.5988215107307,1,1,"Txndc15"
"ENSMUSG00000021500.19",4932.18078044455,-0.240089240356877,0.051229935329645,-4.6865028974172,1,1,"Ddx46"
"ENSMUSG00000021501.5",1093.84257192215,-0.148540179921098,0.0506829877616545,-2.93076999761012,1,1,"Caml"
"ENSMUSG00000021504.15",719.549306595447,0.415594816952412,0.0673248637908719,6.17297672139903,1,1,"B4galt7"
"ENSMUSG00000021508.12",201.660897705239,1.33070279548611,0.276635356072683,4.81031352744544,0.115956294292324,1,"Cxcl14"
"ENSMUSG00000021509.6",19.4392703791463,0.991514099931902,0.30266358648738,3.27596098175902,0.511183839072696,1,"Slc25a48"
"ENSMUSG00000021510.12",1063.70083277131,0.129056176009107,0.0737425583996084,1.75009084048531,1,1,"Zfp729a"
"ENSMUSG00000021514.19",1566.07079209732,-0.176455586714428,0.0549848927785609,-3.20916487779767,1,1,"Zfp369"
"ENSMUSG00000021518.5",3052.63536089684,0.0154257501666338,0.0760319493162817,0.202885106923472,1,1,"Ptdss1"
"ENSMUSG00000021519.12",921.040752014661,-0.285284544137862,0.0899046324570297,-3.17319070598743,0.999999999999999,1,"Mterf3"
"ENSMUSG00000021520.5",3786.07616743134,0.170769651703566,0.0911382685485792,1.87374254989869,1,1,"Uqcrb"
"ENSMUSG00000021532.12",388.341904737605,-0.237975145979979,0.0837426524120356,-2.84174359332541,1,1,"Fastkd3"
"ENSMUSG00000021537.10",3562.45815249718,-0.124380681663787,0.0576118239329352,-2.15894365379885,1,1,"Cetn3"
"ENSMUSG00000021540.17",6118.17539879271,-0.149040909036119,0.0926474339772699,-1.60868901207436,1,1,"Smad5"
"ENSMUSG00000021546.19",30298.0574976921,-0.0812484391498133,0.0508030453545574,-1.59928284973422,1,1,"Hnrnpk"
"ENSMUSG00000021548.11",2154.50065558623,-0.0401970866584179,0.0583653257812507,-0.68871519383056,1,1,"Ccnh"
"ENSMUSG00000021549.15",4593.38377623057,0.201314804389689,0.0587439713540563,3.42698662942522,1,1,"Rasa1"
"ENSMUSG00000021550.7",37.2911306454282,0.146943877328717,0.16866445479162,0.871220183946055,0.999999787846172,1,"Qng1"
"ENSMUSG00000021552.8",1155.59917753163,-0.222621215578416,0.0534641654754985,-4.16393323637379,1,1,"Gkap1"
"ENSMUSG00000021555.16",1873.87522120083,-0.159475668935114,0.046705983866566,-3.41445904213727,1,1,"Naa35"
"ENSMUSG00000021556.13",8013.24582657224,0.870928016095908,0.14775011149089,5.89460141388529,0.808827303045619,1,"Golm1"
"ENSMUSG00000021557.16",1749.64284473855,0.0206189215639523,0.0927832161683559,0.2222268467881,1,1,"Agtpbp1"
"ENSMUSG00000021559.15",2012.02989078673,-0.455958260385679,0.0858768140273926,-5.30944546033391,0.999999999881438,1,"Dapk1"
"ENSMUSG00000021567.16",19.7036625570384,0.0333152688946701,0.290486401648903,0.114687877661608,0.999749770319489,1,"Nkd2"
"ENSMUSG00000021569.11",701.27958557302,-0.290813670918204,0.107037078019459,-2.71694329011238,0.99999999998271,1,"Trip13"
"ENSMUSG00000021572.10",533.011469118743,0.15595797715918,0.121080797872371,1.28804880624897,0.999999999998425,1,"Cep72"
"ENSMUSG00000021576.7",2259.63370217734,0.15881684747034,0.0654927927113508,2.42495152360199,1,1,"Pdcd6"
"ENSMUSG00000021577.15",10447.8091665254,0.21403104109582,0.0806367893516372,2.65426045377977,1,1,"Sdha"
"ENSMUSG00000021578.18",2665.26167823445,0.0941121639159846,0.0677741437485821,1.38861457645422,1,1,"Ccdc127"
"ENSMUSG00000021583.8",1636.42406709868,-0.181150494646487,0.184370912388918,-0.982532940252324,0.999995529557944,1,"Erap1"
"ENSMUSG00000021585.11",1833.44274754385,0.338772151423982,0.101187486905584,3.34796486980731,0.999999999968127,1,"Cast"
"ENSMUSG00000021589.14",5968.83036644131,-0.281945079595219,0.0605277366292193,-4.65811370615686,1,1,"Rhobtb3"
"ENSMUSG00000021590.8",8.60357315968998,-0.193905518265164,0.251628595145464,-0.770602077848384,0.999322225144262,1,"Spata9"
"ENSMUSG00000021591.9",1044.19922897097,0.1464804904212,0.0810560867110662,1.80714979423256,1,1,"Glrx"
"ENSMUSG00000021592.19",739.074007917644,0.0864695321381002,0.0991893833829356,0.871761968761026,1,1,"Arsk"
"ENSMUSG00000021594.12",505.099039028614,-0.516103439657369,0.0931409380476995,-5.54110201674222,0.999999897813539,1,"Srd5a1"
"ENSMUSG00000021595.19",4369.72557076607,0.10537966234914,0.062652608377486,1.68196767984856,1,1,"Nsun2"
"ENSMUSG00000021596.18",233.96242170789,0.963797764248985,0.257751978988091,3.73924486645169,0.555849259553651,1,"Mctp1"
"ENSMUSG00000021597.17",756.461741310419,-0.0801980198067186,0.0726974853216852,-1.10317460709739,1,1,"Slf1"
"ENSMUSG00000021598.10",1865.05989375973,-0.097915860536823,0.0720731823077152,-1.35856163695912,1,1,"Med10"
"ENSMUSG00000021606.9",1461.21378248765,-0.0159908511676598,0.0657106187197645,-0.24335261909275,1,1,"Ndufs6"
"ENSMUSG00000021607.10",1064.01226633279,-0.0953109312216001,0.0730268806284705,-1.30514860283436,1,1,"Mrpl36"
"ENSMUSG00000021608.16",3313.04190366694,-0.401764908393796,0.0992349334276283,-4.04862375089717,0.999999999172418,1,"Lpcat1"
"ENSMUSG00000021610.9",5070.24045701376,-0.0210362239283585,0.0694356211219426,-0.302960117421788,1,1,"Clptm1l"
"ENSMUSG00000021614.17",313.619948024687,-0.0148721191742425,0.175434272413617,-0.0847731687180194,0.999999993820224,1,"Vcan"
"ENSMUSG00000021615.14",962.201730875218,-0.0678528359226119,0.0729955210211093,-0.929547936276664,1,1,"Xrcc4"
"ENSMUSG00000021619.7",389.103252528102,0.348665593961425,0.0870245115700175,4.00652169912954,0.999999999999964,1,"Atg10"
"ENSMUSG00000021621.16",1130.76095888135,0.425404224544787,0.0516686727936699,8.23331046732256,1,1,"Zcchc9"
"ENSMUSG00000021624.10",229.129090279163,0.489891227263903,0.249124410658324,1.96645212714941,0.979700717143274,1,"Cd180"
"ENSMUSG00000021629.11",3667.94979877392,0.214082524923725,0.0485513928310057,4.40940027547487,1,1,"Slc30a5"
"ENSMUSG00000021635.15",1708.66902382955,0.0733653647377422,0.0494994418967962,1.48214529147026,1,1,"Rad17"
"ENSMUSG00000021638.13",23.7407703613696,0.377127713131246,0.250700030097409,1.50429863524433,0.993513930193589,1,"Ocln"
"ENSMUSG00000021639.18",1164.01303294616,0.158191495573386,0.0491704668569591,3.21720548298999,1,1,"Gtf2h2"
"ENSMUSG00000021643.16",803.459687667875,-0.215645834901528,0.123109975759857,-1.7516519970906,0.999999999906202,1,"Serf1"
"ENSMUSG00000021645.17",1576.18018648819,-0.0159128012143598,0.103486005415352,-0.153767663081517,1,1,"Smn1"
"ENSMUSG00000021646.10",1113.57617954872,0.139546479265563,0.0767475506006698,1.8182531973124,1,1,"Mccc2"
"ENSMUSG00000021650.8",1396.19258412917,0.130083913900914,0.0626019731764286,2.07795229607706,1,1,"Ptcd2"
"ENSMUSG00000021660.15",19278.7564322959,0.29591128876453,0.076185678720654,3.88408023310434,1,1,"Btf3"
"ENSMUSG00000021661.17",1609.08934606035,-0.276209604347246,0.0753899072119454,-3.66374776892524,1,1,"Ankra2"
"ENSMUSG00000021662.12",434.646999555836,0.416459716996621,0.143216216484458,2.90790894508665,0.999976947361258,1,"Arhgef28"
"ENSMUSG00000021665.10",4353.56289527544,0.411348675585011,0.11719202797171,3.51003974164789,0.999999745599429,1,"Hexb"
"ENSMUSG00000021666.17",1600.06458062512,0.328398223910101,0.0657698543233978,4.99314202971061,1,1,"Gfm2"
"ENSMUSG00000021668.16",1301.45115270702,0.134392059209642,0.107609217032046,1.24888985271233,1,1,"Polk"
"ENSMUSG00000021669.17",2504.82219259889,0.458142019894027,0.088461257716748,5.17901318293476,0.999999999547636,1,"Cert1"
"ENSMUSG00000021670.15",14872.7059190266,0.186276454770065,0.119690824019314,1.55631357956066,0.999999999994716,1,"Hmgcr"
"ENSMUSG00000021671.10",1414.87681928618,-0.306501177613997,0.0811203142694805,-3.77835293630403,1,1,"Poc5"
"ENSMUSG00000021676.11",3937.55859258786,-0.251242313856393,0.149985123922983,-1.67511488662972,0.99999970154314,1,"Iqgap2"
"ENSMUSG00000021681.9",3473.28957203404,-0.00791669118642797,0.056310111316477,-0.140590934760086,1,1,"Aggf1"
"ENSMUSG00000021684.18",499.589041077819,-0.795832421620883,0.298075826843221,-2.66989923352445,0.753312836811489,1,"Pde8b"
"ENSMUSG00000021686.7",5195.83469102352,0.217590856123295,0.0544347521519403,3.99727834740474,1,1,"Ap3b1"
"ENSMUSG00000021687.15",5110.88740261005,-0.0449102508410571,0.0779926718450236,-0.575826545990073,1,1,"Scamp1"
"ENSMUSG00000021690.11",5569.48177066509,0.214972744942005,0.0726692012075286,2.95823734635649,1,1,"Jmy"
"ENSMUSG00000021692.10",1036.63167563494,0.284885452790737,0.0547166476454641,5.20655897336126,1,1,"Dimt1"
"ENSMUSG00000021693.21",5190.1792718675,-0.139333244958713,0.0550571483765058,-2.5307021716034,1,1,"Kif2a"
"ENSMUSG00000021694.19",565.641578387818,-0.281262247632622,0.0622923393448938,-4.5151980258015,1,1,"Ercc8"
"ENSMUSG00000021696.10",882.055322953683,0.00027321041153544,0.116253829789336,0.00235011966513727,1,1,"Elovl7"
"ENSMUSG00000021697.13",650.291430015504,0.0314991966542302,0.145833233381147,0.215994639383085,0.999999999985195,1,"Depdc1b"
"ENSMUSG00000021699.18",1393.66457233018,-0.686341845383351,0.11887141340254,-5.77381748679271,0.995837960379569,1,"Pde4d"
"ENSMUSG00000021701.9",16932.7907735093,0.481210911095196,0.0903929234899449,5.32354627460107,0.999999995245629,1,"Plk2"
"ENSMUSG00000021703.10",14754.3095738235,-0.276392055830389,0.103688230580963,-2.66560683195933,0.99999999999851,1,"Serinc5"
"ENSMUSG00000021704.9",1712.51445402715,0.132114522017185,0.0581434714180436,2.27221593061239,1,1,"Mtx3"
"ENSMUSG00000021706.15",1654.48845295639,0.290393774913361,0.0626227278444152,4.63719459227069,1,1,"Zfyve16"
"ENSMUSG00000021707.6",2571.65238425738,-0.205512227988286,0.102351388557846,-2.00790854803242,0.999999999999996,1,"Dhfr"
"ENSMUSG00000021709.15",14274.1699029692,0.674004586949138,0.0969318185069604,6.95338844696016,0.999614695609986,1,"Erbin"
"ENSMUSG00000021710.12",3318.04445304463,0.516459031955823,0.092517675033814,5.58227421697599,0.999999913612162,1,"Nln"
"ENSMUSG00000021711.18",2901.58141943714,-0.102788424538622,0.0620399295439244,-1.65681078773385,1,1,"Trappc13"
"ENSMUSG00000021712.16",2131.98478559321,-0.0205768506939228,0.0574552302792731,-0.358137119874114,1,1,"Trim23"
"ENSMUSG00000021713.10",1199.52961774354,0.145281601459748,0.0541224186935533,2.6843146512418,1,1,"Ppwd1"
"ENSMUSG00000021714.16",820.357170703115,-0.0169950862567102,0.111391379070171,-0.152570929622877,1,1,"Cenpk"
"ENSMUSG00000021715.13",1283.86812507791,0.150454798023243,0.0559485778097693,2.68916215412668,1,1,"Cwc27"
"ENSMUSG00000021716.15",1452.74528631845,0.396105544992625,0.0910444731728092,4.35068193805446,0.999999999983549,1,"Srek1ip1"
"ENSMUSG00000021719.10",2832.42980412211,0.249833755808814,0.141850933023009,1.76124154057055,0.99999993830875,1,"Rgs7bp"
"ENSMUSG00000021720.12",1544.79882827521,0.18683352414046,0.124726439571203,1.49794642405231,0.999999999964752,1,"Rnf180"
"ENSMUSG00000021725.10",1487.16789026888,-0.0633538827726168,0.0807137871222333,-0.784920210430386,1,1,"Parp8"
"ENSMUSG00000021728.9",32.7098124255126,0.249078845587418,0.258653015941498,0.962984501382172,0.998153825766687,1,"Emb"
"ENSMUSG00000021731.11",1917.69579659107,0.313804879951391,0.0609361528534811,5.14973238802791,1,1,"Mrps30"
"ENSMUSG00000021733.12",5087.5489411059,0.501630826175721,0.0902545596989987,5.55795549663832,0.999999983224421,1,"Slc4a7"
"ENSMUSG00000021737.5",3872.17193755706,-0.00474901101507869,0.0419197926029921,-0.113288036991379,1,1,"Psmd6"
"ENSMUSG00000021738.6",937.277965126191,0.0959659711239329,0.081746893200117,1.17394028527797,1,1,"Atxn7"
"ENSMUSG00000021741.5",9.56139886128872,0.0622910349091383,0.148172848332895,0.420394394856952,0.999999999876583,1,"Gm5457"
"ENSMUSG00000021748.10",3806.77134496297,0.868972429376935,0.033410880965827,26.0086655681342,0.999956037437028,1,"Pdhb"
"ENSMUSG00000021752.15",598.96740655265,0.858741165989153,0.0609867191295215,14.0807896907093,0.989726948625295,1,"Kctd6"
"ENSMUSG00000021754.18",5752.11903165743,-0.280883823645535,0.115299313758802,-2.43612745374291,0.999999999776909,1,"Map3k1"
"ENSMUSG00000021756.13",8285.68782229256,0.604512590911088,0.201605770596367,2.99848853097254,0.975100528911721,1,"Il6st"
"ENSMUSG00000021758.15",37.9260862036576,-0.681695452220651,0.186126172286952,-3.66254484173068,0.956381364738883,1,"Ddx4"
"ENSMUSG00000021759.15",914.458037733505,0.286888046934121,0.101314847652432,2.83164860414448,0.999999999999029,1,"Plpp1"
"ENSMUSG00000021760.6",1651.77729038539,0.0964602951304896,0.150182309685299,0.642287998717149,0.999999999107821,1,"Gpx8"
"ENSMUSG00000021764.9",3116.493961989,0.236391216035892,0.0613549240738494,3.85284831827616,1,1,"Ndufs4"
"ENSMUSG00000021765.10",130.173873929055,-0.238180351675424,0.168064250621734,-1.41719818934904,0.999997091130884,1,"Fst"
"ENSMUSG00000021767.21",2662.50931093116,0.459932044350892,0.0571045298869278,8.05421295406161,1,1,"Kat6b"
"ENSMUSG00000021770.12",5307.31658429257,0.40061445718865,0.0638975613586905,6.26963609674853,1,1,"Samd8"
"ENSMUSG00000021772.16",439.235912512842,-0.103033357018764,0.0735260362580392,-1.40131798560675,1,1,"Nkiras1"
"ENSMUSG00000021774.14",1879.57965878978,0.112898668169442,0.0412405765220283,2.73756280078041,1,1,"Ube2e1"
"ENSMUSG00000021775.12",1537.11294986041,0.764521107027559,0.124607871006554,6.13541585175904,0.970604925733491,1,"Nr1d2"
"ENSMUSG00000021782.15",4516.89158645447,0.864443650593465,0.0609821984147155,14.1753441670753,0.98688818646735,1,"Dlg5"
"ENSMUSG00000021785.9",1011.72236764747,0.177095436774634,0.0441844082291083,4.00809796651219,1,1,"Ngly1"
"ENSMUSG00000021786.14",215.521498291724,0.375924093230155,0.101870023224465,3.69023272333832,0.99999999954998,1,"Oxsm"
"ENSMUSG00000021792.16",1239.29030985691,0.456342257896133,0.0783508047421167,5.8243467874789,0.999999999998022,1,"Prxl2a"
"ENSMUSG00000021794.17",10403.8978865185,0.91791654668576,0.0751115202326654,12.2207158614607,0.862763819755421,1,"Glud1"
"ENSMUSG00000021798.15",62.8031571301388,0.903540917372335,0.134590081377237,6.7132801178702,0.763216652838276,1,"Ldb3"
"ENSMUSG00000021803.11",92.3820477186258,0.907569107559899,0.236415919402131,3.83886630754409,0.652089294671505,1,"Cdhr1"
"ENSMUSG00000021807.7",5070.06256956973,0.805628805553896,0.0563537624863659,14.2959186753291,0.999718797287147,1,"Rtraf"
"ENSMUSG00000021809.11",437.23490767042,0.546309163526834,0.0864431436440048,6.3198669147975,0.999999923299778,1,"Nudt13"
"ENSMUSG00000021810.4",2235.01255228295,0.593440284627614,0.0403403460947443,14.7108377115518,1,1,"Ecd"
"ENSMUSG00000021811.8",3201.67152169967,0.428192740025016,0.0805417144721342,5.31640955039716,0.999999999999374,1,"Dnajc9"
"ENSMUSG00000021814.18",960.136365343443,0.258504984292161,0.0701693267941745,3.68401687891956,1,1,"Anxa7"
"ENSMUSG00000021815.5",28.4222637926258,0.723162530120308,0.114417157048058,6.32040289042109,0.992230032874792,1,"Mss51"
"ENSMUSG00000021816.12",5164.51381531469,0.512341752441139,0.0579530337599596,8.8406373092261,1,1,"Ppp3cb"
"ENSMUSG00000021819.12",5589.47057421284,0.699698695360826,0.0593996972342123,11.7794993567378,0.999999785483825,1,"Zswim8"
"ENSMUSG00000021820.19",2036.02504323201,0.558746381309006,0.0805691915673737,6.93498805733666,0.99999997833395,1,"Camk2g"
"ENSMUSG00000021822.4",310.496041315076,0.641533580371939,0.317015009577862,2.02366941939502,0.870921074268242,1,"Plau"
"ENSMUSG00000021824.14",5812.24197379449,0.321722889565798,0.0869006425799584,3.70219229702216,0.999999999999997,1,"Ap3m1"
"ENSMUSG00000021830.15",3701.49941231869,0.659846844945701,0.0761689278372233,8.66293991108587,0.999996010995015,1,"Txndc16"
"ENSMUSG00000021832.9",7141.24634085088,0.765484366665185,0.046984276715375,16.2923518287276,0.999999700228247,1,"Psmc6"
"ENSMUSG00000021838.18",2389.75327671201,1.05658946516634,0.0956943016039713,11.0412997164555,0.277140727449756,1,"Samd4"
"ENSMUSG00000021840.18",8125.43119296253,0.613386742986948,0.056551957335714,10.8464281677405,0.99999999999594,1,"Mapk1ip1l"
"ENSMUSG00000021843.18",8158.66707840006,0.767829919297522,0.0353796023089045,21.7026158913118,0.999999999973501,1,"Ktn1"
"ENSMUSG00000021846.11",1935.06558220927,0.277338791985309,0.127957276578455,2.16743275100314,0.999999991868423,1,"Peli2"
"ENSMUSG00000021866.16",64.1955112755211,0.606912238699003,0.257307640087594,2.35870275166487,0.93670593931371,1,"Anxa11"
"ENSMUSG00000021868.8",827.458838119501,0.602737347933276,0.058819531146312,10.2472314244393,0.999999999992805,1,"Ppif"
"ENSMUSG00000021870.18",4056.44298517544,0.517990977940288,0.0660759767143097,7.83932381627753,0.99999999999985,1,"Slmap"
"ENSMUSG00000021871.20",343.069599470629,0.724033196041955,0.0749129866932753,9.66498904931458,0.999885122828156,1,"Gm49342"
"ENSMUSG00000021872.9",40.9171344852095,0.913363345991981,0.158285823809419,5.77034205597401,0.707928481813955,1,"Rnase10"
"ENSMUSG00000021876.16",128.701898975152,-0.0892845251101596,0.274157582605473,-0.325668632841152,0.999588371947456,1,"Rnase4"
"ENSMUSG00000021877.13",10507.539529642,0.65278941955456,0.0523012419574063,12.4813368693269,0.999999999984173,1,"Arf4"
"ENSMUSG00000021884.19",506.018393524985,0.678013680861134,0.128323022298433,5.28364800576717,0.993949511047295,1,"Hacl1"
"ENSMUSG00000021886.8",37.6254722716423,0.174214434117886,0.337851472210194,0.515653914361216,0.992996765974129,1,"Gpr65"
"ENSMUSG00000021890.7",3631.77290791675,0.885046777736839,0.0608658575467783,14.5409399195048,0.970529439589215,1,"Eaf1"
"ENSMUSG00000021891.9",1219.56007626225,0.608976398037549,0.0452282671671104,13.4645087283024,1,1,"Mettl6"
"ENSMUSG00000021892.15",1221.97639156394,0.40506293127644,0.0656177746444077,6.17306718296277,1,1,"Sh3bp5"
"ENSMUSG00000021893.15",3097.70509623337,0.602644868128649,0.0415928347938868,14.4891511029497,1,1,"Capn7"
"ENSMUSG00000021895.11",110.26037617933,0.789279586844613,0.245214711294955,3.21872852846595,0.804920823514974,1,"Arhgef3"
"ENSMUSG00000021900.11",989.096083881773,0.472331221259662,0.0677226659498901,6.97449243373191,0.999999999999997,1,"Btd"
"ENSMUSG00000021901.11",3701.08291770488,0.558038330478911,0.0426730131204502,13.0770782204616,1,1,"Bap1"
"ENSMUSG00000021902.8",431.052378019615,0.872372091145054,0.0639174874125142,13.6484102623573,0.977074392316764,1,"Phf7"
"ENSMUSG00000021903.12",66.6325273449887,0.863563198469837,0.271165045613299,3.18464054434708,0.6925707334163,1,"Galnt15"
"ENSMUSG00000021904.7",343.084971253207,1.2104132002618,0.202745961231375,5.97009771691812,0.149677636094433,1,"Sema3g"
"ENSMUSG00000021905.15",1288.91278621642,0.572258738013479,0.0569026171108747,10.0568087562376,0.999999999999972,1,"Dph3"
"ENSMUSG00000021906.15",826.900769734592,0.918191458587144,0.0834216972856114,11.0066264348893,0.836620431989609,1,"Oxnad1"
"ENSMUSG00000021908.11",16.608811955572,0.518976906725422,0.183787094466425,2.82379406580275,0.9955683768554,1,"Ncoa4-ps"
"ENSMUSG00000021910.16",19491.3780300187,0.61043251225886,0.057158441782493,10.6796562891228,0.999999999995306,1,"Nisch"
"ENSMUSG00000021911.17",2243.65068620081,0.536314277854347,0.0750857442427645,7.14269110951814,0.999999999670053,1,"Parg"
"ENSMUSG00000021916.17",1745.06561277568,0.943027402201453,0.0683865812428601,13.7896555883163,0.797604748675268,1,"Glt8d1"
"ENSMUSG00000021917.17",3051.06018319709,0.783595636672427,0.0429056852504445,18.2632122549379,0.999999771719161,1,"Spcs1"
"ENSMUSG00000021918.11",1054.15627553216,0.6640641762489,0.0500382485636515,13.2711314906271,0.999999999990505,1,"Nek4"
"ENSMUSG00000021927.8",9.29003610312613,0.00201585101236947,0.168838122740004,0.0119395488391783,0.99999999976998,1,"Hnrnpa1l2-ps2"
"ENSMUSG00000021928.10",353.806607688572,1.10129536177998,0.129751966342637,8.487696894487,0.217494010533283,1,"Ebpl"
"ENSMUSG00000021929.10",4440.16765011496,0.441338465225696,0.0579586933677588,7.61470695043659,1,1,"Kpna3"
"ENSMUSG00000021930.15",1033.37550061895,0.0570495181918563,0.0774069584643595,0.737007619516837,1,1,"Spryd7"
"ENSMUSG00000021932.14",1318.02055191612,0.314391635060096,0.0941336436248765,3.33984347097994,0.999999999999837,1,"Rnaseh2b"
"ENSMUSG00000021936.15",2151.74412058788,0.262034735108722,0.0727740349890738,3.60066244984305,1,1,"Mapk8"
"ENSMUSG00000021938.13",1942.22489941909,0.302212272342558,0.064603973161063,4.67792083915827,1,1,"Pspc1"
"ENSMUSG00000021939.9",15549.4476306005,0.839864272163352,0.116351191284508,7.21835559130353,0.915637719110826,1,"Ctsb"
"ENSMUSG00000021945.10",4400.32603132231,0.632301977363322,0.0778633179355281,8.12066572717691,0.999998834338361,1,"Zmym2"
"ENSMUSG00000021947.12",514.864746643553,0.6924745893426,0.111503947252427,6.21031457993993,0.997091992582333,1,"Cryl1"
"ENSMUSG00000021948.18",151.923656107213,0.822519380973012,0.269446458983106,3.05262642558825,0.744951297968141,1,"Prkcd"
"ENSMUSG00000021952.18",2668.34740209053,0.688001410483779,0.0892299847712754,7.71042841985622,0.99976435663283,1,"Xpo4"
"ENSMUSG00000021957.8",14125.2953402322,1.01377206417545,0.0624546899752955,16.2321206714252,0.412735867365657,1,"Tkt"
"ENSMUSG00000021958.6",599.655154382012,0.630207298059737,0.0802717259675547,7.85092497343912,0.999997955057445,1,"Pinx1"
"ENSMUSG00000021962.10",1546.14439876436,0.697598111434078,0.0491757079255569,14.1858275327752,0.999999999611156,1,"Dcp1a"
"ENSMUSG00000021963.18",3665.0955184665,0.894604876561933,0.0795213165898248,11.2498750640203,0.907475677354334,1,"Sap18"
"ENSMUSG00000021965.4",958.576806936799,0.701378994057526,0.127988992171085,5.4799946632909,0.990180578063567,1,"Ska3"
"ENSMUSG00000021967.5",861.833719598444,0.755855696107457,0.0879293388976247,8.59617171678605,0.997253434595066,1,"Mrpl57"
"ENSMUSG00000021969.9",4304.81592988821,0.921209627794078,0.058684909119955,15.6975556682056,0.910299271309612,1,"Zdhhc20"
"ENSMUSG00000021972.15",3239.29124275994,0.662727840566097,0.0768133549616425,8.62776845116369,0.999994353308104,1,"Hmbox1"
"ENSMUSG00000021973.10",3384.56992176448,0.779312988066287,0.0613691272225553,12.6987790658991,0.999838462820441,1,"Micu2"
"ENSMUSG00000021975.10",1055.36490038097,0.612228482945055,0.0574539076411953,10.6559937884204,0.99999999999257,1,"Ints9"
"ENSMUSG00000021981.11",1472.00175138354,0.482978255837751,0.0656654355709849,7.35513671139283,0.999999999999998,1,"Cab39l"
"ENSMUSG00000021982.15",661.488293586485,0.639691565092395,0.0876901035535391,7.29491173085264,0.999980121186967,1,"Cdadc1"
"ENSMUSG00000021987.10",4623.35644953758,0.746145569148821,0.08291965989864,8.99841569611959,0.998898662803894,1,"Mtmr6"
"ENSMUSG00000021990.17",1055.98534031705,0.18638236610356,0.139716277091711,1.33400610138801,0.999999997116126,1,"Spata13"
"ENSMUSG00000021993.11",872.718040180615,0.653313453055378,0.059388016141748,11.0007623675464,0.999999997352914,1,"Mipep"
"ENSMUSG00000021994.16",1281.83800621698,1.22181999307167,0.189555126080068,6.44572382893812,0.120957503592487,1,"Wnt5a"
"ENSMUSG00000021996.17",3921.35961936746,0.832640451097796,0.079038276761743,10.5346483401675,0.982889135795225,1,"Esd"
"ENSMUSG00000021998.17",489.44863160488,0.27044382288305,0.308713349397946,0.876035401159263,0.99096076975606,1,"Lcp1"
"ENSMUSG00000022000.12",3424.56103422152,0.590180414992576,0.0632908034219995,9.324900034172,0.999999999952652,1,"Zc3h13"
"ENSMUSG00000022008.5",1958.84071139858,0.6122896607306,0.066778215876176,9.16900298543379,0.999999996799713,1,"Gpalpp1"
"ENSMUSG00000022009.2",1081.95574674865,0.80641274282887,0.0515062284957492,15.6566063247171,0.99991453975668,1,"Nufip1"
"ENSMUSG00000022010.20",7605.08658616519,-0.252030777733944,0.0959408196503401,-2.62694001002368,0.999999999999997,1,"Tsc22d1"
"ENSMUSG00000022012.10",351.301145366955,0.320765619667412,0.120744550291344,2.65656395169338,0.999999990745176,1,"Enox1"
"ENSMUSG00000022013.5",882.853063025705,0.825312530463478,0.0775756289779241,10.638811974033,0.987833630377608,1,"Dnajc15"
"ENSMUSG00000022014.17",68.4671816831357,-0.660347627142455,0.288715768303176,-2.28718933857826,0.880287409415319,1,"Epsti1"
"ENSMUSG00000022016.18",6782.30431380041,0.651838610407966,0.0774663144262522,8.41447815396606,0.999996511000937,1,"Akap11"
"ENSMUSG00000022018.8",1054.47803447108,-0.862200773532291,0.197377172949705,-4.36829021637672,0.757458863575341,1,"Rgcc"
"ENSMUSG00000022019.17",1270.25095095469,0.650162048147402,0.0740780800336468,8.77671300136415,0.999998835510795,1,"Tdrd3"
"ENSMUSG00000022020.16",971.95697192748,1.0079221135804,0.0696445728754476,14.4723712410868,0.454717740629355,1,"Naa16"
"ENSMUSG00000022021.16",1925.75822201687,0.915890970103705,0.122925555242453,7.45077757263116,0.753084200498333,1,"Diaph3"
"ENSMUSG00000022022.4",316.701358477395,0.810804925127994,0.0530236096528748,15.2913943512338,0.999820230198156,1,"Mtrf1"
"ENSMUSG00000022023.7",1992.84393095129,0.766622541661345,0.0495763893130369,15.4634605763787,0.99999874571252,1,"Wbp4"
"ENSMUSG00000022024.11",3852.40606136817,0.843341690658331,0.0550515032802024,15.3191400853465,0.997784082288876,1,"Sugt1"
"ENSMUSG00000022031.7",3649.55765522421,0.705829947023441,0.0425479035293473,16.5890652294207,0.999999999997642,1,"Elp3"
"ENSMUSG00000022033.10",3745.68087837775,0.495869081346633,0.132040939829725,3.75541920548343,0.999932728168221,1,"Pbk"
"ENSMUSG00000022034.11",1304.11010094258,0.571489010058274,0.133687623009132,4.27480867110067,0.999325427099405,1,"Esco2"
"ENSMUSG00000022035.7",1445.47332570884,0.454599506156799,0.0625630730155208,7.26625922041938,1,1,"Ccdc25"
"ENSMUSG00000022037.16",5698.40787815745,0.858905501370792,0.181261834218882,4.73847958712382,0.781833846972601,1,"Clu"
"ENSMUSG00000022039.7",46.8139959124704,0.36576818304354,0.322073796988574,1.13566575879042,0.97554681436713,1,"Adam2"
"ENSMUSG00000022043.20",7971.93710831081,0.572308606522448,0.0772337172995461,7.41008754379625,0.999999984669991,1,"Trim35"
"ENSMUSG00000022048.10",5834.48884056625,0.359584497800389,0.0852049299710201,4.2202311289111,0.999999999999972,1,"Dpysl2"
"ENSMUSG00000022051.16",9326.2760731186,0.966806087738779,0.112375879568156,8.60332387567579,0.616149299484238,1,"Bnip3l"
"ENSMUSG00000022052.10",5814.02894727735,0.786194891338818,0.0619750856730609,12.685660419838,0.999719556964038,1,"Ppp2r2a"
"ENSMUSG00000022053.14",19.5835206236182,-0.862598317158322,0.244892913770486,-3.52234902953031,0.712624555916737,1,"Ebf2"
"ENSMUSG00000022064.11",743.355924057758,0.462403041602896,0.0509701062343487,9.0720439050465,1,1,"Pibf1"
"ENSMUSG00000022066.17",1123.75841014492,1.01302947330955,0.0846318860263693,11.9698321858727,0.438822742344933,1,"Entpd4b"
"ENSMUSG00000022070.8",1384.57017941482,0.545024666966746,0.118049029137286,4.61693476812,0.999941927108711,1,"Bora"
"ENSMUSG00000022074.7",19.6935762008393,0.22396871139974,0.208025089460287,1.07664278371814,0.999904440432836,1,"Tnfrsf10b"
"ENSMUSG00000022075.8",1267.78756293695,0.398178838674335,0.105431288215997,3.77666673159287,0.999999994290593,1,"Rhobtb2"
"ENSMUSG00000022090.11",172.658330846114,0.953515155028534,0.163971182974754,5.81513859770924,0.61160090611758,1,"Pdlim2"
"ENSMUSG00000022091.7",306.595834793967,-0.329689385891151,0.19121145927247,-1.72421353377862,0.99977220909723,1,"Sorbs3"
"ENSMUSG00000022092.12",828.849698673782,0.733137386723346,0.0607714816519516,12.063839267934,0.999994364890312,1,"Ppp3cc"
"ENSMUSG00000022095.10",500.721559107874,0.412668315912345,0.0657376297075283,6.27750525457546,1,1,"Fhip2b"
"ENSMUSG00000022096.15",586.845209694884,-0.0296920474744931,0.133971171992934,-0.221630124099079,0.999999999999788,1,"Hr"
"ENSMUSG00000022099.19",332.355974319272,-0.168506703616043,0.225091090921054,-0.748615606804018,0.999889740668895,1,"Dmtn"
"ENSMUSG00000022100.15",4088.24276574691,0.589103015173848,0.0674938018120842,8.72825354858547,0.999999999428071,1,"Xpo7"
"ENSMUSG00000022102.14",21.843563235896,0.906813426161796,0.312964580437724,2.89749538076639,0.617054681861841,1,"Dok2"
"ENSMUSG00000022103.11",114.981014160765,1.16972184167913,0.206890778994224,5.65381331814594,0.206009694713616,1,"Gfra2"
"ENSMUSG00000022105.7",3238.86334890381,0.328979395990482,0.0836004088824088,3.93514099259036,0.999999999999999,1,"Rb1"
"ENSMUSG00000022106.15",2982.68705545399,0.695904748826881,0.0633219867740936,10.9899386339468,0.999999215984749,1,"Rcbtb2"
"ENSMUSG00000022108.9",18862.050854291,0.98559162775691,0.101585512995274,9.70208840509341,0.556394796273703,1,"Itm2b"
"ENSMUSG00000022109.7",1306.33371073947,0.638769035897495,0.0549131728851481,11.6323461627958,0.999999999976194,1,"Med4"
"ENSMUSG00000022110.14",3148.5259952528,0.848829730305114,0.0557891538317626,15.214959754809,0.996632504289258,1,"Sucla2"
"ENSMUSG00000022111.10",1426.98976161529,0.4255373938059,0.0626203051141869,6.79551773230648,1,1,"Uchl3"
"ENSMUSG00000022112.15",44.7816935270893,-0.348928489202421,0.295785609694877,-1.17966688630446,0.9861402091707,1,"Gpc5"
"ENSMUSG00000022119.16",3871.23637643678,0.429943058853567,0.0508081506219151,8.46208833801007,1,1,"Rbm26"
"ENSMUSG00000022120.5",1299.81720650166,0.325716867997988,0.0943792366657683,3.4511496331706,0.999999999999548,1,"Obi1"
"ENSMUSG00000022122.16",4635.83508357512,-0.92497719722449,0.253421409660829,-3.64995679908201,0.616400125428524,1,"Ednrb"
"ENSMUSG00000022124.16",2726.83365087312,0.945337869352152,0.063660943042243,14.8495737602389,0.804731712672143,1,"Fbxl3"
"ENSMUSG00000022125.8",2605.57254257977,1.01661423577759,0.0884040415764991,11.4996352841842,0.425463704227763,1,"Cln5"
"ENSMUSG00000022130.11",699.754425448239,0.710050294022363,0.064789888458437,10.9592763765578,0.999996183559701,1,"Tgds"
"ENSMUSG00000022131.4",951.050117331942,0.494371975836496,0.0640231375735588,7.72177051255091,0.999999999999999,1,"Gpr180"
"ENSMUSG00000022136.9",4759.78647143304,0.856022096671279,0.0820437808462967,10.4337231639163,0.960361034218408,1,"Dnajc3"
"ENSMUSG00000022139.18",5050.50471028952,0.835268352512468,0.0710686823666312,11.7529736685346,0.989773214028746,1,"Mbnl2"
"ENSMUSG00000022141.8",5576.87695853808,0.103637942517472,0.0557115675407108,1.86025895684481,1,1,"Nipbl"
"ENSMUSG00000022142.9",2359.04101751555,-0.0356408047991868,0.0818148208192363,-0.435627731532071,1,1,"Nup155"
"ENSMUSG00000022146.13",142.32104798042,0.646649815859636,0.294127213040141,2.19853786793738,0.885192580526188,1,"Osmr"
"ENSMUSG00000022148.17",175.83452302558,0.288624176123578,0.413759347885897,0.697565330181187,0.958141489061925,1,"Fyb1"
"ENSMUSG00000022150.17",915.176700645264,-1.31776026391484,0.292692488259204,-4.50220048950438,0.138817944904987,1,"Dab2"
"ENSMUSG00000022151.17",614.08051384637,-0.156197085111207,0.0665715205717926,-2.34630490290153,1,1,"Ttc33"
"ENSMUSG00000022159.17",1315.04656505996,0.492160681577105,0.107212137398788,4.59053138495372,0.999998914247249,1,"Rab2b"
"ENSMUSG00000022160.19",1232.88380679862,0.653773645080122,0.0817371416864194,7.99848920076374,0.99998861561457,1,"Mettl3"
"ENSMUSG00000022174.9",1918.50495544674,0.736790071206361,0.0457666259737337,16.0988505385828,0.999999995567619,1,"Dad1"
"ENSMUSG00000022175.10",3451.12417504407,0.708349727736677,0.0636156215595105,11.1348393739113,0.999997725392034,1,"Lrp10"
"ENSMUSG00000022176.12",92.6394476846608,-0.839685191480618,0.150948137034224,-5.562739679856,0.855894017091699,1,"Rem2"
"ENSMUSG00000022177.10",308.271801338125,-0.0314267470197468,0.0981516030628926,-0.320185774241603,1,1,"Haus4"
"ENSMUSG00000022178.12",579.059688454599,1.16071195273126,0.151239497196063,7.67466154179647,0.143974399651109,1,"Ajuba"
"ENSMUSG00000022179.6",360.002612340551,-0.198404805059114,0.1038196063907,-1.91105333526757,0.999999999999994,1,"4931414P19Rik"
"ENSMUSG00000022184.9",307.580803924696,0.430836064441435,0.0831848347051803,5.17926213315665,0.9999999999961,1,"Fbxo4"
"ENSMUSG00000022185.20",6542.01379231761,0.39480236920018,0.0525084507655913,7.51883484360756,1,1,"Acin1"
"ENSMUSG00000022186.15",8020.56211873265,0.0228192158670889,0.0700561759912865,0.325727397252272,1,1,"Oxct1"
"ENSMUSG00000022191.17",4866.17356107547,-0.27931913907036,0.0510659208084733,-5.46977582403669,1,1,"Drosha"
"ENSMUSG00000022193.8",2620.81928934038,0.507857192090823,0.0542351339201462,9.3639889013379,1,1,"Psmb5"
"ENSMUSG00000022194.16",3656.99199368715,0.283279127796483,0.0675055101856695,4.19638525828992,1,1,"Pabpn1"
"ENSMUSG00000022195.8",1317.60054719397,-0.0498319022812931,0.0465737088236442,-1.06995778390736,1,1,"6030458C11Rik"
"ENSMUSG00000022197.17",630.959491147826,0.0630023868358969,0.179954976181534,0.350100831734387,0.999999905702119,1,"Pdzd2"
"ENSMUSG00000022199.13",4863.78927434647,-0.44059196512165,0.122409988350143,-3.59931383917278,0.999997560845409,1,"Slc22a17"
"ENSMUSG00000022200.9",5876.00609970956,0.389090474541305,0.0857098043297717,4.53962621410574,0.99999999999949,1,"Golph3"
"ENSMUSG00000022201.17",6257.86008687562,-0.198155872328884,0.047872100339822,-4.13927675874395,1,1,"Zfr"
"ENSMUSG00000022203.8",4095.74774368616,0.402029542530006,0.0624375610207694,6.43890529926808,1,1,"Efs"
"ENSMUSG00000022204.10",1270.83838371621,0.68079650163241,0.0628703730424172,10.828574234371,0.999999808449781,1,"Ngdn"
"ENSMUSG00000022205.16",4482.17932648538,0.0675634809527411,0.0591318058726435,1.14259119869022,1,1,"Sub1"
"ENSMUSG00000022209.13",19.5808604508498,0.270757823388735,0.26497014287107,1.02184276482985,0.997040697007837,1,"Dhrs2"
"ENSMUSG00000022210.8",646.465670375331,0.88824676916076,0.096851124353752,9.17125924027901,0.875722468922196,1,"Dhrs4"
"ENSMUSG00000022211.10",554.99985114208,-0.337183017916184,0.107707759672678,-3.13053598868715,0.99999999962187,1,"Carmil3"
"ENSMUSG00000022214.16",1570.88244950974,0.499136389238769,0.0721651259468694,6.91658723919156,0.999999999998047,1,"Dcaf11"
"ENSMUSG00000022216.18",1985.36874179503,0.391947068812494,0.108779672186276,3.60312787246976,0.99999998863122,1,"Psme1"
"ENSMUSG00000022219.11",63.458430093888,0.768366332735766,0.16841235052254,4.56241083478572,0.915495640280137,1,"Cideb"
"ENSMUSG00000022228.15",1892.14525036814,0.154817939146431,0.0655583330861514,2.36152952429376,1,1,"Zscan26"
"ENSMUSG00000022231.11",111.579933491216,-0.526519546239262,0.221319339031473,-2.37900378947177,0.983796502710412,1,"Sema5a"
"ENSMUSG00000022234.16",11398.8105956835,0.11783631569443,0.0523734965091588,2.24992264310297,1,1,"Cct5"
"ENSMUSG00000022235.16",204.356896669178,0.570187634068239,0.151895969109529,3.75380358946252,0.997670049455247,1,"Cmbl"
"ENSMUSG00000022236.11",126.167284104168,0.522427011630827,0.100576527308364,5.19432342328826,0.999998974607389,1,"Ropn1l"
"ENSMUSG00000022237.18",455.99490148407,1.03883593779207,0.236787004678236,4.38721685425142,0.434860802703843,1,"Ankrd33b"
"ENSMUSG00000022240.11",6022.66611057068,-0.190808029480493,0.0890557706120239,-2.14256783327111,1,1,"Ctnnd2"
"ENSMUSG00000022241.7",3818.56546185614,0.258073012661495,0.0680483726873747,3.79249352291089,1,1,"Tars1"
"ENSMUSG00000022244.8",253.240637117691,0.304053703563189,0.0655976677543528,4.63512978390932,1,1,"Amacr"
"ENSMUSG00000022246.15",187.409646754724,-0.812679602047927,0.142195357235585,-5.71523302762622,0.906138561008239,1,"Rai14"
"ENSMUSG00000022247.13",2077.49458093315,0.0192039598526856,0.0616898448590936,0.311298559698919,1,1,"Brix1"
"ENSMUSG00000022248.15",508.709679344676,-0.0576500589775436,0.0585551752025329,-0.984542506757795,1,1,"Rad1"
"ENSMUSG00000022253.18",1795.37737905508,0.256422343876038,0.0845253060684445,3.03367542577604,1,1,"Nadk2"
"ENSMUSG00000022255.17",8070.24334675511,0.177280172220816,0.0454200249098729,3.9031280271773,1,1,"Mtdh"
"ENSMUSG00000022257.5",5709.33619449097,0.684008964841577,0.0675304411068263,10.1288982217596,0.999998560287781,1,"Laptm4b"
"ENSMUSG00000022261.7",3170.76764353654,0.240451349845743,0.0857366830088407,2.80453291878518,1,1,"Sdc2"
"ENSMUSG00000022263.11",9087.26937980303,-0.122160821734651,0.0852763395076262,-1.43252891059807,1,1,"Trio"
"ENSMUSG00000022265.8",5453.77947698194,0.825623832607655,0.104519916191007,7.89920105847438,0.952377212771018,1,"Ank"
"ENSMUSG00000022270.17",368.338214873782,-0.776008695239672,0.199916796660876,-3.88165831086237,0.868733148832239,1,"Retreg1"
"ENSMUSG00000022272.18",7308.36888311,-0.0130954396229578,0.0794715268809098,-0.164781527887109,1,1,"Myo10"
"ENSMUSG00000022280.10",1846.69705720372,0.244752379731073,0.0710919168407888,3.44275960766677,1,1,"Rnf19a"
"ENSMUSG00000022283.16",37522.1673064322,0.491560459494818,0.0764963429674508,6.42593410908514,0.999999999985002,1,"Pabpc1"
"ENSMUSG00000022285.18",30546.2204453029,0.031121283269813,0.0406673171659979,0.765265216359874,1,1,"Ywhaz"
"ENSMUSG00000022292.17",1413.88990865142,-0.126580649634528,0.0759085807788036,-1.66754072248277,1,1,"Rrm2b"
"ENSMUSG00000022295.9",2340.79385000237,0.166341897302018,0.0563991548811427,2.94936861469949,1,1,"Atp6v1c1"
"ENSMUSG00000022299.10",791.222157580918,-0.0161340348311593,0.058953465314062,-0.273674070645528,1,1,"Slc25a32"
"ENSMUSG00000022300.11",1825.47299448091,-0.0490372697451988,0.0582817717201266,-0.841382619263522,1,1,"Dcaf13"
"ENSMUSG00000022305.14",1896.81837516727,-0.0483047444775426,0.0582829660257044,-0.82879694997401,1,1,"Lrp12"
"ENSMUSG00000022306.10",941.615801972837,-0.313033797566916,0.0827579285290879,-3.78252335613851,1,1,"Zfpm2"
"ENSMUSG00000022307.17",4839.49932798055,0.443619861860947,0.0703237391683958,6.3082519090554,0.999999999999999,1,"Oxr1"
"ENSMUSG00000022312.12",10146.323856175,0.232374447701747,0.0939177115393336,2.4742345601599,1,1,"Eif3h"
"ENSMUSG00000022313.11",598.91480803134,-0.0607523513366093,0.0575521536774458,-1.05560517643005,1,1,"Utp23"
"ENSMUSG00000022314.11",14459.183334938,-0.0957808954168232,0.0534675597609618,-1.7913833330908,1,1,"Rad21"
"ENSMUSG00000022322.9",1467.81264309892,-0.0738414522788049,0.128010584175454,-0.576838647791783,0.999999999999767,1,"Shcbp1"
"ENSMUSG00000022323.12",541.062905908053,0.27881635734555,0.0808230617258642,3.44971288382071,1,1,"Rida"
"ENSMUSG00000022325.15",630.150727243997,-0.431811965464983,0.094872976179855,-4.5514748546138,0.999999998943899,1,"Pop1"
"ENSMUSG00000022329.16",2114.57944521407,0.513921757951484,0.054571439971996,9.41741244532322,1,1,"Stk3"
"ENSMUSG00000022330.6",236.728078890022,-0.073315990136314,0.138004668985715,-0.531257316691967,0.999999999990592,1,"Osr2"
"ENSMUSG00000022332.9",4256.98517918708,-0.157659650632371,0.0946444060753912,-1.66581055521426,1,1,"Khdrbs3"
"ENSMUSG00000022335.18",240.90225443821,0.0633523088701092,0.0607414358334076,1.04298339347562,1,1,"Zfat"
"ENSMUSG00000022336.4",9174.79716761215,0.222827618048414,0.0672140983120625,3.31519165836112,1,1,"Eif3e"
"ENSMUSG00000022337.8",1796.64478921868,0.0526264058667616,0.0394080416880256,1.33542301552002,1,1,"Emc2"
"ENSMUSG00000022338.9",2363.33108460704,-0.0749373967013127,0.0557962663460852,-1.34305396415777,1,1,"Eny2"
"ENSMUSG00000022339.10",664.267599015147,-0.107530987334103,0.0566498070578555,-1.89817040725812,1,1,"Ebag9"
"ENSMUSG00000022342.7",634.442623723314,0.522619817901711,0.255785878327745,2.04319261609925,0.969002211485423,1,"Kcnv1"
"ENSMUSG00000022346.18",2707.37503557526,-0.15673324149829,0.077931164073825,-2.01117541821671,1,1,"Myc"
"ENSMUSG00000022350.8",3365.86026629906,-0.0400392371488006,0.0624673992072781,-0.640962128356635,1,1,"Washc5"
"ENSMUSG00000022351.15",10699.2224073334,-0.0756661148412762,0.105435576089666,-0.717652595523614,1,1,"Sqle"
"ENSMUSG00000022353.11",7898.32209425339,-0.311240707216476,0.0802518211116499,-3.87830086476746,1,1,"Mtss1"
"ENSMUSG00000022354.5",2446.72364067603,0.179992747649017,0.040874436916127,4.40355295947822,1,1,"Ndufb9"
"ENSMUSG00000022358.8",839.185085577876,-0.411665255312865,0.225937353331459,-1.8220327415668,0.995392498039478,1,"Fbxo32"
"ENSMUSG00000022359.11",175.574044550355,-0.18227965362123,0.0683382183107586,-2.66731644644786,1,1,"Ntaq1"
"ENSMUSG00000022360.9",4090.44710707659,0.0412525863968287,0.109949280233624,0.375196511602202,1,1,"Atad2"
"ENSMUSG00000022361.15",2046.70155259074,-0.016098435492163,0.0804069789226253,-0.200211918267124,1,1,"Zhx1"
"ENSMUSG00000022362.14",63.6525574478421,0.242055892019197,0.19886729548759,1.21717294654064,0.999930882938807,1,"Gm29394"
"ENSMUSG00000022364.15",1034.63012794305,0.291244790625908,0.0744673010142476,3.91104265441532,1,1,"Tbc1d31"
"ENSMUSG00000022365.7",3366.25501892317,0.380027014553299,0.0468615872506875,8.10956343668713,1,1,"Derl1"
"ENSMUSG00000022367.8",154.732983651737,-1.06419597584971,0.248896472123897,-4.2756571307285,0.398233397816192,1,"Has2"
"ENSMUSG00000022369.14",1030.60257398301,0.193260148103472,0.0895433242567338,2.15828650217817,1,1,"Mtbp"
"ENSMUSG00000022370.14",1478.66658152562,0.158590185371661,0.0605269155837895,2.62015970650478,1,1,"Mrpl13"
"ENSMUSG00000022372.15",52.4065754287387,0.0566882513508477,0.317857724158101,0.178344734270642,0.998942932397066,1,"Sla"
"ENSMUSG00000022377.17",3107.40280086181,-0.309370397270679,0.113681821585207,-2.72137086613095,0.999999999380487,1,"Asap1"
"ENSMUSG00000022378.15",3187.38158807129,-0.292046421258009,0.0534353986519395,-5.4654111062276,1,1,"Cyrib"
"ENSMUSG00000022382.16",864.714474727035,0.209079465285166,0.166432287129373,1.25624341821753,0.999998993954736,1,"Wnt7b"
"ENSMUSG00000022383.14",43.7255386937058,1.35402816029558,0.283446353632054,4.77701738951724,0.105830172565963,1,"Ppara"
"ENSMUSG00000022385.12",1529.28001659835,-0.101052953922604,0.103138570821409,-0.97977849719852,1,1,"Gtse1"
"ENSMUSG00000022386.13",320.948716868845,-0.138423343925332,0.0763528696333063,-1.81294225862271,1,1,"Trmu"
"ENSMUSG00000022387.18",2493.06027619137,-0.0426913792702979,0.0415585658964416,-1.02725824025495,1,1,"Brd1"
"ENSMUSG00000022388.15",25.3879759737361,0.762780512050597,0.392629898196388,1.94274688594669,0.727141879857963,1,"Ttll8"
"ENSMUSG00000022389.16",3240.02741670663,0.111560430115054,0.101949570993916,1.09427071666355,1,1,"Tef"
"ENSMUSG00000022390.12",7402.63630425666,-0.236198806448632,0.05100418391866,-4.63096923235387,1,1,"Zc3h7b"
"ENSMUSG00000022391.17",4745.83729796635,-0.242813608935265,0.0959066275808779,-2.53177090113507,0.999999999999999,1,"Rangap1"
"ENSMUSG00000022394.15",1277.28384197464,-0.241175703126782,0.0768933626172839,-3.13649572495834,1,1,"L3mbtl2"
"ENSMUSG00000022400.10",4035.53718611754,-0.0420126897826168,0.0590813908559324,-0.711098523138411,1,1,"Rbx1"
"ENSMUSG00000022401.13",825.40189029365,0.0435061562506842,0.0754332107147033,0.576750688966816,1,1,"Xpnpep3"
"ENSMUSG00000022403.16",10814.6656168562,-0.062067100230268,0.0629897018891893,-0.98535313501651,1,1,"St13"
"ENSMUSG00000022404.9",2122.78947819045,0.072713141511788,0.0457014904436511,1.5910452986526,1,1,"Slc25a17"
"ENSMUSG00000022407.11",2061.43023355231,0.0557929991656571,0.0693742516310077,0.804232086890285,1,1,"Adsl"
"ENSMUSG00000022412.15",1698.74690669122,0.0326912022794657,0.0646551955663038,0.505623747529166,1,1,"Mief1"
"ENSMUSG00000022414.9",727.456018287408,-0.0358405107947138,0.0550736348075841,-0.650774384511448,1,1,"Tab1"
"ENSMUSG00000022415.13",574.863120126371,0.178412808876565,0.10068901833366,1.77191924034204,1,1,"Syngr1"
"ENSMUSG00000022419.17",1095.3819416246,0.507152428858949,0.212813986101627,2.38307847218633,0.989717065264377,1,"Deptor"
"ENSMUSG00000022420.17",674.322119469275,-0.0434783778899485,0.0601569175084722,-0.72274943083354,1,1,"Dnal4"
"ENSMUSG00000022421.22",2360.97838871066,0.169969155257669,0.133332719821066,1.27477453010611,0.999999999759621,1,"Nptxr"
"ENSMUSG00000022422.14",281.172938679206,-0.260179436632232,0.127227030630243,-2.04500124968244,0.999999996967648,1,"Dscc1"
"ENSMUSG00000022426.7",1892.03019863594,0.169129498903959,0.0445922755330444,3.79279812214625,1,1,"Josd1"
"ENSMUSG00000022427.5",3568.56236318468,-0.00433030987838837,0.0523749857727271,-0.0826789700178451,1,1,"Tomm22"
"ENSMUSG00000022428.9",969.303059865214,-0.268962413730549,0.043857274750929,-6.13267502958222,1,1,"Cby1"
"ENSMUSG00000022433.22",4372.12387106655,-0.143250913582657,0.0418613441039805,-3.42203330181735,1,1,"Csnk1e"
"ENSMUSG00000022434.9",728.444223075685,0.0983693310254557,0.0769525822152343,1.2783109831236,1,1,"Fam118a"
"ENSMUSG00000022436.17",553.925393089779,0.529087198951524,0.0962958538605548,5.49439231015793,0.999999496513224,1,"Sh3bp1"
"ENSMUSG00000022437.8",2609.93176155399,0.111028799767617,0.0626212225320563,1.77302191299093,1,1,"Samm50"
"ENSMUSG00000022438.7",167.018800909103,-0.398831143066688,0.390516482782122,-1.02129144517878,0.938319579365125,1,"Parvb"
"ENSMUSG00000022439.10",39.3314952033051,0.812855453526363,0.436445940883204,1.86244246396575,0.66597907359879,1,"Parvg"
"ENSMUSG00000022440.10",3759.60535756316,0.545408330089756,0.0786185119165037,6.9374033773242,0.999999996314536,1,"C1qtnf6"
"ENSMUSG00000022442.17",389.693142404766,-0.383583020913688,0.0725197652753847,-5.28935827987142,1,1,"Ttll1"
"ENSMUSG00000022443.18",22301.0227010717,0.71770057710191,0.0883766842172803,8.12092672924221,0.999299087164815,1,"Myh9"
"ENSMUSG00000022449.15",84.0628220545122,-0.897703831442642,0.211536900137179,-4.24372216318048,0.685659951100293,1,"Adamts20"
"ENSMUSG00000022450.7",1920.84618800609,0.418127796655642,0.0944078390737883,4.42895209505682,0.999999999643978,1,"Ndufa6"
"ENSMUSG00000022451.13",6251.65567606759,-0.575011446644758,0.116523221700698,-4.9347369412917,0.999867465605871,1,"Twf1"
"ENSMUSG00000022452.17",1749.69798295134,-0.20490502870989,0.0519363604396061,-3.94530974014173,1,1,"Smdt1"
"ENSMUSG00000022453.9",1281.20185178707,0.533704466711361,0.092106780365148,5.79441018995066,0.999999793161391,1,"Naga"
"ENSMUSG00000022462.8",10862.8692448189,-0.0596089229464107,0.0870505772338228,-0.68476194920911,1,1,"Slc38a2"
"ENSMUSG00000022463.9",12656.9803238626,0.0985713011680324,0.0782678708426346,1.25940951385045,1,1,"Srebf2"
"ENSMUSG00000022466.7",1014.223061956,-0.0449077120490668,0.0497578840742437,-0.902524552331447,1,1,"Rpap3"
"ENSMUSG00000022469.18",1142.24911789071,0.596807008666786,0.114169924545952,5.22735747650056,0.999793408088321,1,"Rapgef3"
"ENSMUSG00000022471.15",1735.56084058898,-0.0835761639696801,0.0732517363772491,-1.14094447589965,1,1,"Xrcc6"
"ENSMUSG00000022472.17",1833.3115889666,-0.256246244070197,0.0670880049765769,-3.81955379593807,1,1,"Desi1"
"ENSMUSG00000022474.16",1373.65812226758,-0.225007031254798,0.0660498911609408,-3.40662228657627,1,1,"Pmm1"
"ENSMUSG00000022475.20",1083.8500336606,0.42518310683513,0.128954414514205,3.29715821235646,0.999995854336531,1,"Hdac7"
"ENSMUSG00000022476.9",941.994689585008,0.0963552826754358,0.064411664733845,1.4959290847952,1,1,"Polr3h"
"ENSMUSG00000022477.14",14335.5425411532,0.274595098119916,0.0554464749685546,4.95243562869682,1,1,"Aco2"
"ENSMUSG00000022479.16",32.234625071964,0.490240631480313,0.392435088382379,1.24922731425747,0.903095101454687,1,"Vdr"
"ENSMUSG00000022483.18",71.9864663151411,-0.704399893321536,0.278892375220011,-2.52570509597422,0.8554066478375,1,"Col2a1"
"ENSMUSG00000022488.10",304.452779593689,-0.648773473234815,0.306714440205107,-2.1152361551708,0.873921451368628,1,"Nckap1l"
"ENSMUSG00000022489.7",588.364450359294,0.533515496657744,0.264796963122259,2.01480972578759,0.960937353031673,1,"Pde1b"
"ENSMUSG00000022490.8",87.11056674076,-1.13049414820418,0.311105725595629,-3.63379409375958,0.337442644437393,1,"Ppp1r1a"
"ENSMUSG00000022494.16",144.624902463865,-1.18830061306014,0.322340625543037,-3.68647486198257,0.279554130017447,1,"Shisa9"
"ENSMUSG00000022498.17",1315.44914498781,0.252608472212703,0.0539028849589048,4.68636275044072,1,1,"Txndc11"
"ENSMUSG00000022500.16",3889.01782869446,-0.0979254915207785,0.0985342980567714,-0.993821374404655,1,1,"Litaf"
"ENSMUSG00000022503.11",1045.33075925507,-0.149940367901281,0.0759476158131672,-1.97426036743718,1,1,"Nubp1"
"ENSMUSG00000022505.10",121.010653792304,0.906577721036942,0.269827797003362,3.35983813048604,0.635414787317568,1,"Emp2"
"ENSMUSG00000022507.7",2746.10741353546,-0.0612140587873651,0.0536729540009198,-1.14050102005409,1,1,"Hapstr1"
"ENSMUSG00000022508.6",787.619698694374,0.997729683282433,0.153666651164861,6.49281855053911,0.505893877249804,1,"Bcl6"
"ENSMUSG00000022510.15",32.4169323269113,-0.160875006827984,0.309307439273915,-0.520113603493116,0.996752611607751,1,"Trp63"
"ENSMUSG00000022514.15",2938.61880272661,0.491802918273789,0.122699404244721,4.00819320436879,0.99998277088363,1,"Il1rap"
"ENSMUSG00000022515.7",598.355765332168,0.134426359024213,0.0544996187884175,2.46655595053047,1,1,"Anks3"
"ENSMUSG00000022516.11",1149.98179917834,0.135102697982864,0.0435999999778896,3.09868573512334,1,1,"Nudt16l1"
"ENSMUSG00000022517.18",2736.21325858951,0.106807387218453,0.0896663435323725,1.19116474488437,1,1,"Mgrn1"
"ENSMUSG00000022519.15",601.446894489224,-0.513423336537634,0.140875557651799,-3.64451679976067,0.9997237766966,1,"Srl"
"ENSMUSG00000022521.11",3727.02196153914,0.0718181930990192,0.12047237708403,0.596138258722374,0.999999999999993,1,"Crebbp"
"ENSMUSG00000022526.9",1538.04932454618,-0.35132435501904,0.0506503456027649,-6.93626767671773,1,1,"Zfp251"
"ENSMUSG00000022528.9",2086.41521104704,0.395877341077366,0.118577738176276,3.33854690742085,0.999999825389233,1,"Hes1"
"ENSMUSG00000022529.12",1046.14800249103,-0.0239136708911463,0.0388021194628027,-0.616298058513814,1,1,"Zfp263"
"ENSMUSG00000022533.15",18370.0193910041,0.730040894251186,0.109666967879939,6.65688956633158,0.99308456777621,1,"Atp13a3"
"ENSMUSG00000022536.15",5537.70596985279,-0.0551380867934456,0.0426981961156195,-1.29134464238585,1,1,"Glyr1"
"ENSMUSG00000022537.19",2197.1187402199,0.610524486279156,0.126112596496626,4.84110630689845,0.998993527523167,1,"Tmem44"
"ENSMUSG00000022538.21",1496.50226967758,0.168122449168043,0.0590518684934829,2.84703013566112,1,1,"Lsg1"
"ENSMUSG00000022540.18",472.645024019391,-0.37526576538241,0.0774545848032644,-4.8449780776127,1,1,"Rogdi"
"ENSMUSG00000022544.15",448.90153592836,0.576809539381772,0.0962987316893949,5.9897937310559,0.999994450107932,1,"Eef2kmt"
"ENSMUSG00000022545.14",747.279578121671,0.0426911177110591,0.0362285813023615,1.17838226550363,1,1,"Ercc4"
"ENSMUSG00000022546.6",75.7885245258759,-0.982349402134708,0.154205346260348,-6.37039782314802,0.545564075990451,1,"Gpt"
"ENSMUSG00000022548.15",806.352048758395,-0.731392459561265,0.279889108402897,-2.61315084297041,0.831395056790655,1,"Apod"
"ENSMUSG00000022550.19",299.558019625955,0.0948410954511673,0.118975245054224,0.797149822283975,0.999999999999986,1,"Adck5"
"ENSMUSG00000022551.9",3668.05069056823,0.273132855718488,0.0561035575962401,4.86836962611426,1,1,"Cyc1"
"ENSMUSG00000022552.17",702.241782655627,0.0687193674506032,0.0727958797460863,0.944000782603328,1,1,"Sharpin"
"ENSMUSG00000022553.17",1419.5420891878,0.037407628345589,0.0577657346858083,0.647574700625754,1,1,"Maf1"
"ENSMUSG00000022554.8",290.577731609325,-0.206506432116547,0.0762592709384649,-2.70795182769557,1,1,"Hgh1"
"ENSMUSG00000022555.13",521.123096533964,0.190998881949023,0.0554833583849071,3.44245351234866,1,1,"Dgat1"
"ENSMUSG00000022556.12",1059.5623299416,0.0939386971787251,0.0410577246844085,2.28796646430818,1,1,"Hsf1"
"ENSMUSG00000022557.12",1499.64291131826,-0.243166651444074,0.0716208986049031,-3.39519129445029,1,1,"Bop1"
"ENSMUSG00000022558.17",1352.71706564003,0.630313494617044,0.129408252419203,4.87073647030806,0.997859958920307,1,"Mroh1"
"ENSMUSG00000022559.9",795.410887456335,0.200734780662137,0.0608220015638816,3.30036459670444,1,1,"Fbxl6"
"ENSMUSG00000022560.10",458.420994441178,-0.0804652808206418,0.0525763140298026,-1.5304473564851,1,1,"Slc52a2"
"ENSMUSG00000022561.14",910.54054320073,-0.118697936134237,0.067844676644527,-1.7495541581863,1,1,"Gpaa1"
"ENSMUSG00000022562.16",161.349347919144,-0.173389471628894,0.121474338728747,-1.42737530776828,0.999999999994941,1,"Oplah"
"ENSMUSG00000022564.8",6076.68828140101,0.821801799002135,0.0902221377987381,9.10864915255455,0.975871886696813,1,"Grina"
"ENSMUSG00000022565.16",2422.59829924639,0.982447230325288,0.155488569931879,6.31845305899787,0.544940263730786,1,"Plec"
"ENSMUSG00000022568.18",2413.01228949222,-0.124407816799135,0.07061232869107,-1.76184271366296,1,1,"Scrib"
"ENSMUSG00000022570.8",852.168301574787,0.0572138661128619,0.0624086600607909,0.916761649058498,1,1,"Gfus"
"ENSMUSG00000022571.10",732.150196720663,0.0105054305222367,0.0442679094084123,0.237314810268415,1,1,"Pycr3"
"ENSMUSG00000022574.8",15.719591700214,0.00914419054274958,0.205779057330315,0.0444369347463353,0.999999734010917,1,"Naprt"
"ENSMUSG00000022575.6",64.2433337846433,-0.404827891082326,0.224695205642541,-1.80167569630458,0.99596106487173,1,"Gsdmd"
"ENSMUSG00000022580.14",45.0019671064699,-0.254581951910601,0.148397122019113,-1.71554507558314,0.999999745819565,1,"Rhpn1"
"ENSMUSG00000022601.12",1065.84975401933,0.12389230185637,0.0570407973617484,2.17199456505936,1,1,"Zbtb11"
"ENSMUSG00000022604.19",1046.93874955636,0.0695308579915853,0.055859040189985,1.24475568780094,1,1,"Cep97"
"ENSMUSG00000022607.19",6172.09909169065,0.455069099873314,0.115559598575621,3.93796019960662,0.999998794903033,1,"Ptk2"
"ENSMUSG00000022610.11",39.143444577657,-0.498005691214218,0.158867014650702,-3.13473311189975,0.999210720338598,1,"Mapk12"
"ENSMUSG00000022614.9",2439.64108137162,0.0619872037129143,0.0662956514447331,0.935011608786882,1,1,"Lmf2"
"ENSMUSG00000022615.8",25.6709408551741,0.167978869214517,0.11520177977723,1.45812737910251,0.999999999999744,1,"Tymp"
"ENSMUSG00000022617.16",986.041946272755,0.017837463133725,0.0669021683569151,0.266620104726117,1,1,"Chkb"
"ENSMUSG00000022620.15",1865.57790526493,0.628898454086308,0.0950643755031337,6.61550081992151,0.999952630813154,1,"Arsa"
"ENSMUSG00000022621.17",362.2881157218,-0.116842326346461,0.0568657135827019,-2.0547060607361,1,1,"Rabl2"
"ENSMUSG00000022623.18",1000.78670726116,-0.0836307137825431,0.0975624324248843,-0.857202016226199,1,1,"Shank3"
"ENSMUSG00000022629.19",1107.42798052307,0.0616644649007918,0.161930174914248,0.380808980991017,0.99999999660525,1,"Kif21a"
"ENSMUSG00000022634.10",1804.87444853822,-0.30110802481833,0.0564602975834007,-5.33309312395222,1,1,"Yaf2"
"ENSMUSG00000022635.10",1818.26553452985,0.0470820523643733,0.0636023298810673,0.740256724123377,1,1,"Zcrb1"
"ENSMUSG00000022637.12",1200.38235905384,0.27776242674015,0.0792971916468033,3.50280282279514,1,1,"Cblb"
"ENSMUSG00000022639.17",477.57344405039,-0.639373915265579,0.165014381600824,-3.87465570614473,0.985571045891975,1,"Dubr"
"ENSMUSG00000022641.16",3052.48542917356,-0.0112335624017741,0.0729439078200006,-0.154002750023957,1,1,"Bbx"
"ENSMUSG00000022656.16",2013.1760096359,0.108222213956319,0.0851557076512063,1.27087445975544,1,1,"Nectin3"
"ENSMUSG00000022658.11",151.612158826776,-1.03495842102127,0.213747548474054,-4.84196627474726,0.435042686946413,1,"Tagln3"
"ENSMUSG00000022661.15",209.345439922013,0.394812946001565,0.311929479821171,1.26571219311465,0.973822581080974,1,"Cd200"
"ENSMUSG00000022663.4",1933.70704089519,0.0193188281874996,0.0505289089728862,0.382332185281619,1,1,"Atg3"
"ENSMUSG00000022664.12",1830.66146432895,-0.233060242897106,0.120719401865684,-1.9305947452955,0.999999999894476,1,"Slc35a5"
"ENSMUSG00000022665.16",1204.65258356139,0.173938604947547,0.213997967127568,0.812804940543471,0.999943358768394,1,"Ccdc80"
"ENSMUSG00000022667.19",27.4721187404925,0.293462362401411,0.401979855016157,0.730042460435277,0.961242030906733,1,"Cd200r1"
"ENSMUSG00000022668.11",706.012297330126,-0.0402205269828987,0.0501041376363598,-0.80273863357966,1,1,"Gtpbp8"
"ENSMUSG00000022671.14",561.149465750635,-0.134786589023911,0.0804349356308311,-1.67572197288173,1,1,"Mzt2"
"ENSMUSG00000022672.9",1391.73514979878,-0.247267437216376,0.0811728686723768,-3.04618330312283,1,1,"Prkdc"
"ENSMUSG00000022673.6",4716.5099126709,-0.1943120732935,0.106374729488112,-1.82667513448497,0.999999999999982,1,"Mcm4"
"ENSMUSG00000022674.16",3014.18096731924,-0.0933218096539697,0.0484872416320123,-1.92466732511252,1,1,"Ube2v2"
"ENSMUSG00000022676.8",10.2255625013693,-1.14559380839932,0.249028999195702,-4.60024259061909,0.279392885085604,1,"Snai2"
"ENSMUSG00000022677.16",1501.06965019203,-0.0311860010455554,0.0422325072368275,-0.738435936816952,1,1,"Cep20"
"ENSMUSG00000022678.17",2512.50787178507,0.0322672775728357,0.0640100539169366,0.504097022238221,1,1,"Nde1"
"ENSMUSG00000022679.14",224.246673748823,-0.401364414185383,0.149917448870103,-2.67723615369914,0.999967392678278,1,"Mpv17l"
"ENSMUSG00000022680.15",2933.36144072274,0.0807433797303452,0.0792951634863596,1.01826361382349,1,1,"Pdxdc1"
"ENSMUSG00000022681.16",1357.23511401793,0.100185969558298,0.0539694754723438,1.85634506693766,1,1,"Ntan1"
"ENSMUSG00000022682.9",4131.88517304501,0.0550492543518652,0.0486906363365717,1.13059221430872,1,1,"Rrn3"
"ENSMUSG00000022684.16",1676.62194580871,0.29264571140914,0.0569466317193124,5.13894680991106,1,1,"Bfar"
"ENSMUSG00000022685.10",1702.71600842202,0.165312300383454,0.064874096230042,2.54820197875682,1,1,"Parn"
"ENSMUSG00000022686.15",1877.44230515029,-0.658768834045937,0.139599888043418,-4.71897824044852,0.992744355361047,1,"B3gnt5"
"ENSMUSG00000022687.13",1530.71261571579,-0.106056256481751,0.135010939375068,-0.785538245809255,0.999999999982194,1,"Boc"
"ENSMUSG00000022698.18",11174.4503247749,-0.00947290807294863,0.0655603269579052,-0.144491470871263,1,1,"Naa50"
"ENSMUSG00000022701.19",333.254747812625,0.023274321553687,0.195888328549896,0.118814233221448,0.999999779665957,1,"Ccdc191"
"ENSMUSG00000022702.17",2103.78991890812,-0.0552332734031367,0.048040719430806,-1.14971786554301,1,1,"Hira"
"ENSMUSG00000022704.17",707.565376429103,-0.143325644565507,0.0649379953617125,-2.20711532234967,1,1,"Qtrt2"
"ENSMUSG00000022706.17",1125.20709885919,0.128023711813698,0.0609989959539915,2.09878391949696,1,1,"Mrpl40"
"ENSMUSG00000022707.18",1609.37833591324,0.358229774808113,0.123077688554862,2.91059881782255,0.999999907768875,1,"Gbe1"
"ENSMUSG00000022708.17",11771.1421481395,0.180724937530253,0.106974619834604,1.6894188342027,0.999999999999991,1,"Zbtb20"
"ENSMUSG00000022710.18",5812.1245672433,0.0257982450971608,0.0941895720413836,0.273897041233248,1,1,"Usp7"
"ENSMUSG00000022711.17",701.628203277713,-0.123438843330794,0.0718575730598212,-1.71782650143265,1,1,"Pmm2"
"ENSMUSG00000022718.13",1609.25712616563,-0.416653274040017,0.065633064716521,-6.34822213223784,1,1,"Dgcr8"
"ENSMUSG00000022721.20",1380.81067182508,-0.0116923709606979,0.0724973396902041,-0.161280000213273,1,1,"Trmt2a"
"ENSMUSG00000022722.19",617.588663311431,-0.454510108533472,0.0673764812277129,-6.74582733101422,1,1,"Arl6"
"ENSMUSG00000022723.17",1060.02299683726,0.020102024579013,0.124168384790065,0.161893259810056,0.999999999999999,1,"Crybg3"
"ENSMUSG00000022724.16",937.69147210715,-0.147561808134966,0.0501033058115662,-2.94515113812912,1,1,"Riox2"
"ENSMUSG00000022742.7",1897.1693073782,0.178509195812384,0.0650216295579068,2.74538176028651,1,1,"Cpox"
"ENSMUSG00000022744.13",4464.96960492723,-0.116682706595653,0.057833520779518,-2.01756187454831,1,1,"Cldnd1"
"ENSMUSG00000022748.9",490.460270865964,0.0358204366698572,0.0575680349490203,0.622227885693479,1,1,"Cmss1"
"ENSMUSG00000022749.9",1259.90127925633,-0.0435731542178461,0.0623608040449601,-0.698726626206282,1,1,"Tbc1d23"
"ENSMUSG00000022750.19",1822.59016134887,0.178921377179855,0.0886376274292822,2.01857137165144,1,1,"Klhl22"
"ENSMUSG00000022751.10",1063.85522787507,0.159149811612483,0.0796972595546544,1.99692953687249,1,1,"Nit2"
"ENSMUSG00000022752.10",7118.33645797314,0.00711018267858474,0.057027297550317,0.124680337031773,1,1,"Tomm70a"
"ENSMUSG00000022754.7",24.0424080903825,-0.641997345432724,0.34143984913339,-1.88026484624504,0.852798611757548,1,"Tmem45a"
"ENSMUSG00000022757.20",4526.36612365069,0.0230682111401218,0.0467210620587347,0.493743295285582,1,1,"Tfg"
"ENSMUSG00000022760.18",408.165446967569,-0.0215371250704427,0.0565265756137115,-0.381008841179802,1,1,"Thap7"
"ENSMUSG00000022761.13",2870.72901231278,0.150932315422973,0.0493200187292652,3.06026476290477,1,1,"Lztr1"
"ENSMUSG00000022762.19",2151.35253013211,-0.903073845397022,0.163294121799824,-5.53035121805587,0.723599433497786,1,"Ncam2"
"ENSMUSG00000022765.11",1504.67976972714,-0.142413628493343,0.0508675684920536,-2.79969404308347,1,1,"Snap29"
"ENSMUSG00000022768.18",18.7485678149658,-0.0561580435863138,0.217717945679559,-0.257939433568643,0.999993331351474,1,"Ccdc116"
"ENSMUSG00000022769.10",947.290818493073,-0.468785079555835,0.105149893059651,-4.45825540963601,0.99999978137068,1,"Sdf2l1"
"ENSMUSG00000022770.18",3678.78988398508,0.356342405604394,0.0822199907207088,4.3340117467885,0.999999999999998,1,"Dlg1"
"ENSMUSG00000022771.18",1992.75584794465,-0.0688115582466409,0.0540908250656806,-1.27214843114494,1,1,"Ppil2"
"ENSMUSG00000022772.13",2693.14261202371,-0.0257646614906581,0.065313201153025,-0.394478620490412,1,1,"Senp5"
"ENSMUSG00000022773.20",357.306876545721,-0.823806364681038,0.11000991295628,-7.48847392514919,0.945379723320567,1,"Ypel1"
"ENSMUSG00000022774.14",2306.6639720553,-0.170709806278227,0.057303470469623,-2.97904829985335,1,1,"Ncbp2"
"ENSMUSG00000022779.17",1271.27722806769,0.118266760873679,0.0510247827348703,2.31782977868234,1,1,"Top3b"
"ENSMUSG00000022781.9",5816.97388790432,0.0410019947343285,0.0604328434381396,0.678472042711328,1,1,"Pak2"
"ENSMUSG00000022787.11",291.787535754821,0.109951283871475,0.0573412541178288,1.91749004382672,1,1,"Wdr53"
"ENSMUSG00000022788.17",1072.90749348854,-0.0282756254521383,0.135360092604412,-0.208891889094472,0.999999999999664,1,"Fgd4"
"ENSMUSG00000022789.16",6402.52270180001,0.1189093825873,0.0399467086693537,2.97670037277753,1,1,"Dnm1l"
"ENSMUSG00000022790.15",242.586881269486,0.611190079943669,0.338102357656594,1.80770724043411,0.874924261130435,1,"Igsf11"
"ENSMUSG00000022791.20",3201.04926362742,-0.315267567847427,0.0896773007345374,-3.51557824850998,0.999999999999989,1,"Tnk2"
"ENSMUSG00000022792.17",569.930220015925,0.109773503004292,0.0817704548891394,1.34245924341643,1,1,"Yars2"
"ENSMUSG00000022793.18",1054.97615937437,0.445727714656573,0.0762499489772444,5.84561328414256,0.999999999999819,1,"B4galt4"
"ENSMUSG00000022797.17",6753.16670632429,0.144704912519103,0.103451957204345,1.39876437749044,1,1,"Tfrc"
"ENSMUSG00000022799.5",7469.69881412529,0.584945643975696,0.099137592150221,5.90034144756452,0.999985844879031,1,"Arhgap31"
"ENSMUSG00000022800.15",4921.15180528115,-0.0443962015974994,0.0795246734885636,-0.558269523783508,1,1,"Fyttd1"
"ENSMUSG00000022801.14",3167.60441328482,-0.751518070486074,0.0887784442887972,-8.46509618980682,0.997436144046405,1,"Lrch3"
"ENSMUSG00000022802.3",310.393564572258,-0.0348449532686308,0.125636059537787,-0.27734834566465,0.999999999999992,1,"Lmln"
"ENSMUSG00000022803.13",11.2764288084032,0.359548189619755,0.225536065935521,1.59419376288379,0.997742109142403,1,"Popdc2"
"ENSMUSG00000022807.10",1346.93404858449,0.223235925552358,0.0626857883358624,3.56118877146904,1,1,"Osbpl11"
"ENSMUSG00000022808.6",3565.71474387064,0.0763402110213412,0.0453061590133366,1.68498527979097,1,1,"Snx4"
"ENSMUSG00000022811.18",4413.78765487983,-0.0293903766635582,0.0838970879922885,-0.350314621959938,1,1,"Zfp148"
"ENSMUSG00000022812.15",9784.07743155653,-0.0708600400286725,0.0704802581093902,-1.0053884864992,1,1,"Gsk3b"
"ENSMUSG00000022814.7",1457.63748802627,0.0105237338023637,0.0700723432035886,0.150183843171735,1,1,"Umps"
"ENSMUSG00000022817.16",504.112965876739,-0.367976300703828,0.279288950108995,-1.31754693682017,0.988181845238231,1,"Itgb5"
"ENSMUSG00000022820.5",1183.47067893452,0.27981752529079,0.108601307983691,2.576557598485,0.999999999983378,1,"Ndufb4"
"ENSMUSG00000022822.18",2783.34025581475,-0.14846516168945,0.0848915022996573,-1.74888130929036,1,1,"Abcc5"
"ENSMUSG00000022827.15",395.831369102088,0.353646639543694,0.0527561912092792,6.70341492509966,1,1,"Rabl3"
"ENSMUSG00000022828.11",1680.08024824013,-0.201948356294718,0.0590828429131574,-3.41805414799606,1,1,"Gtf2e1"
"ENSMUSG00000022831.15",98.408325540145,0.0475947107113836,0.292174197088076,0.162898405080706,0.999610590859762,1,"Hcls1"
"ENSMUSG00000022833.8",466.024625488438,-0.078842653372396,0.0577251614010433,-1.36582820140839,1,1,"Ccdc14"
"ENSMUSG00000022837.15",481.07213907697,0.0993404172725982,0.166975394933823,0.594940454022999,0.999999965563266,1,"Iqcb1"
"ENSMUSG00000022838.15",14.5290546297398,0.398903165713042,0.136995252192029,2.91180284958995,0.999994272749726,1,"Eaf2"
"ENSMUSG00000022841.16",10246.0797369762,0.0110088480161368,0.0376728377780605,0.292222425106187,1,1,"Ap2m1"
"ENSMUSG00000022843.18",735.538285515621,0.615269989283614,0.0725630414533711,8.4791097087487,0.999999942732887,1,"Clcn2"
"ENSMUSG00000022844.9",885.703523726637,0.477328652319913,0.0778131295735504,6.13429449420529,0.999999999990725,1,"Pdia5"
"ENSMUSG00000022847.16",13.4838861749615,0.343606985942813,0.205148015715746,1.67492229814651,0.99931192440292,1,"Thpo"
"ENSMUSG00000022848.9",1596.64700063469,0.0364688921650537,0.0561011539854872,0.6500560073058,1,1,"Slc49a4"
"ENSMUSG00000022849.6",204.005490780638,-0.258080472354898,0.0556151791263628,-4.64046823922863,1,1,"Hspbap1"
"ENSMUSG00000022855.10",2549.0732643642,0.126098924715573,0.0573918731223182,2.19715645883905,1,1,"Senp2"
"ENSMUSG00000022856.10",302.666005396821,0.182967575579958,0.0508994264199422,3.59468835798654,1,1,"Tmem41a"
"ENSMUSG00000022858.17",8039.23967228564,-0.0450994405198211,0.0472485863053,-0.954514072196952,1,1,"Tra2b"
"ENSMUSG00000022861.18",76.8760450123859,1.24850379939799,0.215806421006691,5.78529495820366,0.124760720233372,1,"Dgkg"
"ENSMUSG00000022863.16",1349.04601656543,0.218430031588767,0.0949001990216358,2.30168149108905,1,1,"Btg3"
"ENSMUSG00000022864.15",795.204419886036,0.157091001502474,0.0784103718245394,2.00344671051937,1,1,"D16Ertd472e"
"ENSMUSG00000022865.15",3322.17908001507,0.641973835883661,0.126363319617495,5.08038122001646,0.997696549011018,1,"Cxadr"
"ENSMUSG00000022867.12",1937.37471608148,0.0642101949150865,0.053644873528413,1.19694932044303,1,1,"Usp25"
"ENSMUSG00000022871.14",22.9206388830548,0.461188104752779,0.336425524233124,1.37084754732581,0.945382597494451,1,"Fetub"
"ENSMUSG00000022881.16",1042.42082752361,-0.164259088820785,0.0884673566560431,-1.85671975550729,1,1,"Rfc4"
"ENSMUSG00000022883.12",5301.54012470926,0.682096059671102,0.141368278501684,4.82495837751165,0.987736252652259,1,"Robo1"
"ENSMUSG00000022884.17",11784.1704285603,0.392814410109628,0.069869002247897,5.62215571242756,1,1,"Eif4a2"
"ENSMUSG00000022885.17",816.176302988493,-1.03030662805487,0.129110044411149,-7.98006563125228,0.407207265033778,1,"St6gal1"
"ENSMUSG00000022887.10",2257.41990046115,-0.562558296734226,0.17764081635166,-3.16683017049741,0.993101520550594,1,"Masp1"
"ENSMUSG00000022889.8",1467.333894134,0.192063362244116,0.0491500837468641,3.90769145447022,1,1,"Mrpl39"
"ENSMUSG00000022890.14",4622.80162100383,0.296197319364874,0.0750406291224248,3.94715932993637,1,1,"Atp5pf"
"ENSMUSG00000022892.12",27050.9656975149,0.284166851614859,0.0650606665087871,4.36772118798506,1,1,"App"
"ENSMUSG00000022893.15",3953.79274192463,0.55233134815367,0.104353746352508,5.29287512388766,0.999991062904968,1,"Adamts1"
"ENSMUSG00000022894.7",697.884199159988,0.304720618760539,0.10827890757115,2.81421955204255,0.999999999932393,1,"Adamts5"
"ENSMUSG00000022895.17",1559.48619591992,0.358524506758249,0.0943460519199916,3.80010079343108,0.999999999994739,1,"Ets2"
"ENSMUSG00000022897.16",3911.15085681579,0.0796582022887235,0.080572351418724,0.988654307415583,1,1,"Dyrk1a"
"ENSMUSG00000022898.14",1719.14924062791,0.356831661685763,0.0564143824095006,6.32518954290049,1,1,"Vps26c"
"ENSMUSG00000022899.11",595.469926293326,-0.876366310253575,0.165642239009968,-5.29071760615862,0.772284032527365,1,"Slc15a2"
"ENSMUSG00000022901.14",44.5936614536413,0.0386577714436827,0.386031074104309,0.100141605266826,0.997184767098246,1,"Cd86"
"ENSMUSG00000022905.13",3136.9333281187,-0.19447937795453,0.0665968473417939,-2.92024901653988,1,1,"Kpna1"
"ENSMUSG00000022906.16",767.305264797103,-0.696508957449623,0.124758865886487,-5.58284136762954,0.992505009868522,1,"Parp9"
"ENSMUSG00000022911.12",872.639390686164,0.183357795233072,0.0696980446727402,2.63074518222153,1,1,"Arl13b"
"ENSMUSG00000022912.9",4098.31724795443,0.238097857852655,0.0919579740410451,2.58920295206135,1,1,"Pros1"
"ENSMUSG00000022913.17",675.507511135397,0.0671125067014202,0.0552712629653811,1.21423870381713,1,1,"Psmg1"
"ENSMUSG00000022914.18",3332.18122931234,0.0575157317080408,0.0573262963730134,1.00330451026864,1,1,"Brwd1"
"ENSMUSG00000022940.18",1266.41162287096,0.079079823735158,0.0811131553317797,0.974932160038594,1,1,"Pigp"
"ENSMUSG00000022945.13",1544.43877292355,-0.158405690483349,0.112508749520834,-1.40794108154243,0.999999999999963,1,"Chaf1b"
"ENSMUSG00000022946.11",1446.94844328072,0.160653546069167,0.0932527535690754,1.72277535965912,1,1,"Dop1b"
"ENSMUSG00000022947.9",480.272287234403,0.31961528471104,0.137675398243985,2.32151342060857,0.999999613271574,1,"Cbr3"
"ENSMUSG00000022948.17",98.3707310667062,-0.0283582418674935,0.121416450192615,-0.233561777028615,0.999999999999999,1,"Setd4"
"ENSMUSG00000022951.19",1057.54887310268,-0.469217910265432,0.0486828611448812,-9.63825665194635,1,1,"Rcan1"
"ENSMUSG00000022956.12",6860.90561344887,0.409299500897386,0.0734938038865524,5.56917017833496,1,1,"Atp5po"
"ENSMUSG00000022957.21",4193.16700170338,0.102322561455437,0.0645556582448421,1.58502855113575,1,1,"Itsn1"
"ENSMUSG00000022960.14",744.329058546328,-0.27906446472569,0.0943600027435742,-2.95744443208692,0.999999999999989,1,"Donson"
"ENSMUSG00000022961.19",18711.7874964996,-0.0652169786055682,0.0502112291247416,-1.29885246273393,1,1,"Son"
"ENSMUSG00000022962.16",2983.69248294642,-0.0860022013338006,0.0756191723779209,-1.1373068314473,1,1,"Gart"
"ENSMUSG00000022964.15",1626.98920732517,-0.0422181032585015,0.0567580820321511,-0.743825403307087,1,1,"Tmem50b"
"ENSMUSG00000022965.9",2025.89257688076,0.329051575016004,0.0632036444145012,5.2062120478057,1,1,"Ifngr2"
"ENSMUSG00000022967.14",4196.76024650684,0.226725429977448,0.0741085018695555,3.05937138462907,1,1,"Ifnar1"
"ENSMUSG00000022969.14",521.327190036923,0.589339969801501,0.133847742532325,4.4030624547827,0.998922925122078,1,"Il10rb"
"ENSMUSG00000022971.19",1250.81442881086,0.541878885121488,0.0902624882637174,6.00336746244238,0.999999806691625,1,"Ifnar2"
"ENSMUSG00000022972.11",521.216651790664,0.104192437030646,0.0774331497825917,1.34557921669448,1,1,"Cfap298"
"ENSMUSG00000022973.19",1825.95116379948,-0.657731898665946,0.0916984416922899,-7.17277073118735,0.999905220707664,1,"Synj1"
"ENSMUSG00000022974.13",2355.50656408844,0.116920233591817,0.0856667466478155,1.36482635523078,1,1,"Paxbp1"
"ENSMUSG00000022978.12",541.448431873012,-0.0609272576161087,0.0830785191472427,-0.733369567025206,1,1,"Mis18a"
"ENSMUSG00000022982.11",6063.77579718509,0.269293794570434,0.0611376495875753,4.40471291237145,1,1,"Sod1"
"ENSMUSG00000022983.17",1895.30075642513,0.027328973744251,0.0408770027718082,0.668565987991153,1,1,"Scaf4"
"ENSMUSG00000022987.13",129.720300661429,-0.462449253061868,0.117003278180349,-3.95244697630649,0.999997829208369,1,"Zfp641"
"ENSMUSG00000022992.18",2961.01445597557,-0.0709924241264263,0.0392594297336629,-1.80828974358622,1,1,"Kansl2"
"ENSMUSG00000022994.10",2420.8829573333,0.223040892199268,0.107141938230776,2.08173284786815,0.999999999999794,1,"Adcy6"
"ENSMUSG00000022995.18",9962.84572608169,-0.816426987097621,0.0672403579682984,-12.1419191058224,0.996834260111606,1,"Enah"
"ENSMUSG00000022999.16",432.46730665862,0.23564923932306,0.0851201031165205,2.76843225859914,1,1,"Lmbr1l"
"ENSMUSG00000023004.9",31048.1468950046,0.16798579565482,0.0878489899336667,1.91221089487384,1,1,"Tuba1b"
"ENSMUSG00000023007.16",1204.56588779292,-0.0603997090518968,0.092815257850572,-0.650751939397048,1,1,"Prpf40b"
"ENSMUSG00000023008.19",1153.66196075322,0.25259052763353,0.0671150330719798,3.76354619929385,1,1,"Fmnl3"
"ENSMUSG00000023009.15",1383.82613916816,-0.0801859240316364,0.0782251923195373,-1.02506522072953,1,1,"Nckap5l"
"ENSMUSG00000023010.16",16013.2712067541,0.0976147865888713,0.0481839244498909,2.02587870754252,1,1,"Tmbim6"
"ENSMUSG00000023015.15",6476.70017605155,-0.322602818944082,0.12647813245717,-2.55066083501293,0.999999957421084,1,"Racgap1"
"ENSMUSG00000023017.11",2749.13670858302,-0.536168473170026,0.0947067023491281,-5.66135722045824,0.999999514823945,1,"Asic1"
"ENSMUSG00000023018.6",4050.78395418258,-0.224751486142094,0.0823062639650887,-2.730672919833,1,1,"Smarcd1"
"ENSMUSG00000023019.13",1290.51124058441,-0.316125109697514,0.238654219120918,-1.3246156337062,0.997918570338209,1,"Gpd1"
"ENSMUSG00000023020.4",875.453994708127,0.134655287244591,0.072002028348996,1.87015963761344,1,1,"Cox14"
"ENSMUSG00000023021.16",2144.19879706298,0.234414477245981,0.0605331513971251,3.87249749658852,1,1,"Cers5"
"ENSMUSG00000023022.15",4845.40713451803,-0.0687614313822772,0.0674406017542046,-1.01958508070385,1,1,"Lima1"
"ENSMUSG00000023025.17",6073.85294352941,0.106541123430714,0.0709241549715651,1.5021838959298,1,1,"Larp4"
"ENSMUSG00000023026.17",4050.32285866615,0.193185596439862,0.0775141272428305,2.49226306624939,1,1,"Dip2b"
"ENSMUSG00000023027.14",1358.02106936784,0.297989151990995,0.0990854953759539,3.00739427966075,0.999999999999304,1,"Atf1"
"ENSMUSG00000023030.17",976.937165349401,0.0778376705268493,0.125641918121218,0.619519915731882,0.999999999999893,1,"Slc11a2"
"ENSMUSG00000023032.13",773.187798922935,-0.758460706051143,0.130905657928702,-5.79394900153393,0.967491427798974,1,"Slc4a8"
"ENSMUSG00000023033.15",669.909123127111,-0.536239998198325,0.134281932952337,-3.99338903163288,0.999723451331771,1,"Scn8a"
"ENSMUSG00000023034.8",930.649065219954,-0.592354333882896,0.139795316534401,-4.23729741859504,0.998227350043408,1,"Nr4a1"
"ENSMUSG00000023036.15",6294.7679720766,0.200419176027849,0.329315879380577,0.608592505180209,0.992542543947817,1,"Pcdhgc4"
"ENSMUSG00000023044.3",1045.33259168916,0.294439040804797,0.0684472538760981,4.30169253156285,1,1,"Csad"
"ENSMUSG00000023046.7",26.6986584640329,-0.0550733592093762,0.231024363525008,-0.238387667729315,0.999980920758096,1,"Igfbp6"
"ENSMUSG00000023048.14",1266.24621802062,-0.158488933571834,0.0848520942088472,-1.86782583328755,1,1,"Prr13"
"ENSMUSG00000023050.10",1048.89556549945,-0.252999665998241,0.0745563282274524,-3.39340297481394,1,1,"Map3k12"
"ENSMUSG00000023051.13",549.342459177495,-0.104810743701794,0.0542658246017102,-1.93143188131875,1,1,"Tarbp2"
"ENSMUSG00000023052.9",22.8286815251722,-0.0399843045449794,0.176954566101784,-0.225958026547789,0.999999973144042,1,"Npff"
"ENSMUSG00000023055.11",2271.9424879207,0.0500180939193552,0.112776419515191,0.443515533959809,1,1,"Calcoco1"
"ENSMUSG00000023066.11",625.011544195889,-0.256139159516032,0.0740470136492397,-3.45914233259105,1,1,"Rttn"
"ENSMUSG00000023067.15",11457.4897076372,0.204418186880468,0.0953116031992662,2.14473558327515,1,1,"Cdkn1a"
"ENSMUSG00000023068.17",4771.07837525093,0.374806403258549,0.0505498945674313,7.41458328382019,1,1,"Nus1"
"ENSMUSG00000023072.15",522.837858135799,-0.212282462250183,0.0796373586055027,-2.66561405309486,1,1,"Cep89"
"ENSMUSG00000023074.12",656.630620944059,-0.0641380122397512,0.0495018255715826,-1.29566963438558,1,1,"Mospd1"
"ENSMUSG00000023075.10",2221.88976939324,-0.242945199664395,0.0510826551569177,-4.75592349141026,1,1,"Akirin1"
"ENSMUSG00000023079.15",1315.39874176896,-0.299920955055218,0.0667263818179088,-4.49478822145159,1,1,"Gtf2ird1"
"ENSMUSG00000023087.17",1053.38389595398,0.409025632504364,0.0894044936171361,4.57500083000264,0.999999999980799,1,"Noct"
"ENSMUSG00000023088.18",1829.47439468006,0.502496380177449,0.0967554056649944,5.19347086319178,0.999999863990608,1,"Abcc1"
"ENSMUSG00000023089.13",1476.82540034408,0.243358301863747,0.0772948501838269,3.14844134227544,1,1,"Ndufa5"
"ENSMUSG00000023092.17",4408.93985529326,-0.20490413745438,0.0667917193242545,-3.0678074996038,1,1,"Fhl1"
"ENSMUSG00000023094.15",139.014147252966,0.273958926333009,0.197812785616814,1.38494043991524,0.999878888173973,1,"Msrb2"
"ENSMUSG00000023104.10",1769.54879001155,-0.23946834298647,0.0590535696235315,-4.0551036036109,1,1,"Rfc2"
"ENSMUSG00000023106.16",2478.24641852132,-0.00177254576212338,0.0512260225084824,-0.034602447649139,1,1,"Denr"
"ENSMUSG00000023110.13",3431.29533952828,0.523963553071703,0.0762063353867293,6.87559046649745,0.999999999790363,1,"Prmt5"
"ENSMUSG00000023118.16",3462.92504677171,0.260215265348071,0.0506090726431376,5.14167226858592,1,1,"Sympk"
"ENSMUSG00000023143.11",312.123049463813,-0.0582530125570612,0.0885545255531299,-0.657820841941175,1,1,"Nagpa"
"ENSMUSG00000023147.18",1264.08471994435,-0.21240395456829,0.0567755458559566,-3.74111690809935,1,1,"Get1"
"ENSMUSG00000023150.15",8916.85508782138,-0.830889908584936,0.059613993019433,-13.9378334934565,0.997721247451907,1,"Ivns1abp"
"ENSMUSG00000023156.6",1017.46541821232,0.553211969764089,0.0453775372435951,12.1913176291244,1,1,"Rpp14"
"ENSMUSG00000023169.16",15218.2506284453,0.188929356899386,0.0726606406007481,2.6001609033081,1,1,"Slc38a1"
"ENSMUSG00000023170.15",679.840796194839,-0.237006757196836,0.0567638566874042,-4.17531103466103,1,1,"Gps2"
"ENSMUSG00000023175.16",32011.4973373216,0.443300476252261,0.110760250086137,4.0023426807678,0.999999749810023,1,"Bsg"
"ENSMUSG00000023186.15",1555.109873005,0.619771536046513,0.155335065310939,3.98990102335167,0.992813338270293,1,"Vwa5a"
"ENSMUSG00000023191.10",2351.41572271428,0.889676430006201,0.0931644949154891,9.54952238847255,0.881829172887432,1,"P3h3"
"ENSMUSG00000023206.17",172.464029557989,0.54757275609378,0.158633671309949,3.45180661565788,0.997827917850633,1,"Il15ra"
"ENSMUSG00000023224.13",231.591286934274,-0.625486944319725,0.174989183528399,-3.57443204035646,0.983830974561735,1,"Serping1"
"ENSMUSG00000023235.15",356.819304108635,-0.334059205215463,0.071136433560308,-4.69603532952287,1,1,"Ccl25"
"ENSMUSG00000023243.10",89.7442320534182,0.466976672566982,0.192162295399365,2.43011602040077,0.997229870966205,1,"Kcnk5"
"ENSMUSG00000023249.16",1158.2780459854,0.605603810942117,0.135740715668329,4.46147501109291,0.998166732202574,1,"Parp3"
"ENSMUSG00000023259.18",219.467016400545,0.0185015028362465,0.0718111938724616,0.257640930870828,1,1,"Slc26a6"
"ENSMUSG00000023262.14",452.614246130215,0.32522715459986,0.0804586784101391,4.04216376687186,1,1,"Acy1"
"ENSMUSG00000023266.12",196.72468728424,-0.0230756519618801,0.119475288415811,-0.193141630104877,1,1,"Frs3"
"ENSMUSG00000023267.11",28.5880234368464,1.23340466161349,0.189142529832675,6.52103290943939,0.108598713902292,1,"Gabrr2"
"ENSMUSG00000023272.5",1359.22735738985,-0.0649430311557702,0.0755349106817539,-0.859775044010978,1,1,"Creld2"
"ENSMUSG00000023277.14",736.106345260064,0.123149384026785,0.0431275739732408,2.85546745808597,1,1,"Twf2"
"ENSMUSG00000023284.16",483.835297508384,-0.554304350631335,0.0776637063478577,-7.13723792872557,0.999999995232213,1,"Zfp605"
"ENSMUSG00000023286.17",2065.38950317633,0.0203487773095917,0.0411899851923268,0.494022447800794,1,1,"Ube2j2"
"ENSMUSG00000023307.15",3069.55929078809,0.0480547727754083,0.0358485169691444,1.34049541900911,1,1,"Marchf5"
"ENSMUSG00000023328.15",377.195486144779,-1.26749190721476,0.239423698722157,-5.29392835370755,0.131947490985341,1,"Ache"
"ENSMUSG00000023330.13",271.552259802287,-0.241710438533253,0.0598627184552075,-4.03774577517915,1,1,"Dtwd1"
"ENSMUSG00000023336.7",23.3029432403986,1.01426942008879,0.227853086123645,4.45141840009308,0.475032349993256,1,"Wfdc1"
"ENSMUSG00000023345.18",320.585564014119,0.121072569635562,0.113853594933103,1.06340576866898,0.999999999999994,1,"Poc1a"
"ENSMUSG00000023348.12",441.873448438612,0.624059585462938,0.175037966187985,3.56528128756203,0.984133784959479,1,"Trip6"
"ENSMUSG00000023349.15",40.8840792291119,0.413157714498197,0.463144886608502,0.892070119835828,0.898576473923061,1,"Clec4n"
"ENSMUSG00000023353.15",2224.92815293125,-0.12645652754103,0.0570007137151259,-2.21850779225371,1,1,"Agap3"
"ENSMUSG00000023367.15",2806.2697354064,0.258916317539647,0.113990012313529,2.2713947677056,0.999999999960187,1,"Tmem176a"
"ENSMUSG00000023391.9",48.6909888962578,0.908676872125803,0.142433225577671,6.37966926916422,0.739292094236246,1,"Dlx2"
"ENSMUSG00000023393.16",18.5092376594492,-0.802526409893093,0.256999592788366,-3.12267580343584,0.778869551351639,1,"Slc17a9"
"ENSMUSG00000023411.13",12.7194093783031,-0.880947100155213,0.346366831880348,-2.54339335949908,0.634471259728382,1,"Nfatc4"
"ENSMUSG00000023439.12",7.69369615470622,0.38815503970138,0.214248988902132,1.81170068381833,0.997853342354956,1,"Gnb3"
"ENSMUSG00000023443.14",120.113819853269,0.481812338937461,0.177561411868157,2.71349689027713,0.998240596127379,1,"Esx1"
"ENSMUSG00000023452.20",1403.23122158958,0.709813341159203,0.0942477370988619,7.53135685809241,0.998961438043044,1,"Pisd"
"ENSMUSG00000023456.17",24914.2200751909,0.520770049006083,0.0991308152972726,5.25336190814534,0.999999331987886,1,"Tpi1"
"ENSMUSG00000023460.15",3499.1046480777,-0.0130297924672735,0.0418896849409864,-0.31105014243076,1,1,"Rab12"
"ENSMUSG00000023495.14",3924.37934527256,-0.427784158935395,0.0777027525203067,-5.50539260270862,0.999999999999911,1,"Pcbp4"
"ENSMUSG00000023505.14",2968.29030798229,0.0190276613395716,0.124149705494693,0.153263845965265,0.999999999999999,1,"Cdca3"
"ENSMUSG00000023571.5",31.5065543158613,-0.761336896532556,0.204439487299608,-3.72402076814451,0.878476004723717,1,"C1qtnf12"
"ENSMUSG00000023572.17",1006.34283974337,-0.392633438347873,0.0564485575386038,-6.95559736985946,1,1,"Ccndbp1"
"ENSMUSG00000023707.14",284.466422704797,-0.270148102485965,0.0782239508406617,-3.45352158236348,1,1,"Ogfod2"
"ENSMUSG00000023723.18",1525.19320123594,0.0822782182923633,0.0536547779671005,1.53347421068099,1,1,"Mrps23"
"ENSMUSG00000023755.11",139.580542110574,0.122946486138405,0.0861122525294456,1.42774672043753,1,1,"Rhebl1"
"ENSMUSG00000023764.19",458.616780576489,0.228712376932096,0.0722088723070167,3.16737223037717,1,1,"Sfi1"
"ENSMUSG00000023781.3",12.3152927321119,-0.380288490753398,0.179027693242066,-2.12418807317818,0.999731452783296,1,"Hes7"
"ENSMUSG00000023791.19",626.470935582234,-0.0638700981450134,0.0572130306184397,-1.11635579263351,1,1,"Pigx"
"ENSMUSG00000023800.16",80.6391814045192,0.215959157269707,0.223696873257596,0.965409816081877,0.999771659622725,1,"Tiam2"
"ENSMUSG00000023806.11",870.091286419348,0.343862959972464,0.0498771582913119,6.89419709848147,1,1,"Rsph3b"
"ENSMUSG00000023809.12",2712.92896235739,0.950666008141468,0.0971871362995083,9.78180903706983,0.694139555640069,1,"Rps6ka2"
"ENSMUSG00000023826.18",94.5586216973418,-0.311426519925855,0.137799979539108,-2.2599895948277,0.999999708712054,1,"Prkn"
"ENSMUSG00000023827.9",1155.55694472901,-0.0112338520264037,0.0881185196513364,-0.127485709824147,1,1,"Agpat4"
"ENSMUSG00000023828.4",204.389507648913,0.341045191319679,0.281548997797215,1.21131736922507,0.99037101125046,1,"Slc22a3"
"ENSMUSG00000023830.15",12283.6688810158,1.01894053332273,0.099605381433331,10.2297739204456,0.424593552960583,1,"Igf2r"
"ENSMUSG00000023832.15",2610.25007236364,-0.38544740204244,0.132768318948421,-2.903157960388,0.999998160685254,1,"Acat2"
"ENSMUSG00000023845.8",7216.14067540058,0.480229211986712,0.0878787569187566,5.46467916507605,0.99999999833694,1,"Lnpep"
"ENSMUSG00000023852.15",2926.14657209915,0.112586665099257,0.0657397151391608,1.71261260960636,1,1,"Chd1"
"ENSMUSG00000023861.19",2565.0810800216,0.563757290058956,0.068531876149486,8.22620540592313,0.999999999902701,1,"Mpc1"
"ENSMUSG00000023868.18",1859.34252977708,-0.0229032197107333,0.132103043252992,-0.173373899243722,0.999999999999935,1,"Pde10a"
"ENSMUSG00000023873.14",22.3011533208884,0.471001926027615,0.18669605455055,2.52282742215148,0.997697734109804,1,"1700010I14Rik"
"ENSMUSG00000023882.16",197.804013936027,-0.249644713544957,0.105569242941439,-2.36474854407584,0.99999999999941,1,"Zfp54"
"ENSMUSG00000023883.14",4311.35458840782,0.722864164870335,0.0738366222592688,9.79004920257703,0.999912761937796,1,"Phf10"
"ENSMUSG00000023886.11",57.4149839645731,-0.082520025007211,0.316377765535437,-0.260827510642394,0.998445156600804,1,"Smoc2"
"ENSMUSG00000023892.9",375.039504807559,-0.159819951901959,0.0545664122901014,-2.92890709127583,1,1,"Zfp51"
"ENSMUSG00000023904.11",484.903165937972,0.210126944959643,0.124237956162594,1.6913264790403,0.999999999897631,1,"Hcfc1r1"
"ENSMUSG00000023905.16",659.874323953829,0.757544831510651,0.185087080574565,4.09291037039975,0.904893941990993,1,"Tnfrsf12a"
"ENSMUSG00000023908.9",469.043892466713,-0.112202397590636,0.108843528185397,-1.03085961527743,1,1,"Pkmyt1"
"ENSMUSG00000023909.5",1309.37417227012,-0.0700865354448202,0.0769274029494505,-0.911073723506233,1,1,"Paqr4"
"ENSMUSG00000023912.11",301.850601148702,-0.579831415976203,0.100344958913876,-5.77838111901426,0.999985881738225,1,"Slc25a27"
"ENSMUSG00000023915.6",8192.8054420624,0.40083830895265,0.10344130915154,3.87503128334761,0.99999999652827,1,"Tnfrsf21"
"ENSMUSG00000023918.13",12.9176234694508,-0.672520120928778,0.265856354877896,-2.52963718410138,0.890986707908291,1,"Adgrf4"
"ENSMUSG00000023919.10",872.67524358169,-0.341256921157842,0.0713288260251037,-4.7842778323274,1,1,"Cenpq"
"ENSMUSG00000023921.10",1561.43536466677,0.117829370134486,0.064156633974852,1.83658902960328,1,1,"Mmut"
"ENSMUSG00000023923.11",1525.77832686432,-0.0603574795033195,0.0603646109429236,-0.999881860588634,1,1,"Tbc1d5"
"ENSMUSG00000023927.16",1391.13817132061,-0.139368647104536,0.0719443776936213,-1.93717218179361,1,1,"Satb1"
"ENSMUSG00000023932.10",3137.85433423685,-0.0738326475980949,0.0581042732989285,-1.27069221257185,1,1,"Cdc5l"
"ENSMUSG00000023935.11",175.075653138579,-0.102379102748528,0.0862888484876252,-1.18646968342856,1,1,"Spats1"
"ENSMUSG00000023938.9",566.149958251199,-0.0921402712580632,0.0414894896922335,-2.22080994347132,1,1,"Aars2"
"ENSMUSG00000023939.8",559.938654783052,0.193808624401068,0.0764143313687358,2.53628633437684,1,1,"Mrpl14"
"ENSMUSG00000023940.15",1188.21492687939,0.128600676231618,0.117769255047749,1.0919715521634,0.999999999999931,1,"Sgo1"
"ENSMUSG00000023944.15",93356.1156871256,0.213310832431114,0.0629096316992269,3.3907499800819,1,1,"Hsp90ab1"
"ENSMUSG00000023947.9",244.395271413073,-0.134895275445173,0.0914089336081136,-1.47573404612172,1,1,"Nfkbie"
"ENSMUSG00000023951.19",16133.5130778868,0.888180795308708,0.168312525252868,5.27697385547706,0.746768316692088,1,"Vegfa"
"ENSMUSG00000023952.14",2241.64416194566,0.411390331179266,0.0817030724355443,5.03518801577276,0.999999999999708,1,"Gtpbp2"
"ENSMUSG00000023953.10",1455.35833559282,0.373675287974592,0.0753837440975431,4.95697437754051,1,1,"Polh"
"ENSMUSG00000023960.14",3190.11636461134,0.131325423566178,0.08922076198946,1.47191551201604,1,1,"Enpp5"
"ENSMUSG00000023961.17",1331.64668888363,0.350407061551097,0.0636424758784248,5.50586784556392,1,1,"Enpp4"
"ENSMUSG00000023965.14",1206.38465748604,0.184191977637327,0.075090709645657,2.45292631414065,1,1,"Fbxl17"
"ENSMUSG00000023967.10",1046.223378805,0.208914061703668,0.0467623605819929,4.46756876906073,1,1,"Mrps18a"
"ENSMUSG00000023971.10",638.292804585221,0.0560508306415859,0.0462966421075004,1.21068889859088,1,1,"Rrp36"
"ENSMUSG00000023972.11",4611.88256778139,0.738638028709063,0.064959669003823,11.3707172471213,0.999971324101018,1,"Ptk7"
"ENSMUSG00000023973.14",2108.7762129766,0.264248520591937,0.0580390747974326,4.5529416434396,1,1,"Cnpy3"
"ENSMUSG00000023977.16",4724.45320804778,0.694867977457393,0.0569544873303841,12.2004079051151,0.99999995780258,1,"Ubr2"
"ENSMUSG00000023980.8",607.768246542846,0.0609194204384073,0.0489860964262527,1.24360634716261,1,1,"Taf8"
"ENSMUSG00000023984.18",43.1235879817715,-0.231598933157544,0.164966255640667,-1.40391701477433,0.99999840296657,1,"Gm20517"
"ENSMUSG00000023988.9",1252.57668372692,-0.244216319047759,0.0705464763757665,-3.4617791219924,1,1,"Bysl"
"ENSMUSG00000023990.19",278.565586860678,0.359684230082693,0.119964707310066,2.99825038669945,0.999999952890523,1,"Tfeb"
"ENSMUSG00000023991.17",1250.64038669214,0.190128730308283,0.0552735645271812,3.43977689759426,1,1,"Foxp4"
"ENSMUSG00000023992.15",265.654682767758,0.207738126950773,0.382538295247909,0.543051844825484,0.981620207563837,1,"Trem2"
"ENSMUSG00000023994.14",2374.61850340576,-0.0129470263206415,0.0705863153582849,-0.183421195098859,1,1,"Nfya"
"ENSMUSG00000024002.19",5365.18963570149,0.150768013116189,0.0445957433137511,3.38077139011831,1,1,"Brd4"
"ENSMUSG00000024006.18",2632.26578895556,-0.169126957936074,0.0546531105974776,-3.09455319353552,1,1,"Stk38"
"ENSMUSG00000024007.16",1163.0134712349,-0.222541206562961,0.074160884223572,-3.00078955223981,1,1,"Ppil1"
"ENSMUSG00000024012.19",5642.38765719919,-0.0316602935714883,0.0568413534068347,-0.556994013581694,1,1,"Mtch1"
"ENSMUSG00000024014.9",362.064706031909,-0.132063150730245,0.128476835234466,-1.02791410209657,0.999999999992887,1,"Pim1"
"ENSMUSG00000024018.19",671.829897995342,-0.368329119487733,0.0859480301303588,-4.28548646116825,0.999999999999901,1,"Ccdc167"
"ENSMUSG00000024019.19",2623.76144986131,-0.17035712294344,0.0811346592274607,-2.09968371797612,1,1,"Cmtr1"
"ENSMUSG00000024026.14",3907.35218788285,0.354493457904249,0.0955217953758017,3.71112641371114,0.999999999992989,1,"Glo1"
"ENSMUSG00000024033.11",18.800146390073,0.0762555285539673,0.213082412852509,0.357868711608545,0.999992936880368,1,"Rsph1"
"ENSMUSG00000024037.14",902.400167905429,0.118486194540269,0.0533468823705123,2.22105190172768,1,1,"Wdr4"
"ENSMUSG00000024038.18",4729.0432341336,0.211496014348336,0.101404956635871,2.08565755920378,0.999999999999996,1,"Ndufv3"
"ENSMUSG00000024042.8",583.587045286392,0.555365552868481,0.169033482819269,3.28553576253457,0.995736428310598,1,"Sik1"
"ENSMUSG00000024045.7",2864.64395536999,0.00449201015290598,0.0534823652446774,0.0839904916761891,1,1,"Akap8"
"ENSMUSG00000024048.16",5387.27081762179,0.599536690727666,0.0884453599105236,6.77861101288064,0.999997020017585,1,"Myl12a"
"ENSMUSG00000024049.16",42.028599163103,-0.267332643952526,0.164190873371918,-1.62818211793646,0.999995945588245,1,"Myom1"
"ENSMUSG00000024050.19",2327.6640517466,-0.0294262748350208,0.0325991777998426,-0.902669233429648,1,1,"Wiz"
"ENSMUSG00000024052.18",1968.01647086246,0.180457462133102,0.0546131219412368,3.30428760925391,1,1,"Lpin2"
"ENSMUSG00000024053.12",25.4394014497843,0.348583070629239,0.336627367215047,1.03551613617485,0.973543540914411,1,"Emilin2"
"ENSMUSG00000024054.15",4886.24758122595,-0.0098465592169035,0.0538451030783415,-0.182868239709326,1,1,"Smchd1"
"ENSMUSG00000024055.16",469.907816982913,0.439901167284376,0.116869488311881,3.76403776245213,0.999999176484734,1,"Cyp4f13"
"ENSMUSG00000024056.11",1528.11621128435,-0.12245119769325,0.122356097596377,-1.00077724035615,0.999999999999631,1,"Ndc80"
"ENSMUSG00000024059.11",1348.37800883809,0.455540633547928,0.102117923820844,4.46092729369559,0.999999951343945,1,"Clip4"
"ENSMUSG00000024063.14",4571.7099814783,-0.173949327346206,0.0934900289554585,-1.86061903381248,1,1,"Lbh"
"ENSMUSG00000024065.9",1301.05438364932,0.0467102088453088,0.0826420849471924,0.565210919777208,1,1,"Ehd3"
"ENSMUSG00000024067.15",1018.60970514109,-0.116838885678672,0.0536851721851344,-2.17637162968857,1,1,"Dpy30"
"ENSMUSG00000024068.9",3767.4229616802,-0.326408348863719,0.0491919201407603,-6.63540573187054,1,1,"Spast"
"ENSMUSG00000024069.15",561.48905361495,0.107869992536984,0.0561696415968583,1.92043227391748,1,1,"Slc30a6"
"ENSMUSG00000024070.16",5086.01204419641,0.30401910004349,0.0743891820687681,4.08687246705366,1,1,"Prkd3"
"ENSMUSG00000024072.10",1853.05612034885,0.218641910737482,0.0436205849718133,5.01235622765635,1,1,"Yipf4"
"ENSMUSG00000024073.17",7668.60320239908,0.0816040783078748,0.0542059507857291,1.50544501341648,1,1,"Birc6"
"ENSMUSG00000024077.16",2681.22529561018,-0.0607502775900217,0.0835382456823747,-0.727215146712604,1,1,"Strn"
"ENSMUSG00000024078.8",768.830788847893,0.0667016477648093,0.0825910896494289,0.807613122044219,1,1,"Ttc27"
"ENSMUSG00000024079.5",1993.59285953719,-0.425537262317884,0.0947542898593681,-4.49095511083937,0.999999999330544,1,"Eif2ak2"
"ENSMUSG00000024081.10",3079.61832254671,0.0219757920134587,0.0373088330085811,0.589023838092288,1,1,"Cebpz"
"ENSMUSG00000024082.6",945.537261087359,-0.0323661674911818,0.0444944422546019,-0.72742045637923,1,1,"Ndufaf7"
"ENSMUSG00000024083.17",7255.9556069065,-0.00740229597018681,0.0764762274420172,-0.0967921172079139,1,1,"Pja2"
"ENSMUSG00000024084.9",261.853486461588,0.30164728854647,0.25001271437841,1.20652779318218,0.99739118052729,1,"Qpct"
"ENSMUSG00000024085.14",3535.60548751999,0.941805337497958,0.097764360126616,9.63342199834594,0.724163273701999,1,"Man2a1"
"ENSMUSG00000024087.5",50.2496078631195,-0.94801052228853,0.299508922368163,-3.16521629737365,0.568903167833337,1,"Cyp1b1"
"ENSMUSG00000024091.10",8315.09911382198,0.207236990996973,0.0505545963302727,4.09927100679621,1,1,"Vapa"
"ENSMUSG00000024095.17",4022.55547826114,-0.100740150644328,0.0603343263664872,-1.66969877201255,1,1,"Hnrnpll"
"ENSMUSG00000024096.18",2901.6722381443,0.113696256690162,0.0615261727822839,1.84793318922155,1,1,"Ralbp1"
"ENSMUSG00000024097.12",5450.26414812434,-0.0981054368905226,0.0722296432705564,-1.35824340877666,1,1,"Srsf7"
"ENSMUSG00000024098.7",4871.17568219603,-0.0891082412528212,0.0619905389333699,-1.43744904925893,1,1,"Twsg1"
"ENSMUSG00000024099.16",4726.07710196098,0.162655355447448,0.059822193187014,2.71898014402382,1,1,"Ndufv2"
"ENSMUSG00000024101.16",1027.32007862973,0.193117778900228,0.0624225412196844,3.09371863315506,1,1,"Washc1"
"ENSMUSG00000024104.12",3684.03742131585,0.3486525981042,0.0660127742028277,5.28159287826544,1,1,"Washc2"
"ENSMUSG00000024109.19",13467.351808053,-0.119993313829843,0.10815342422609,-1.10947309055146,1,1,"Nrxn1"
"ENSMUSG00000024112.18",1732.71231110979,0.112070361300674,0.113406443385511,0.988218640449769,0.999999999999998,1,"Cacna1h"
"ENSMUSG00000024118.15",421.029742154521,-0.0837226963113925,0.0637175132310446,-1.31396678975539,1,1,"Tedc2"
"ENSMUSG00000024120.13",3226.89374330464,0.365055246228363,0.0656948321817079,5.55683353020285,1,1,"Lrpprc"
"ENSMUSG00000024121.14",9366.32266296906,0.141306647875868,0.0570956999704662,2.47490875755901,1,1,"Atp6v0c"
"ENSMUSG00000024122.17",2682.97690865074,-0.036113578652996,0.0941293720340061,-0.383658977773157,1,1,"Pdpk1"
"ENSMUSG00000024127.16",2446.15308444904,-0.266352264370846,0.0896263264329718,-2.97180833993058,1,1,"Prepl"
"ENSMUSG00000024130.17",3941.71464803679,0.126424653276997,0.0533740131902099,2.36865556326925,1,1,"Abca3"
"ENSMUSG00000024132.7",976.155944973296,0.314077635761397,0.0874573676273349,3.59120842854218,0.999999999999998,1,"Eci1"
"ENSMUSG00000024134.13",114.028948807926,-1.2074880262061,0.187099389154046,-6.45372511190791,0.133721081709461,1,"Six2"
"ENSMUSG00000024135.11",1317.81951613483,-0.00298168734249137,0.054683794245006,-0.0545259776439832,1,1,"Srbd1"
"ENSMUSG00000024136.15",56.1561095043214,-0.131300101141579,0.121453748770261,-1.08107079831634,0.999999999999574,1,"Dnase1l2"
"ENSMUSG00000024137.10",535.500122390472,0.0461854321779943,0.0830326309368174,0.556232310802466,1,1,"E4f1"
"ENSMUSG00000024142.16",792.48545694024,-0.468073719506259,0.067089205098824,-6.97688575705698,0.999999999999999,1,"Mlst8"
"ENSMUSG00000024143.16",13436.3382611474,1.07270139094533,0.124497625949373,8.61623972959569,0.279624267821132,1,"Rhoq"
"ENSMUSG00000024145.7",494.423220384099,-0.239504064577169,0.0815270768404219,-2.93772417531866,1,1,"Pigf"
"ENSMUSG00000024146.10",1496.85847239867,-0.0936907257445841,0.0370528207351956,-2.52857201923063,1,1,"Cript"
"ENSMUSG00000024150.13",2955.10136330123,0.606151317395039,0.0456385463312392,13.2815649516018,1,1,"Mcfd2"
"ENSMUSG00000024151.14",1809.29486370702,-0.160449121450678,0.0650053100691136,-2.4682463829507,1,1,"Msh2"
"ENSMUSG00000024158.18",844.015297695326,0.303724256432159,0.0738886439852403,4.11056747086643,1,1,"Hagh"
"ENSMUSG00000024160.18",671.54953193401,0.101559838796934,0.0753100176535786,1.34855683163033,1,1,"Spsb3"
"ENSMUSG00000024163.19",4566.87506185165,0.213405594640951,0.0783068641162913,2.7252476146156,1,1,"Mapk8ip3"
"ENSMUSG00000024164.16",239.505577838997,0.340017453066108,0.280659726913159,1.21149356484379,0.990652958526438,1,"C3"
"ENSMUSG00000024165.10",2559.38860969963,-0.358230557111624,0.126767225117699,-2.82589255053125,0.999999793191717,1,"Jpt2"
"ENSMUSG00000024168.9",22.8503723887844,0.0848169406383063,0.194302301007171,0.436520515704938,0.99999877382781,1,"Tmem204"
"ENSMUSG00000024169.17",1227.73090509484,-0.276293383953152,0.0684237231985631,-4.03797646543377,1,1,"Ift140"
"ENSMUSG00000024170.16",924.193428180089,0.21490402826196,0.0775534870517441,2.77104275296577,1,1,"Telo2"
"ENSMUSG00000024174.10",381.037650401106,-0.425383362898758,0.0718029046960393,-5.92431970126443,0.999999999999999,1,"Pot1b"
"ENSMUSG00000024176.12",8036.2792489496,-0.00956199730418451,0.097671325761294,-0.0978997390447404,1,1,"Sox8"
"ENSMUSG00000024177.10",273.227961238152,0.13359037928137,0.0928604929668618,1.43861372057375,1,1,"Nme4"
"ENSMUSG00000024180.15",102.00953536546,0.806912877301542,0.136807179061483,5.89817641761991,0.920933923742183,1,"Pgap6"
"ENSMUSG00000024181.10",1486.90908689006,0.119931781520676,0.0498425937051219,2.40621068458465,1,1,"Mrpl28"
"ENSMUSG00000024182.19",1514.10786356715,-0.0164667923939873,0.0476193743147036,-0.345800267873381,1,1,"Axin1"
"ENSMUSG00000024186.16",15.6244023967879,-0.80195014485224,0.284539528311556,-2.81841384081492,0.756796967741808,1,"Rgs11"
"ENSMUSG00000024187.16",1813.719875992,0.63479527765772,0.0868264485454324,7.3110819144648,0.999987011879266,1,"Fam234a"
"ENSMUSG00000024188.17",3666.7162418072,0.293442407961326,0.0496770454169014,5.90700202676485,1,1,"Luc7l"
"ENSMUSG00000024190.8",410.359721137234,-0.250175819050415,0.100254462394712,-2.4954083147486,0.999999999999963,1,"Dusp1"
"ENSMUSG00000024191.16",608.286468772605,0.134055762774982,0.0615968496344344,2.17634121826972,1,1,"Bnip1"
"ENSMUSG00000024193.9",194.329461280496,-0.0116155889946307,0.124339030499512,-0.0934186871810639,0.999999999999999,1,"Phf1"
"ENSMUSG00000024194.17",868.774333076553,-0.0760113650656567,0.0551602887290472,-1.37800883238723,1,1,"Cuta"
"ENSMUSG00000024201.13",1939.24375416449,-0.157705749165821,0.0772630828187783,-2.04115268783311,1,1,"Kdm4b"
"ENSMUSG00000024205.8",13.1276207282043,0.423592372865693,0.326793075938089,1.29620975490296,0.96112636347853,1,"Rpl36-ps2"
"ENSMUSG00000024206.16",125.597331162911,0.595249265329508,0.138729542682699,4.29071741907892,0.998236049163814,1,"Rfx2"
"ENSMUSG00000024208.17",1584.54286035809,0.112528274994203,0.0857953443707664,1.31158952527668,1,1,"Uqcc2"
"ENSMUSG00000024210.4",65.0924715527702,0.342437913080542,0.234546494181549,1.46000013462355,0.997472810864637,1,"Ip6k3"
"ENSMUSG00000024212.11",2246.07107511597,-0.148118028353152,0.0665008882253554,-2.22730902256847,1,1,"Mllt1"
"ENSMUSG00000024213.15",4417.48770100878,-0.0074610753291197,0.0434021721548989,-0.171905574276138,1,1,"Nudt3"
"ENSMUSG00000024217.11",1884.95038384391,0.110104960754553,0.0528246611999617,2.08434769392583,1,1,"Snrpc"
"ENSMUSG00000024218.14",1007.61935172723,0.136498346006477,0.0549566908754777,2.4837439051008,1,1,"Taf11"
"ENSMUSG00000024219.17",1531.91011247412,-0.572092027203686,0.104322791374427,-5.48386426078632,0.999979499809611,1,"Anks1"
"ENSMUSG00000024220.15",935.142044047693,-0.0473499549633923,0.0592747197975775,-0.798822080055239,1,1,"Zfp523"
"ENSMUSG00000024222.19",2150.25340958064,0.288271926242946,0.135095789712502,2.13383353290595,0.999999931161643,1,"Fkbp5"
"ENSMUSG00000024231.16",2516.04800198494,0.0978984658122738,0.0346868988405906,2.82234702681789,1,1,"Cul2"
"ENSMUSG00000024232.3",78.2494425212662,-0.128297084958312,0.112386782515955,-1.14156738084479,0.999999999999996,1,"Bambi"
"ENSMUSG00000024234.8",1198.00356455636,0.25134684437339,0.0348233737732921,7.21776258698291,1,1,"Mtpap"
"ENSMUSG00000024235.12",121.988354857357,0.770216625601554,0.154830230304646,4.97458812846863,0.931108657422975,1,"Map3k8"
"ENSMUSG00000024236.19",2435.98261779316,-0.217511532332559,0.0650838847962994,-3.34201827400639,1,1,"Svil"
"ENSMUSG00000024238.16",21202.2253728125,-0.0849424267941453,0.103855914346071,-0.817887236648825,1,1,"Zeb1"
"ENSMUSG00000024240.14",1649.52972056822,-0.246214004059114,0.0406289338931078,-6.06006558544923,1,1,"Epc1"
"ENSMUSG00000024241.8",3046.57592147027,-0.0809124275349007,0.0583762326118129,-1.38605086205113,1,1,"Sos1"
"ENSMUSG00000024242.16",3676.2108132853,0.230370241549436,0.0598042063286394,3.8520742217277,1,1,"Map4k3"
"ENSMUSG00000024245.5",295.555411328641,-1.22407445668289,0.177083095831542,-6.91242973212614,0.102870556161673,1,"Tmem178"
"ENSMUSG00000024246.10",227.529398908607,-0.232877780674175,0.0609792522151719,-3.81896747195982,1,1,"Thumpd2"
"ENSMUSG00000024247.15",549.321792526915,0.435122699099475,0.0841925200455132,5.16818713662751,0.999999999990225,1,"Pkdcc"
"ENSMUSG00000024248.15",5070.79307938466,0.47932373625471,0.0792466494175687,6.04850476048575,0.999999999974897,1,"Cox7a2l"
"ENSMUSG00000024251.11",1044.9739694931,0.0338927508899933,0.0740509287967903,0.457695149010236,1,1,"Thada"
"ENSMUSG00000024253.10",571.726247468013,0.133138777768759,0.0680456409722315,1.95660994395058,1,1,"Dync2li1"
"ENSMUSG00000024258.5",1198.21838357508,0.0249710211457434,0.0652736517305958,0.382558972628135,1,1,"Polr2d"
"ENSMUSG00000024259.10",2210.48748471687,0.098026294321226,0.0405315288338168,2.41851953631316,1,1,"Slc25a46"
"ENSMUSG00000024260.16",2324.95945617338,0.0296441149432022,0.0413625049762227,0.716690513793667,1,1,"Sap130"
"ENSMUSG00000024261.7",717.647908374753,-0.963948842749433,0.39174703377171,-2.46064107612662,0.536661824558943,1,"Syt4"
"ENSMUSG00000024268.17",1696.46066806248,0.742116047930213,0.205900283969539,3.60424975441027,0.894800694079444,1,"Celf4"
"ENSMUSG00000024269.12",1309.28259042704,-0.507240632556617,0.0609880261486105,-8.31705278214146,1,1,"Tpgs2"
"ENSMUSG00000024270.12",4271.10294931906,-0.0709004928257578,0.073845479740282,-0.960119604816953,1,1,"Slc39a6"
"ENSMUSG00000024271.9",4024.0540174671,0.0143356631676486,0.0231103409611403,0.620313789041617,1,1,"Elp2"
"ENSMUSG00000024273.9",537.140007894824,0.063417149936238,0.0617490582579907,1.02701404240495,1,1,"2700062C07Rik"
"ENSMUSG00000024276.8",2169.52541640576,-0.162626065367152,0.0685731155811366,-2.37157177399546,1,1,"Zfp397"
"ENSMUSG00000024277.15",3892.5579607384,-0.240999263795782,0.0476363271989898,-5.05914872045158,1,1,"Mapre2"
"ENSMUSG00000024283.16",5010.55156747426,0.0159017265333717,0.0677017707399435,0.234879034323245,1,1,"Wac"
"ENSMUSG00000024286.9",4367.48955889436,-0.159132254178556,0.0794764550960037,-2.00225656751213,1,1,"Ccny"
"ENSMUSG00000024287.9",1419.45393062749,-0.25243857212822,0.0561484010607105,-4.49591737893427,1,1,"Thoc1"
"ENSMUSG00000024290.10",4378.32707104779,0.104328691606213,0.0316923984434209,3.29191530872828,1,1,"Rock1"
"ENSMUSG00000024292.16",157.199715771681,0.61315166976225,0.192393471623167,3.18696712829844,0.977822185685426,1,"Cyp4f14"
"ENSMUSG00000024293.17",788.991552943927,-0.266675501234484,0.0430465379953254,-6.19505106922754,1,1,"Esco1"
"ENSMUSG00000024294.16",7300.49287071274,-0.00532732578826744,0.051978158306291,-0.102491622671107,1,1,"Mib1"
"ENSMUSG00000024298.16",6870.09425345903,0.16676374167685,0.0828385862970375,2.0131167023889,1,1,"Zfp871"
"ENSMUSG00000024299.18",860.031635239115,-0.0519205500509644,0.0771344032530449,-0.673117932612187,1,1,"Adamts10"
"ENSMUSG00000024300.18",138.180294983029,-0.520333316340782,0.379716702178315,-1.37031980251539,0.896776544732814,1,"Myo1f"
"ENSMUSG00000024301.11",567.064013761207,0.246986942763927,0.106775125012026,2.31315058386594,0.99999999999912,1,"Kifc5b"
"ENSMUSG00000024302.17",2731.12820932994,0.293368232553456,0.0828280048533049,3.54189664562167,1,1,"Dtna"
"ENSMUSG00000024304.15",10635.9801400739,0.0986577455058393,0.0875368184424933,1.12704285192467,1,1,"Cdh2"
"ENSMUSG00000024308.16",1496.30362174836,-0.0721082213981628,0.146103335626491,-0.493542608654094,0.999999999893099,1,"Tapbp"
"ENSMUSG00000024309.16",957.408574807752,-0.0413441793491362,0.0799474298726653,-0.517142069669861,1,1,"Pfdn6"
"ENSMUSG00000024312.11",1117.57440793968,-0.171720796461155,0.0602495553739982,-2.85015873387283,1,1,"Wdr46"
"ENSMUSG00000024317.16",1498.48469919952,-0.197169189658621,0.0530881031484378,-3.71399952089686,1,1,"Rnf138"
"ENSMUSG00000024319.19",2821.07204550002,-0.0432362178919191,0.135311253216751,-0.319531575268616,0.999999999999236,1,"Vps52"
"ENSMUSG00000024325.9",628.984393999004,0.253923679158198,0.0806941295137954,3.14674290048308,1,1,"Ring1"
"ENSMUSG00000024327.17",4953.27284868402,0.458645199324557,0.0531706046190159,8.62591656820331,1,1,"Slc39a7"
"ENSMUSG00000024335.21",9112.74776638434,0.0971251622156212,0.0466952156208734,2.07998101998709,1,1,"Brd2"
"ENSMUSG00000024339.13",1055.01072206515,-0.15317817723974,0.106575424848705,-1.43727484508922,0.999999999999999,1,"Tap2"
"ENSMUSG00000024346.7",1910.51396984595,0.155361233723198,0.058456795249701,2.65771041774639,1,1,"Pfdn1"
"ENSMUSG00000024349.11",3562.72860039183,0.711250538861678,0.170388836128292,4.17427899047418,0.954929093146228,1,"Sting1"
"ENSMUSG00000024350.7",2999.5094689375,0.0579413343976316,0.0564868414865707,1.02574923420717,1,1,"Dnajc18"
"ENSMUSG00000024352.13",122.15228281229,0.232863165976859,0.0656861650763537,3.54508694039572,1,1,"Spata24"
"ENSMUSG00000024353.6",21.7777292642675,-0.801685423146846,0.202643873708339,-3.95612958080685,0.836120051507327,1,"Mzb1"
"ENSMUSG00000024357.11",1227.04926288383,0.338963077814346,0.0868932051145089,3.90091581231992,0.999999999999986,1,"Sil1"
"ENSMUSG00000024359.11",20153.969163611,0.677299971019469,0.0783443483065804,8.64516695408622,0.999980973632573,1,"Hspa9"
"ENSMUSG00000024360.9",7135.97370999108,0.316020367625119,0.0781728684114213,4.04258375120526,1,1,"Etf1"
"ENSMUSG00000024369.17",1210.53097690419,0.0442607832580532,0.0484336043989891,0.91384450542725,1,1,"Nelfe"
"ENSMUSG00000024370.18",3788.26220266646,-0.125550614226678,0.0407775267013684,-3.07891685403432,1,1,"Cdc23"
"ENSMUSG00000024371.15",30.788952908973,0.4023809150161,0.19451864675245,2.06859816132785,0.998937909253917,1,"C2"
"ENSMUSG00000024376.8",34.2391396714918,0.0384768751658666,0.355321639178562,0.108287452615659,0.998331098082063,1,"Epb41l4a"
"ENSMUSG00000024378.10",3287.02558095553,-0.0366051885088382,0.137067932901798,-0.267058733095975,0.999999999998977,1,"Stard4"
"ENSMUSG00000024381.18",4056.19077702716,0.566697595708407,0.0589393076569555,9.61493472245649,0.999999999999902,1,"Bin1"
"ENSMUSG00000024382.14",1389.18588546464,-0.00947408019410165,0.0424923620986253,-0.222959603236746,1,1,"Ercc3"
"ENSMUSG00000024383.10",1729.66251000728,0.211620390319804,0.0734265928037748,2.88206741235207,1,1,"Map3k2"
"ENSMUSG00000024384.5",3974.86120977747,-0.180361571895951,0.0761490552565196,-2.36853328368127,1,1,"Iws1"
"ENSMUSG00000024387.14",3293.62494934217,0.126871029479955,0.0551901077084449,2.29880017901363,1,1,"Csnk2b"
"ENSMUSG00000024392.18",8037.75961352048,0.0838061058608897,0.0438761533610666,1.91006046430804,1,1,"Bag6"
"ENSMUSG00000024393.15",20052.115293831,0.0299983266619043,0.0556592503189344,0.538963900699527,1,1,"Prrc2a"
"ENSMUSG00000024395.10",442.179059784621,-1.16239814073643,0.367367500786796,-3.16412893967731,0.329223227854908,1,"Lims2"
"ENSMUSG00000024397.15",82.2740418388005,0.213238552230832,0.382906417979298,0.55689469337221,0.980812604952287,1,"Aif1"
"ENSMUSG00000024400.17",2461.69086837128,0.215644060946942,0.0452504053724895,4.76557191414788,1,1,"Wdr33"
"ENSMUSG00000024403.17",416.319480048997,-0.323704908393459,0.131947154416503,-2.45329207609628,0.999999851625128,1,"Atp6v1g2"
"ENSMUSG00000024404.8",3395.45483595696,0.026670540615198,0.0646260149873688,0.41269047179237,1,1,"Riok3"
"ENSMUSG00000024410.16",682.77556396074,0.245167219584472,0.0723654134876535,3.3879060143324,1,1,"Rmc1"
"ENSMUSG00000024411.12",3128.49876622712,0.167006684818247,0.240177398033242,0.695347214957889,0.999738652346047,1,"Aqp4"
"ENSMUSG00000024413.15",4265.12446862349,0.135601885663473,0.0633273617602708,2.14128430261789,1,1,"Npc1"
"ENSMUSG00000024414.14",1014.33948284024,-0.0760686930251298,0.0641765708029191,-1.1853031733143,1,1,"Mrpl27"
"ENSMUSG00000024420.10",2184.53375536517,0.0285532485865543,0.109142822637445,0.261613616878901,1,1,"Zfp521"
"ENSMUSG00000024422.15",1612.74866879061,-0.00097035862011109,0.0888421485416658,-0.0109222777256001,1,1,"Dhx16"
"ENSMUSG00000024423.7",2800.92909919568,0.134197865321688,0.0954358445378804,1.4061578851374,1,1,"Impact"
"ENSMUSG00000024424.16",474.228829769722,0.0552464390265675,0.0743049585773674,0.743509451916914,1,1,"Ttc39c"
"ENSMUSG00000024425.5",10463.7714036597,-0.0802684056958149,0.0509080808400675,-1.57673210954437,1,1,"Ndfip1"
"ENSMUSG00000024426.18",247.222204765792,0.18431788544102,0.198954364000756,0.926432985608295,0.999979329998788,1,"Atat1"
"ENSMUSG00000024429.10",2881.31960618846,0.210357099841509,0.0456363855246516,4.60941631163754,1,1,"Gnl1"
"ENSMUSG00000024430.15",18.3846506890179,-0.113860015290987,0.108189456630355,-1.05241322802837,1,1,"Cabyr"
"ENSMUSG00000024431.16",3571.13106651242,0.180687554891476,0.0694336353123498,2.60230584325085,1,1,"Nr3c1"
"ENSMUSG00000024436.17",955.311451063976,0.162390505313137,0.0523184220793375,3.10388767204948,1,1,"Mrps18b"
"ENSMUSG00000024440.14",15.2317063707279,0.430294149357793,0.324981414186375,1.32405771707,0.960207927273874,1,"Pcdh12"
"ENSMUSG00000024442.7",1971.22929165605,0.0996249582611051,0.0356548661964725,2.79414758457182,1,1,"Dele1"
"ENSMUSG00000024446.14",212.859596875253,-0.184072788367905,0.0911543370776244,-2.01935304747106,1,1,"Rpp21"
"ENSMUSG00000024451.10",61.2215489123227,0.0906182925544502,0.282625968228928,0.320629746524386,0.99941065031441,1,"Arap3"
"ENSMUSG00000024454.17",3229.10126337527,0.0244111237857787,0.0300925369399599,0.811201921409395,1,1,"Hdac3"
"ENSMUSG00000024456.18",1647.26827259425,-0.00984287062201879,0.0531989190461934,-0.18502012444035,1,1,"Diaph1"
"ENSMUSG00000024457.18",1316.56064597062,-0.355455371150184,0.0605085961807703,-5.87446071444553,1,1,"Trim26"
"ENSMUSG00000024462.18",2172.83721273502,-0.0495515962746681,0.114776508069844,-0.43172245878499,1,1,"Gabbr1"
"ENSMUSG00000024472.10",3375.01563265501,0.105261058671291,0.103318472688554,1.01880192314295,1,1,"Dcp2"
"ENSMUSG00000024474.9",4964.72596716326,-0.0450630166346378,0.0345276831465971,-1.30512714807159,1,1,"Ik"
"ENSMUSG00000024477.5",2948.39453041933,0.147870737939155,0.0514439672947241,2.87440385559688,1,1,"Pggt1b"
"ENSMUSG00000024480.10",2932.90259502475,0.00736810962430427,0.0421836727853009,0.174667333065217,1,1,"Ap3s1"
"ENSMUSG00000024483.20",3071.19729018371,0.0365201859878975,0.0718752654632146,0.508105058847934,1,1,"Ankhd1"
"ENSMUSG00000024486.7",1117.09546621211,0.39096417052419,0.133864076516312,2.92060559261803,0.999997313347232,1,"Hbegf"
"ENSMUSG00000024487.6",2612.21260843976,0.0520030906499796,0.034172397806861,1.5217864120597,1,1,"Yipf5"
"ENSMUSG00000024491.17",2243.58294693045,-0.201869800332218,0.0774757378481799,-2.60558732241826,1,1,"Rbm27"
"ENSMUSG00000024493.10",5260.17207973378,0.221702306772617,0.0604924221001157,3.66495999128117,1,1,"Lars1"
"ENSMUSG00000024498.17",4515.23738431178,0.0808001089160191,0.0480894106025785,1.68020584788965,1,1,"Tcerg1"
"ENSMUSG00000024501.21",18218.7458207175,0.0859434533440293,0.139561040879779,0.615812642283624,0.999999999971141,1,"Dpysl3"
"ENSMUSG00000024505.17",161.935841852062,-0.14478836862105,0.0747653830310805,-1.93656960950578,1,1,"Dtwd2"
"ENSMUSG00000024507.7",4684.60836181532,-0.0832834236995442,0.0546899921486452,-1.52282749416352,1,1,"Hsd17b4"
"ENSMUSG00000024513.17",2130.6007962105,0.352542544103289,0.0615000692220025,5.7323926389527,1,1,"Mbd2"
"ENSMUSG00000024515.14",3504.99478606668,0.13110631741034,0.0673283786995931,1.94726681293355,1,1,"Smad4"
"ENSMUSG00000024516.14",2865.41056667923,0.325745158882831,0.0659830630095162,4.93679959713072,1,1,"Sec11c"
"ENSMUSG00000024521.9",31.3938076216633,0.143466742364885,0.322510314647986,0.444843888238044,0.996240270467177,1,"Pmaip1"
"ENSMUSG00000024525.8",935.840977560876,1.13012078072429,0.147278833089178,7.67334149123787,0.188483216509012,1,"Impa2"
"ENSMUSG00000024527.11",2530.08486301999,0.270633263206804,0.0348014272301878,7.77649897565259,1,1,"Afg3l2"
"ENSMUSG00000024528.9",749.53119714686,0.159805748833341,0.0430324779418432,3.7136078719267,1,1,"Srfbp1"
"ENSMUSG00000024529.15",39.0858592143169,-1.36558318468707,0.361869412941399,-3.77369055203406,0.156184713717342,1,"Lox"
"ENSMUSG00000024530.9",168.225055164837,-0.710312491776436,0.103646097321328,-6.85324879695465,0.997404756040756,1,"Prelid3a"
"ENSMUSG00000024533.18",3998.60538971675,-0.355062320805372,0.0698506836857175,-5.08316171109966,1,1,"Spire1"
"ENSMUSG00000024534.16",939.893641088037,0.0101937611588563,0.217652602120363,0.0468350070688293,0.999999018506268,1,"Sncaip"
"ENSMUSG00000024535.17",578.869239557207,-0.0458895527453155,0.0490933292936892,-0.934741102417238,1,1,"Snx24"
"ENSMUSG00000024537.6",870.413080936959,0.0271051688101847,0.0423604204442932,0.639870155345361,1,1,"Psmg2"
"ENSMUSG00000024538.9",4905.78946458001,1.02556798754171,0.136817472515373,7.49588461683116,0.425878683329589,1,"Ppic"
"ENSMUSG00000024539.18",929.136324372664,0.0368208499664741,0.0626608045174039,0.587621723820147,1,1,"Ptpn2"
"ENSMUSG00000024542.10",2253.31661056392,0.116343498936032,0.0790296309426704,1.47215035105542,1,1,"Cep192"
"ENSMUSG00000024544.10",729.223166783066,0.863128184122003,0.128106527240558,6.73758162611981,0.857334872766532,1,"Ldlrad4"
"ENSMUSG00000024548.12",1067.45084310198,-0.447270338724858,0.12296360128601,-3.63742061916779,0.999996522602385,1,"Setbp1"
"ENSMUSG00000024556.5",1567.18919442248,0.188447408257391,0.0887607756062678,2.12309330298466,1,1,"Me2"
"ENSMUSG00000024558.13",779.719405877706,0.442479605892473,0.122925398934658,3.59957835994233,0.999997125782266,1,"Mapk4"
"ENSMUSG00000024560.8",1618.36250340196,-0.0785923279776179,0.0410615867098394,-1.91401098386647,1,1,"Cxxc1"
"ENSMUSG00000024561.12",1541.907277021,-0.0413106445303403,0.0356630137178752,-1.15836100833044,1,1,"Mbd1"
"ENSMUSG00000024563.17",2574.83562016673,-0.12262689578899,0.0909827724390394,-1.34780346324523,1,1,"Smad2"
"ENSMUSG00000024565.11",4855.52786107207,0.132602280334399,0.113581194020943,1.16746686348401,0.999999999999989,1,"Sall3"
"ENSMUSG00000024566.11",1973.44194400706,0.163083403987916,0.0682745333616117,2.38864179597032,1,1,"Atp9b"
"ENSMUSG00000024570.8",739.798115140605,0.413386474012679,0.0758423106742692,5.45060495042284,0.999999999999995,1,"Rbfa"
"ENSMUSG00000024571.16",1915.91933747893,0.24166100852139,0.0361416010661007,6.68650533991029,1,1,"Naa12"
"ENSMUSG00000024576.15",17237.3057747572,0.196264629823797,0.0505103502821061,3.88563192944884,1,1,"Csnk1a1"
"ENSMUSG00000024579.8",1252.85614090599,0.128182973962336,0.0659915781517975,1.94241413150451,1,1,"Pcyox1l"
"ENSMUSG00000024580.9",1072.06851546776,0.199132307006798,0.0513051726988077,3.88133002057755,1,1,"Grpel2"
"ENSMUSG00000024581.14",1474.56803873717,0.131895007435909,0.051913446789707,2.54067135958424,1,1,"Napg"
"ENSMUSG00000024583.4",4872.26842112488,0.18101052393134,0.0435882082140174,4.15274064587793,1,1,"Txnl1"
"ENSMUSG00000024587.11",10195.3243809142,0.551326785207853,0.0729843585392917,7.55404029359306,0.999999999606495,1,"Nars1"
"ENSMUSG00000024588.11",2112.31302829599,0.425838909203285,0.0708290985567749,6.01220286408054,1,1,"Fech"
"ENSMUSG00000024589.19",1926.1562489821,0.0865732644701193,0.106217664908452,0.815055240997214,1,1,"Nedd4l"
"ENSMUSG00000024590.9",8166.59621454488,-0.452861960878255,0.11606584638619,-3.90176761707689,0.999998785683666,1,"Lmnb1"
"ENSMUSG00000024592.16",644.411445350936,-0.423755590191938,0.0496299005080936,-8.5383123047533,1,1,"C330018D20Rik"
"ENSMUSG00000024593.16",691.850554004403,0.863183088988828,0.2492150137424,3.46360789435043,0.708494340272672,1,"Megf10"
"ENSMUSG00000024594.10",2551.33060966236,0.628525190449024,0.0774204894222267,8.11833140218538,0.99999919929472,1,"Prrc1"
"ENSMUSG00000024597.12",5376.39121993762,-0.389177040219413,0.0999269451744272,-3.89461560683244,0.999999999510188,1,"Slc12a2"
"ENSMUSG00000024600.9",306.041113132311,0.83597824790709,0.138492453608989,6.03627292406372,0.881860177566202,1,"Slc27a6"
"ENSMUSG00000024601.10",2673.90946918509,-0.29636115659756,0.0696136041722632,-4.25723046696728,1,1,"Isoc1"
"ENSMUSG00000024603.9",4807.95416490078,-0.000435204851176708,0.036525094223751,-0.0119152287057951,1,1,"Dctn4"
"ENSMUSG00000024604.8",2496.71029098499,-0.0988044150056711,0.0306183218033634,-3.22697029707283,1,1,"Rbm22"
"ENSMUSG00000024608.12",15535.2987095941,0.669962660930343,0.0917875572577306,7.29905752965135,0.999838218233788,1,"Rps14"
"ENSMUSG00000024613.17",2335.06964655219,0.0402220706328004,0.0423178822383375,0.950474563123616,1,1,"Tcof1"
"ENSMUSG00000024614.8",7206.4811890078,0.070606590782663,0.0610846812911821,1.1558804808376,1,1,"Tmx3"
"ENSMUSG00000024617.17",1419.96813973961,-0.324141721349477,0.256011418641675,-1.26612212482272,0.995854247330462,1,"Camk2a"
"ENSMUSG00000024620.13",94.8823791652023,0.23721221061039,0.278945183513707,0.850390057366713,0.99688125638591,1,"Pdgfrb"
"ENSMUSG00000024621.17",501.105332527697,0.454147877439472,0.28068881261787,1.61797641025954,0.974093830982776,1,"Csf1r"
"ENSMUSG00000024622.9",1346.40889087331,0.243105734793959,0.0511247889087618,4.75514403057604,1,1,"Hmgxb3"
"ENSMUSG00000024639.6",6789.67655982557,0.31297692934941,0.0498290003345815,6.28101963209971,1,1,"Gnaq"
"ENSMUSG00000024640.10",13740.290339325,0.462877251294166,0.0656051424569706,7.05550257127724,1,1,"Psat1"
"ENSMUSG00000024642.19",3043.15551131254,-0.0664098561088092,0.0839206599496624,-0.791340965962891,1,1,"Tle4"
"ENSMUSG00000024644.18",1966.8333269968,0.0331886754474066,0.116676341628179,0.284450771975449,1,1,"Cndp2"
"ENSMUSG00000024645.6",915.136461931477,0.314616848059653,0.0523405298773763,6.01096031692341,1,1,"Timm21"
"ENSMUSG00000024646.15",1264.38093274522,-0.0146451698637684,0.068322082088498,-0.214354853015141,1,1,"Cyb5a"
"ENSMUSG00000024660.10",3505.75758151403,-0.0162493238910964,0.107894561198329,-0.150603734892877,1,1,"Incenp"
"ENSMUSG00000024663.21",305.549081112836,0.170410851605086,0.109615503763765,1.55462362306287,0.999999999999981,1,"Rab3il1"
"ENSMUSG00000024665.9",11325.4740550691,-0.115037319783182,0.0676805101214923,-1.69971118090984,1,1,"Fads2"
"ENSMUSG00000024666.7",484.155951659483,0.251251509362158,0.0553525838419779,4.53911076815199,1,1,"Tmem138"
"ENSMUSG00000024667.13",162.781213919351,-0.208877184638075,0.0590633988256195,-3.5364911060193,1,1,"Tmem216"
"ENSMUSG00000024668.9",1142.68213319337,0.271533515004548,0.041082450512829,6.60947707877735,1,1,"Sdhaf2"
"ENSMUSG00000024672.12",107.918925378884,0.991922119477221,0.358354408925875,2.76799195090243,0.508992048034017,1,"Ms4a7"
"ENSMUSG00000024677.14",49.7917364406747,0.112349224873146,0.333330650910451,0.337050386954449,0.996550653466832,1,"Ms4a6b"
"ENSMUSG00000024679.11",98.8032639967518,0.221319131087182,0.358626076375899,0.617130615050991,0.985375489122394,1,"Ms4a6d"
"ENSMUSG00000024683.7",806.245058369445,0.0417233589915691,0.0480334584763996,0.868631164921616,1,1,"Mrpl16"
"ENSMUSG00000024687.12",3464.77253623324,0.174409746384414,0.0342153881574449,5.09740662832331,1,1,"Osbp"
"ENSMUSG00000024691.14",3363.37700749581,0.0257229388901224,0.111910579625941,0.229852610683467,1,1,"Fam111a"
"ENSMUSG00000024695.17",8092.20834055357,0.124863347112536,0.0418509367771612,2.98352573987487,1,1,"Zfp91"
"ENSMUSG00000024696.10",38.3628883840302,-0.0731961438254215,0.19290980924177,-0.379431943420184,0.999999236920298,1,"Lpxn"
"ENSMUSG00000024697.5",67.1504605313953,1.18514369284374,0.17694277648764,6.69789248461649,0.147700231569251,1,"Gna14"
"ENSMUSG00000024712.10",2313.61145836516,-0.218021667797622,0.0553859367036268,-3.93640842375328,1,1,"Rfk"
"ENSMUSG00000024713.17",463.891938972863,0.361776848149641,0.161522913373039,2.23978654541795,0.999961133743895,1,"Pcsk5"
"ENSMUSG00000024725.14",2048.53251792341,0.849072028884781,0.0755997779324079,11.2311444835713,0.97705521280255,1,"Ostf1"
"ENSMUSG00000024726.11",2281.87646262583,0.344201998702994,0.0956670673912444,3.59791522923275,0.999999999996434,1,"Carnmt1"
"ENSMUSG00000024727.10",13.5833232158485,0.485341764589234,0.181478962713936,2.67436928959239,0.997715243028796,1,"Trpm6"
"ENSMUSG00000024732.8",887.891805556374,0.135784239197292,0.0688548442882996,1.97203610872686,1,1,"Ccdc86"
"ENSMUSG00000024735.14",6620.47870607295,-0.159912517415577,0.0890382092114671,-1.79599880581361,1,1,"Prpf19"
"ENSMUSG00000024736.16",2791.81995924464,0.197482346386252,0.0810345398233019,2.4370144732958,1,1,"Tmem132a"
"ENSMUSG00000024737.3",231.091629008804,0.120598892580665,0.26086428483159,0.462305112631734,0.999634371041002,1,"Slc15a3"
"ENSMUSG00000024740.11",16104.960223229,0.352086964606759,0.0635426556069471,5.54095451698851,1,1,"Ddb1"
"ENSMUSG00000024742.16",1504.62318192766,-0.0918152118392462,0.0897674885899906,-1.02281141292265,1,1,"Fen1"
"ENSMUSG00000024743.17",911.841637701181,-0.582745107517815,0.245768541810775,-2.37111350063056,0.955223040659166,1,"Syt7"
"ENSMUSG00000024747.4",22.3582517078393,-0.377321503453184,0.252941820856563,-1.4917323761465,0.993086897188133,1,"Aldh1a7"
"ENSMUSG00000024750.12",5584.97387007684,0.462266762229453,0.0788372548353314,5.86355731430523,0.999999999995473,1,"Zfand5"
"ENSMUSG00000024754.14",4999.61419338479,0.448186862399982,0.0993171591835263,4.51268306589182,0.999999986204226,1,"Cemip2"
"ENSMUSG00000024758.16",12891.9705349128,-0.172061330246735,0.0446202007372085,-3.85613079735103,1,1,"Rtn3"
"ENSMUSG00000024759.15",5180.93112152723,0.320147900057489,0.0708009336577644,4.52180336498119,1,1,"Atl3"
"ENSMUSG00000024764.11",1716.17605887884,0.0249009226874207,0.0471609444959344,0.527998812440393,1,1,"Naa40"
"ENSMUSG00000024766.16",24.872927719979,-0.73859786700945,0.351907460650221,-2.09884117161012,0.771203536891872,1,"Lipo3"
"ENSMUSG00000024767.12",3123.24552924316,0.109228260929768,0.0512526677146678,2.13117220625198,1,1,"Otub1"
"ENSMUSG00000024769.8",96.3488675977366,-0.677496658420771,0.1832602195088,-3.69691065653361,0.960780067347112,1,"Cdc42bpg"
"ENSMUSG00000024772.10",1984.47279008781,-0.207357705501741,0.0786608993243953,-2.63609629794091,1,1,"Ehd1"
"ENSMUSG00000024773.16",818.262272905143,0.140401659305675,0.0575825714005975,2.43826657772733,1,1,"Atg2a"
"ENSMUSG00000024776.19",1499.52783389723,1.08186410544562,0.0865073195389,12.5060412368821,0.171991227622191,1,"Stambpl1"
"ENSMUSG00000024777.11",1538.61817498607,-0.144622342566541,0.0604004065148515,-2.39439352996706,1,1,"Ppp2r5b"
"ENSMUSG00000024778.14",365.416896813115,0.383652093504779,0.165709584228347,2.31520762840191,0.999900170020948,1,"Fas"
"ENSMUSG00000024780.8",2732.82052080253,-0.371306491662541,0.0755732973325936,-4.91319691965329,1,1,"Cdc37l1"
"ENSMUSG00000024781.17",2485.9737905806,0.473559497611388,0.0910967852700077,5.19842161507427,0.999999996240787,1,"Lipa"
"ENSMUSG00000024782.8",4007.68411260623,0.129005718593968,0.0569093123426802,2.26686482903111,1,1,"Ak3"
"ENSMUSG00000024785.8",651.909285135848,-0.208383147249293,0.0524996643629189,-3.96922818037055,1,1,"Rcl1"
"ENSMUSG00000024787.15",561.981292769149,0.0289727589581349,0.0674764860737666,0.429375633557166,1,1,"Snx15"
"ENSMUSG00000024789.14",2535.4376024784,0.0908285017505773,0.0620476073079453,1.46385180172687,1,1,"Jak2"
"ENSMUSG00000024790.9",486.580565048708,-0.137382829315672,0.056552446149224,-2.42929950285727,1,1,"Sac3d1"
"ENSMUSG00000024791.11",676.2578820347,0.0434216223835639,0.113302427567233,0.383236470002354,1,1,"Cdca5"
"ENSMUSG00000024792.10",662.67100014915,0.320442114671244,0.0615032918721894,5.21016200786712,1,1,"Zfpl1"
"ENSMUSG00000024793.15",75.3578757763958,0.332391002025391,0.155033725442184,2.14399158039551,0.999991696524816,1,"Tnfrsf25"
"ENSMUSG00000024795.12",1819.54660424626,0.0664544468756273,0.122136416037031,0.544100187576151,0.999999999999989,1,"Kif20b"
"ENSMUSG00000024797.15",900.763071255255,0.157995248007836,0.0522114706796876,3.02606392716117,1,1,"Vps51"
"ENSMUSG00000024799.17",760.994166958437,0.468017210941157,0.102355355664798,4.57247408209749,0.99999989895805,1,"Tm7sf2"
"ENSMUSG00000024800.9",865.236936219501,0.036683982205246,0.0537860776225662,0.682034902464333,1,1,"Rpp30"
"ENSMUSG00000024805.17",1047.83698277464,0.269398404804722,0.103374491807659,2.60604332939282,0.999999999999211,1,"Pcgf5"
"ENSMUSG00000024807.19",1462.01231684139,0.398973373926115,0.0545967689510073,7.30763709266633,1,1,"Syvn1"
"ENSMUSG00000024810.17",8081.76186363204,1.05314131077401,0.209430752013894,5.02858964429516,0.399847565955739,1,"Il33"
"ENSMUSG00000024811.13",12932.1318108016,0.289506934719795,0.0652341531522962,4.43796570860528,1,1,"Tnks2"
"ENSMUSG00000024812.12",1888.54040577099,-0.0518356850954419,0.0634542566287127,-0.816898469061673,1,1,"Tjp2"
"ENSMUSG00000024816.13",2248.70303363839,0.233478019308338,0.0698036948181291,3.3447802428891,1,1,"Frmd8"
"ENSMUSG00000024817.14",2034.67458766433,0.443260623300553,0.0495893234279808,8.93863018607837,1,1,"Uhrf2"
"ENSMUSG00000024824.8",418.644771413946,0.326702446156795,0.0653354317280646,5.00038704139245,1,1,"Rad9a"
"ENSMUSG00000024826.16",3108.93892695269,0.0330852201181835,0.0602455140888104,0.54917317278447,1,1,"Dpf2"
"ENSMUSG00000024827.11",2005.12729343015,0.367583478540684,0.0794282515530727,4.62786818736745,0.999999999999999,1,"Gldc"
"ENSMUSG00000024829.13",911.787165525793,0.051891754730636,0.0597778943879561,0.868075987987476,1,1,"Mrpl21"
"ENSMUSG00000024830.18",582.867718989907,0.0778698026348445,0.085358199368295,0.912270914934133,1,1,"Rps6kb2"
"ENSMUSG00000024831.15",368.161198418599,0.20461026556441,0.0387523310440082,5.27994729741674,1,1,"Ighmbp2"
"ENSMUSG00000024833.16",1134.14036773254,0.0377952551495341,0.068069759385571,0.555242966784245,1,1,"Pola2"
"ENSMUSG00000024835.16",3601.19419923474,0.509252343400362,0.066545191464558,7.65272940377052,0.999999999999918,1,"Coro1b"
"ENSMUSG00000024841.9",1838.9431725985,0.164520604219665,0.0576794491350264,2.85232620433884,1,1,"Eif1ad"
"ENSMUSG00000024843.16",1604.03202597042,0.355377330327953,0.0747163554374176,4.75635258501891,1,1,"Chka"
"ENSMUSG00000024844.16",4185.11006101841,0.268354778814237,0.0679866582780981,3.94716824757789,1,1,"Banf1"
"ENSMUSG00000024845.20",1251.63206807953,0.540545115943584,0.100679012101395,5.36899503343549,0.99999748534904,1,"Tmem134"
"ENSMUSG00000024847.16",1275.6895534953,0.363736239009795,0.0749929133813119,4.85027481410579,1,1,"Aip"
"ENSMUSG00000024851.15",685.84265163349,0.315617636641732,0.111658033930063,2.82664511932406,0.999999999558587,1,"Pitpnm1"
"ENSMUSG00000024853.11",10547.2761643959,0.176345322586924,0.0305923835668414,5.76435380399917,1,1,"Sf3b2"
"ENSMUSG00000024854.5",716.366760903676,0.976618907585672,0.135637228642484,7.20022752868145,0.568430448989223,1,"Pold4"
"ENSMUSG00000024855.11",2733.27410286231,0.190811257649985,0.0657586139076055,2.90169220899463,1,1,"Pacs1"
"ENSMUSG00000024856.11",631.793983420613,0.264455468218734,0.0826337751680519,3.20033143446384,1,1,"Cdk2ap2"
"ENSMUSG00000024858.15",2749.110779978,0.14831907176737,0.0998581383656241,1.4852977853874,1,1,"Grk2"
"ENSMUSG00000024862.17",814.427541429061,-0.0879929900418316,0.0879548715424841,-1.00043338701631,1,1,"Klc2"
"ENSMUSG00000024867.15",52.4323601223649,0.56679470271207,0.226890618704889,2.49809668618025,0.971889162265416,1,"Pip5k1b"
"ENSMUSG00000024869.11",76.7252838417207,0.928189299219761,0.110721185800506,8.38312281889884,0.74169258709854,1,"Gm49405"
"ENSMUSG00000024870.7",3150.53681114462,0.195523371042912,0.0515332888543575,3.79411784866859,1,1,"Rab1b"
"ENSMUSG00000024871.12",58.3285515821038,0.927017193404626,0.155693716979432,5.95410792027717,0.680378989185971,1,"Doc2g"
"ENSMUSG00000024873.8",638.52025475671,-0.479205674198459,0.118371188831555,-4.04833033214172,0.99999457925232,1,"Cnih2"
"ENSMUSG00000024875.6",1023.33902162384,0.302294118033317,0.0524242453371711,5.76630366520465,1,1,"Yif1a"
"ENSMUSG00000024878.10",813.348854419337,0.0518917611459189,0.0457335532671145,1.13465404366978,1,1,"Zng1"
"ENSMUSG00000024883.9",122.950781626082,0.497238021116642,0.241499811617878,2.0589582152694,0.981321080647778,1,"Rin1"
"ENSMUSG00000024885.10",724.539047446713,1.06969005279934,0.0776007052945391,13.7845403432771,0.184576907025302,1,"Aldh3b1"
"ENSMUSG00000024887.11",802.636047029507,0.981706182565962,0.0916994834283764,10.7056893437436,0.579063199505213,1,"Asah2"
"ENSMUSG00000024889.6",524.169584309873,0.421418212838306,0.0583113786322216,7.22703223150069,1,1,"Rce1"
"ENSMUSG00000024891.7",233.825439785164,0.151118489068013,0.0822209539862493,1.83795591928167,1,1,"Slc29a2"
"ENSMUSG00000024892.18",557.141115972337,-0.738708310332461,0.145104788363147,-5.09086101613496,0.964125724803671,1,"Pcx"
"ENSMUSG00000024896.10",1856.74972156196,0.483293898246093,0.0549716054445907,8.79170063048704,1,1,"Minpp1"
"ENSMUSG00000024897.10",1047.68873045704,-0.769325131230579,0.123676426659746,-6.22046700416983,0.968919685390995,1,"Apba1"
"ENSMUSG00000024899.8",26.5681128003153,-1.41727089836457,0.425246530621651,-3.33282177821113,0.163236052964921,1,"Papss2"
"ENSMUSG00000024900.6",3125.00410517392,0.580179830201882,0.134663241086163,4.30837566007088,0.999088212922201,1,"Cpt1a"
"ENSMUSG00000024901.16",54.6911032295869,0.309616032939053,0.21977892590149,1.40876124345894,0.999158904092414,1,"Peli3"
"ENSMUSG00000024902.6",1161.12660845326,0.0105671443999408,0.0475784759856441,0.222099261925272,1,1,"Mrpl11"
"ENSMUSG00000024905.16",32.6131850600464,-0.140544862012869,0.123527563436238,-1.13776114498863,0.999999999998269,1,"Tesmin"
"ENSMUSG00000024906.11",575.754260411509,0.0441452823960337,0.0637641279903798,0.692321588757459,1,1,"Mus81"
"ENSMUSG00000024908.16",6451.9382155747,-0.0910772287347206,0.0777461814176084,-1.17146883710604,1,1,"Ppp6r3"
"ENSMUSG00000024909.16",2494.23575481401,1.03653809791751,0.121060901946109,8.56212105853075,0.381396227205339,1,"Efemp2"
"ENSMUSG00000024911.8",986.736331410448,0.485956398175809,0.111193170708585,4.37037989904436,0.99999810865236,1,"Fibp"
"ENSMUSG00000024912.7",12.5610020101945,-0.712865426365587,0.232174218418428,-3.07039012006427,0.891904533860473,1,"Fosl1"
"ENSMUSG00000024913.17",6753.11541224696,0.750264029178176,0.1182568594625,6.34435949498634,0.982648608127808,1,"Lrp5"
"ENSMUSG00000024914.17",2327.55914675211,0.186797670544976,0.0607133958505049,3.07671260894267,1,1,"Drap1"
"ENSMUSG00000024921.18",3975.2549137669,-0.112008245814388,0.0739851139783801,-1.51392948920939,1,1,"Smarca2"
"ENSMUSG00000024924.15",8319.59748995677,0.912274649552666,0.138628520109584,6.58071404665883,0.736570752334796,1,"Vldlr"
"ENSMUSG00000024925.12",708.643922218241,0.384828688121708,0.107579398290226,3.57715970007124,0.999999994620258,1,"Rnaseh2c"
"ENSMUSG00000024926.11",1486.42414279119,-0.0142013947797153,0.0513288873717193,-0.276674510337036,1,1,"Kat5"
"ENSMUSG00000024927.9",1447.74403975445,0.138048159792913,0.0843795281327509,1.63603853740124,1,1,"Rela"
"ENSMUSG00000024935.12",379.450758997096,0.15887831856846,0.291966851808159,0.544165605049075,0.998053227079865,1,"Slc1a1"
"ENSMUSG00000024937.16",133.686759215604,0.161347262317922,0.15820808062455,1.01984210718554,0.999999942398514,1,"Ehbp1l1"
"ENSMUSG00000024939.7",668.760554021115,0.215397972032209,0.0677466055787888,3.17946515832004,1,1,"Fam89b"
"ENSMUSG00000024940.12",3488.49978787332,0.645374995746087,0.129037427553329,5.00145584101455,0.997004135549695,1,"Ltbp3"
"ENSMUSG00000024941.10",2195.52224276478,0.359926198024118,0.0550476628695399,6.53844648912934,1,1,"Scyl1"
"ENSMUSG00000024943.10",3918.31290612703,0.289152198560451,0.0625734151962889,4.62100714262437,1,1,"Smc5"
"ENSMUSG00000024944.7",886.315204133402,0.53104054641264,0.0685069108539797,7.75163468609081,0.999999999996188,1,"Arl2"
"ENSMUSG00000024947.18",2244.35632021411,-0.00322589808374248,0.053330101260834,-0.0604892548012393,1,1,"Men1"
"ENSMUSG00000024948.16",728.212542985667,-0.018194655811714,0.0933039602972613,-0.195004110798157,1,1,"Map4k2"
"ENSMUSG00000024949.18",7905.43661672774,0.0171728622727243,0.0636817179136784,0.269667069848876,1,1,"Sf1"
"ENSMUSG00000024953.18",4116.63235090717,0.402939239580815,0.0927926620991007,4.34236102797098,0.999999999938,1,"Prdx5"
"ENSMUSG00000024955.16",891.984722572875,0.683247268568668,0.0720908017761144,9.47759286532232,0.999994430744364,1,"Esrra"
"ENSMUSG00000024958.15",996.054616177933,0.242432053051374,0.0733469344415393,3.30527860362867,1,1,"Gpr137"
"ENSMUSG00000024959.15",497.090909272569,0.180274550925163,0.0554146101582561,3.25319532899942,1,1,"Bad"
"ENSMUSG00000024960.10",3684.01910207613,-0.112710050061723,0.0650612428257855,-1.73236853718776,1,1,"Plcb3"
"ENSMUSG00000024962.14",1777.37335581844,0.399632467221689,0.0754325779313983,5.29787630465357,0.999999999999999,1,"Vegfb"
"ENSMUSG00000024963.13",290.195157023452,0.0571661204526339,0.0903332315455226,0.63283599484455,1,1,"Dnajc4"
"ENSMUSG00000024965.10",120.811187496029,-0.0436050010212827,0.15759984975536,-0.27668174233015,0.999999999372191,1,"Fermt3"
"ENSMUSG00000024966.10",8288.99656886274,0.0222165370990933,0.0504245354353195,0.44058982214305,1,1,"Stip1"
"ENSMUSG00000024968.15",2677.66368140469,-0.0968979170899642,0.10224104258822,-0.947739915761855,1,1,"Rcor2"
"ENSMUSG00000024969.17",2242.66953909451,-0.0912560894278142,0.064751652054313,-1.40932449648187,1,1,"Mark2"
"ENSMUSG00000024970.6",739.791516089101,-0.015348597833397,0.0814481833233575,-0.1884461654898,1,1,"Spindoc"
"ENSMUSG00000024974.11",5680.06834964292,0.0934900363841852,0.0562449371523725,1.66219469906976,1,1,"Smc3"
"ENSMUSG00000024975.14",2380.17037799662,0.372291517684805,0.0952403630415895,3.90896785559535,0.999999999978124,1,"Pdcd4"
"ENSMUSG00000024976.15",2915.03873062513,0.299243873570469,0.0706309825983587,4.23672250564758,1,1,"Shoc2"
"ENSMUSG00000024978.12",3733.70208639593,0.500723546654647,0.0965719292597385,5.1849802576472,0.999999882950273,1,"Gpam"
"ENSMUSG00000024981.7",1774.40431853028,-0.104605359593999,0.113141713446411,-0.924551665408039,0.999999999999999,1,"Acsl5"
"ENSMUSG00000024982.11",2746.71838759138,0.307939940172827,0.0501311657366804,6.14268460841938,1,1,"Zdhhc6"
"ENSMUSG00000024983.11",1200.91001325499,0.0619494351257631,0.0545439271290765,1.13577144856405,1,1,"Vti1a"
"ENSMUSG00000024985.22",1563.61818626886,0.234156517496448,0.0949333812037093,2.46653510627618,1,1,"Tcf7l2"
"ENSMUSG00000024986.13",110.493159398346,0.503317143120986,0.185203907775488,2.71763781426863,0.996338817074383,1,"Hhex"
"ENSMUSG00000024989.16",1183.70729480526,0.129792554932853,0.12862129439307,1.00910627237356,0.999999999993365,1,"Cep55"
"ENSMUSG00000024990.14",39.44582078391,-0.232276745125758,0.279255635455665,-0.831771021368106,0.997017851069073,1,"Rbp4"
"ENSMUSG00000024991.9",19703.1005461421,0.155156733939411,0.0396537537457982,3.91278805366193,1,1,"Eif3a"
"ENSMUSG00000024993.16",1301.99331748762,0.0043914227431691,0.0651296356071952,0.0674258761350103,1,1,"Dennd10"
"ENSMUSG00000024997.8",2747.64789205354,0.394482584200262,0.0510959227082521,7.72043175446074,1,1,"Prdx3"
"ENSMUSG00000024998.18",3587.47336293255,-0.17973249515404,0.114466594743359,-1.57017421158559,0.999999999999614,1,"Plce1"
"ENSMUSG00000024999.8",1328.3196791125,0.0723383044545946,0.0494380608723812,1.46321079706843,1,1,"Noc3l"
"ENSMUSG00000025001.12",2281.61404631013,-0.047423058890344,0.148756272255608,-0.318797037403955,0.999999999925079,1,"Hells"
"ENSMUSG00000025002.6",10.504958257354,-0.0226179987578561,0.293019046127617,-0.0771895173940518,0.99981592516579,1,"Cyp2c55"
"ENSMUSG00000025006.19",1047.7164072719,-0.323820062334329,0.142080521495794,-2.27913058683357,0.999999027863071,1,"Sorbs1"
"ENSMUSG00000025007.14",5053.2852722542,0.366957851019324,0.0826023681717939,4.44246162841405,0.999999999999991,1,"Aldh18a1"
"ENSMUSG00000025008.16",509.8972351927,0.294681523693844,0.0638310993878333,4.61658230110342,1,1,"Tctn3"
"ENSMUSG00000025010.15",379.868446885508,-0.402382975882792,0.0606958608106392,-6.62949615523468,1,1,"Ccnj"
"ENSMUSG00000025014.14",11.9199303604892,0.270884519717541,0.20464850169332,1.32365747843823,0.999816518967586,1,"Dntt"
"ENSMUSG00000025016.12",13895.1130471723,0.359607430272511,0.0800203038095896,4.49395232400274,0.999999999999999,1,"Tm9sf3"
"ENSMUSG00000025019.18",762.232866157508,0.00223560979142556,0.10504938248817,0.0212815129272875,1,1,"Lcor"
"ENSMUSG00000025020.12",112.577215492551,-0.774969068448364,0.226137598619148,-3.4269801801227,0.840157697733685,1,"Slit1"
"ENSMUSG00000025024.8",2727.13008698162,0.255454749637071,0.0391442469735553,6.52598451592769,1,1,"Smndc1"
"ENSMUSG00000025025.15",2524.72068491536,0.406430564396381,0.113823203212642,3.57071803397674,0.99999990801046,1,"Mxi1"
"ENSMUSG00000025026.16",4009.53963223375,0.16915766420581,0.091624832247357,1.84619889670455,1,1,"Add3"
"ENSMUSG00000025027.19",4084.03705133675,0.0711973102721337,0.0629408731835146,1.13117766994662,1,1,"Xpnpep1"
"ENSMUSG00000025034.10",3551.30540543136,0.511021869444467,0.0719277104303135,7.10465919723061,0.999999999994703,1,"Trim8"
"ENSMUSG00000025035.10",2086.67517024582,0.262697846000446,0.0716532876363262,3.66623576762813,1,1,"Arl3"
"ENSMUSG00000025036.8",249.229584405537,0.0927257783562402,0.0934999673354624,0.991719901072857,1,1,"Sfxn2"
"ENSMUSG00000025037.7",2007.41087985582,-0.116707289718895,0.044971440427724,-2.59514235276635,1,1,"Maoa"
"ENSMUSG00000025040.14",1374.92497252035,-0.0810095432772452,0.0441788330970073,-1.83367322308775,1,1,"Fundc1"
"ENSMUSG00000025041.18",1668.21986954346,-0.145657787856814,0.0816063205169669,-1.78488365771289,1,1,"Nt5c2"
"ENSMUSG00000025044.17",323.981261451206,-0.517432813560806,0.439884247246538,-1.17629311983706,0.863967032978128,1,"Msr1"
"ENSMUSG00000025047.10",2523.11879816714,0.133318543422953,0.0456010622823394,2.923584161209,1,1,"Pdcd11"
"ENSMUSG00000025049.7",419.018505863221,0.0175364290222193,0.055647365488574,0.315134937085566,1,1,"Taf5"
"ENSMUSG00000025050.9",655.163477956432,0.0980804338388425,0.0510391392074259,1.92167100311465,1,1,"Pcgf6"
"ENSMUSG00000025059.17",622.508703566322,-0.0820139905779494,0.0775444583824651,-1.05763831856868,1,1,"Gk"
"ENSMUSG00000025060.16",3624.72389042685,0.472511371979063,0.0780566015001574,6.05344535757312,0.999999999992993,1,"Slk"
"ENSMUSG00000025066.11",4212.44138853304,0.384194716236909,0.0557207654605398,6.8950006889081,1,1,"Sfr1"
"ENSMUSG00000025069.16",20.3557318455893,0.860313086574534,0.18282264371084,4.70572500819559,0.777583350379747,1,"Gsto2"
"ENSMUSG00000025076.13",1794.03209010806,-0.229093971920503,0.058815031462058,-3.89516023753711,1,1,"Casp7"
"ENSMUSG00000025077.15",785.989522572839,0.138022253090146,0.0693212556837971,1.99105240850978,1,1,"Dclre1a"
"ENSMUSG00000025078.10",2278.94343743611,0.145560355446691,0.0590618679172397,2.46454032999189,1,1,"Nhlrc2"
"ENSMUSG00000025085.17",1163.41337712165,-0.261822845118705,0.150721925702154,-1.73712513225249,0.999999514952436,1,"Ablim1"
"ENSMUSG00000025086.14",882.063905329588,0.286240498824228,0.0594339255004561,4.81611295929008,1,1,"Trub1"
"ENSMUSG00000025089.16",441.27449230056,0.887416816031733,0.28599531803122,3.10290679630937,0.653081724462105,1,"Gfra1"
"ENSMUSG00000025092.8",116.782926113771,-0.960225289630575,0.193683210110543,-4.95771052680579,0.581354416647693,1,"Hspa12a"
"ENSMUSG00000025102.15",231.953014790042,0.184496654092931,0.076164244987435,2.42235256350756,1,1,"3110040N11Rik"
"ENSMUSG00000025103.9",4795.76280371351,0.226686089442247,0.0387895772665118,5.84399484131403,1,1,"Btbd1"
"ENSMUSG00000025104.14",3326.5424012801,-0.618949504222573,0.0968390539325416,-6.39152778850705,0.99995838164873,1,"Hdgfl3"
"ENSMUSG00000025130.12",43151.1375308231,0.465215385020923,0.108712781801428,4.27930715516665,0.999999565602705,1,"P4hb"
"ENSMUSG00000025132.14",19598.2445324485,-0.116830952276081,0.0511575145285863,-2.28374957917077,1,1,"Arhgdia"
"ENSMUSG00000025133.10",2922.97712069874,-0.436648875208385,0.0698747127801107,-6.24902568948625,1,1,"Ints4"
"ENSMUSG00000025134.3",4288.60249867541,-0.277498248095752,0.0929040784648444,-2.98693289553224,0.999999999999996,1,"Alyref"
"ENSMUSG00000025135.13",2399.34181014768,-0.175935135295291,0.0563118170135869,-3.12430222688146,1,1,"Anapc11"
"ENSMUSG00000025137.16",2009.74350260158,0.0784494097549793,0.0970943725697744,0.807970716311119,1,1,"Pcyt2"
"ENSMUSG00000025138.15",815.504903512338,-0.166586918330967,0.0723693847179659,-2.30189767372184,1,1,"Sirt7"
"ENSMUSG00000025139.15",3876.28817717608,0.0125494025854898,0.0473282536842269,0.26515667933195,1,1,"Tollip"
"ENSMUSG00000025140.16",1500.35153127915,0.266465728785325,0.12538527957666,2.12517553643455,0.999999997545713,1,"Pycr1"
"ENSMUSG00000025142.19",1738.80236431304,-0.224260632381193,0.0615921220388686,-3.64106033300281,1,1,"Aspscr1"
"ENSMUSG00000025144.18",618.911875333428,-0.0681109379488052,0.1001090418005,-0.680367494522008,1,1,"Cenpx"
"ENSMUSG00000025145.14",657.495079133247,-0.0952226066067441,0.0780251196956938,-1.22040961908322,1,1,"Lrrc45"
"ENSMUSG00000025147.8",427.31523671842,0.182591276944982,0.0521016990031902,3.50451675162842,1,1,"Mob2"
"ENSMUSG00000025150.11",79.4603283350598,0.596796786704723,0.269137950032881,2.21743825659596,0.93295005794299,1,"Cbr2"
"ENSMUSG00000025151.17",30829.9023866401,0.229821259854443,0.0693770179115767,3.31264252590617,1,1,"Maged1"
"ENSMUSG00000025153.10",14544.6273076212,-0.234941488722637,0.0886049576073827,-2.6515614370438,1,1,"Fasn"
"ENSMUSG00000025154.16",2564.81162510753,0.150424130536741,0.119288693837309,1.26100911744323,0.999999999999468,1,"Arhgap19"
"ENSMUSG00000025155.16",1207.65544243498,-0.131592382456307,0.0833381728023389,-1.57901689023608,1,1,"Dus1l"
"ENSMUSG00000025156.18",4300.85696449728,-0.411637772909863,0.054253554470522,-7.58729592792895,1,1,"Gps1"
"ENSMUSG00000025157.9",1276.1389120075,-0.059239685881841,0.0732380056216546,-0.808865361351748,1,1,"Zdhhc16"
"ENSMUSG00000025158.8",1162.26100805962,-0.315595727652846,0.0647005235613696,-4.8777924857671,1,1,"Rfng"
"ENSMUSG00000025159.9",1745.58717129666,0.631264845281663,0.0739513710585838,8.53621557309032,0.999999692082757,1,"Mms19"
"ENSMUSG00000025161.17",67.1239450586985,-0.235872005595412,0.357623298250455,-0.659554359990895,0.983962489084479,1,"Slc16a3"
"ENSMUSG00000025162.19",7436.91043100407,-0.188874922143763,0.0535236652878549,-3.52881143561409,1,1,"Csnk1d"
"ENSMUSG00000025169.7",483.877827583645,-0.195506767109266,0.0686660696030158,-2.84721068556222,1,1,"Ogfod3"
"ENSMUSG00000025170.14",141.792861559143,-0.810347179689469,0.193351605650592,-4.19105482451415,0.836671612770129,1,"Rab40b"
"ENSMUSG00000025173.14",2422.70367682492,-0.181761792610867,0.0511457971686869,-3.55379723599553,1,1,"Wdr45b"
"ENSMUSG00000025175.13",49.3105152942677,-0.655558648629644,0.273218907895831,-2.39938975555669,0.896287746969347,1,"Fn3k"
"ENSMUSG00000025176.15",48.7971410522303,0.373145452003322,0.156511583083788,2.38413952917183,0.999969012757143,1,"Hoga1"
"ENSMUSG00000025178.10",1863.56126331033,0.446657636771818,0.0603600669510859,7.39988637079839,1,1,"Pi4k2a"
"ENSMUSG00000025184.11",690.244449420609,0.267292800263916,0.0642955192480158,4.15725393293507,1,1,"R3hcc1l"
"ENSMUSG00000025185.15",44.1215593048856,1.00559382246794,0.204268086793869,4.92291203315919,0.489076446373732,1,"Loxl4"
"ENSMUSG00000025188.16",486.807962218144,0.237447607839297,0.107151646187512,2.21599589262279,0.999999999999447,1,"Hps1"
"ENSMUSG00000025190.14",2071.76081228259,0.889486993988581,0.0830950181569091,10.7044563406792,0.908234186681864,1,"Got1"
"ENSMUSG00000025192.14",618.137430554141,0.265258676066715,0.0863135609588802,3.07319815240949,1,1,"Entpd7"
"ENSMUSG00000025193.15",229.657290668358,0.211105801449049,0.0877083444024313,2.40690669613412,1,1,"Cutc"
"ENSMUSG00000025194.6",11.2179112749474,0.147032157221737,0.268445064875333,0.547717862833572,0.999266738960202,1,"Abcc2"
"ENSMUSG00000025195.10",1159.20041032566,0.0651618303362164,0.0472259443757683,1.37978882577203,1,1,"Dnmbp"
"ENSMUSG00000025198.17",2169.55604979769,0.340854659324383,0.0646656132827665,5.2710342022724,1,1,"Erlin1"
"ENSMUSG00000025199.17",2008.21171693346,-0.0559394443972062,0.0498576989287687,-1.12198207296182,1,1,"Chuk"
"ENSMUSG00000025200.8",682.33119991786,0.159643815155729,0.0420912856534148,3.79279968947153,1,1,"Cwf19l1"
"ENSMUSG00000025201.8",7.49247207113904,-0.0122338027807881,0.217986841322275,-0.0561217489394302,0.999998781390308,1,"Bloc1s2-ps"
"ENSMUSG00000025203.7",99796.9938631312,0.0641895333065033,0.0735943715257598,0.87220709920779,1,1,"Scd2"
"ENSMUSG00000025204.11",3817.38597731339,0.285626193614469,0.0562192426387974,5.08057704458217,1,1,"Ndufb8"
"ENSMUSG00000025207.17",1422.445427577,-0.145634536670126,0.104297307689229,-1.39634032648349,1,1,"Sema4g"
"ENSMUSG00000025208.10",1187.09713035952,0.14263104717814,0.0434777413382181,3.28055328515337,1,1,"Mrpl43"
"ENSMUSG00000025209.6",877.097853671816,0.21310183398321,0.0438328231020007,4.86169538948732,1,1,"Twnk"
"ENSMUSG00000025212.18",1816.09228982753,0.0802066441460022,0.0891250975517093,0.899933311146922,1,1,"Sfxn3"
"ENSMUSG00000025213.12",114.335266060352,0.6836308282317,0.129334010214105,5.28577770920416,0.992780265823809,1,"Kazald1"
"ENSMUSG00000025215.11",49.6900276188244,0.238067580969135,0.259424287254671,0.917676534793482,0.99834395756057,1,"Tlx1"
"ENSMUSG00000025216.10",331.202406383148,0.920120278285234,0.108622752387672,8.47078773148137,0.768947974259625,1,"Lbx1"
"ENSMUSG00000025217.16",1602.66102699971,0.0794614482230788,0.0531455985634487,1.49516517587458,1,1,"Btrc"
"ENSMUSG00000025218.7",516.144245205422,0.342318805768208,0.0542019268459564,6.31562060037254,1,1,"Poll"
"ENSMUSG00000025220.9",9713.37932440875,-0.145740046628274,0.0458539586686519,-3.17835255362388,1,1,"Oga"
"ENSMUSG00000025223.16",3453.81150574805,0.191156384832096,0.0400612874244162,4.77159864601836,1,1,"Ldb1"
"ENSMUSG00000025224.17",3901.60985242423,-0.0693044944933116,0.065502935601106,-1.05803646595865,1,1,"Gbf1"
"ENSMUSG00000025225.16",1045.81316217266,0.82988719499314,0.13105928291935,6.33215119530167,0.902853521479901,1,"Nfkb2"
"ENSMUSG00000025226.12",242.202612087425,0.132733913926032,0.085458074075997,1.55320506998546,1,1,"Fbxl15"
"ENSMUSG00000025227.15",367.437585439119,0.0111831905278705,0.145522893155422,0.0768483245857856,0.999999999996426,1,"Mfsd13a"
"ENSMUSG00000025228.6",6775.33054968522,-0.0363183196760844,0.0531049764552104,-0.683896728712719,1,1,"Actr1a"
"ENSMUSG00000025231.18",1277.17957611942,0.579682039002778,0.0809472365281448,7.16123321642027,0.999999896251676,1,"Sufu"
"ENSMUSG00000025232.9",4953.8361140461,0.710915294269242,0.0764364701251431,9.30073423204027,0.999922221397606,1,"Hexa"
"ENSMUSG00000025234.12",4527.91701310868,0.178771813071995,0.0758254434897736,2.35767579910173,1,1,"Arih1"
"ENSMUSG00000025235.9",458.096575031328,-0.488918866760707,0.0710379879499641,-6.88249879916474,0.999999999999686,1,"Bbs4"
"ENSMUSG00000025236.12",2063.02713603602,0.546803492845422,0.0562632271559742,9.71866564513908,1,1,"Adpgk"
"ENSMUSG00000025237.17",850.898216971845,0.21598342354672,0.0934515400402164,2.31118099769969,1,1,"Parp6"
"ENSMUSG00000025239.4",4570.27843447527,0.206883024008228,0.0764486383541631,2.70617016159009,1,1,"Limd1"
"ENSMUSG00000025240.11",3211.2873111923,0.420226312467408,0.0525992645637073,7.98920509541416,1,1,"Sacm1l"
"ENSMUSG00000025241.17",1137.87746812459,0.438788227747495,0.0740477905864236,5.9257436889406,0.999999999999983,1,"Fyco1"
"ENSMUSG00000025245.15",838.407822706241,0.0478558429561914,0.0783321926632235,0.610934551033696,1,1,"Lztfl1"
"ENSMUSG00000025246.14",5529.5730875283,0.0596569712514988,0.0440845332250977,1.35324039719072,1,1,"Tbl1x"
"ENSMUSG00000025257.6",118.480886595871,-0.0599873644606373,0.128974848731727,-0.465109011954832,0.999999999999843,1,"Ribc1"
"ENSMUSG00000025260.11",1484.5988192295,0.216952613264588,0.0706444355708946,3.0710502746797,1,1,"Hsd17b10"
"ENSMUSG00000025261.19",16827.7444794765,-0.236431498019225,0.200148124591125,-1.18128260508172,0.999931913551828,1,"Huwe1"
"ENSMUSG00000025262.9",1939.74396086036,-0.324278309059309,0.11943761627164,-2.71504337730414,0.999999992321574,1,"Fam120c"
"ENSMUSG00000025264.13",1157.34984133624,-0.0749422202188345,0.0469444499939545,-1.59640213547045,1,1,"Tsr2"
"ENSMUSG00000025265.15",2149.28028755568,-0.000242519492402321,0.0465651987940372,-0.00520817045096296,1,1,"Fgd1"
"ENSMUSG00000025266.12",4987.6894157108,-0.0427230710923908,0.0772914886300694,-0.552752597337992,1,1,"Gnl3l"
"ENSMUSG00000025268.16",2837.99471663295,-0.237030025142824,0.0577658914403542,-4.10328689184288,1,1,"Maged2"
"ENSMUSG00000025269.17",339.798625003859,-0.18223679175028,0.105594059459068,-1.72582428106121,0.999999999999995,1,"Apex2"
"ENSMUSG00000025271.14",45.9444921449085,0.146700400547355,0.106216385160096,1.38114661241991,1,1,"Pfkfb1"
"ENSMUSG00000025272.17",166.250589216924,-1.29091290396686,0.4259013508845,-3.03101387512843,0.24728693007879,1,"Tro"
"ENSMUSG00000025277.15",635.291674135587,-0.0152258245337536,0.0737370919750678,-0.206487998454046,1,1,"Abhd6"
"ENSMUSG00000025278.10",6170.00139298079,0.541133775574132,0.123059999274632,4.39731658348615,0.999903803422752,1,"Flnb"
"ENSMUSG00000025280.9",1304.57828103994,0.763762694845161,0.0436741748800463,17.4877418278166,0.999999968326142,1,"Polr3a"
"ENSMUSG00000025283.16",2244.00033606236,0.812226478580463,0.137723048503005,5.89753485280091,0.913623951727169,1,"Sat1"
"ENSMUSG00000025287.16",560.84579440732,0.119378777265414,0.0615166768994385,1.94059210091212,1,1,"Acot9"
"ENSMUSG00000025289.16",2437.89895522057,0.16000148723725,0.0712733780309244,2.24489832890799,1,1,"Prdx4"
"ENSMUSG00000025290.18",34906.7337507387,0.975643650266601,0.0802007377343803,12.1650208941702,0.619318852926139,1,"Rps24"
"ENSMUSG00000025314.19",5340.21472037188,0.150444007199048,0.08211019168614,1.83222087428695,1,1,"Ptprj"
"ENSMUSG00000025316.17",763.836268314767,0.058145762870695,0.0710082955014749,0.818858732772811,1,1,"Banp"
"ENSMUSG00000025321.15",4636.44357371039,-0.59903134940751,0.122285742566819,-4.89861971505132,0.999479026731636,1,"Itgb8"
"ENSMUSG00000025323.11",1090.02412095427,-0.303461681211301,0.0954593600605077,-3.17896203178975,0.999999999999853,1,"Sp4"
"ENSMUSG00000025324.9",443.087690081233,0.235970546788807,0.102191825023008,2.30909416419247,0.999999999999962,1,"Atp10a"
"ENSMUSG00000025326.13",9147.70110013527,0.199444040088807,0.0779503256906462,2.55860432040169,1,1,"Ube3a"
"ENSMUSG00000025332.15",6623.74680928764,-0.00268123933804768,0.0495405389693685,-0.054122126925295,1,1,"Kdm5c"
"ENSMUSG00000025337.11",1298.53991911943,-0.0320418603108928,0.0488833673626423,-0.65547571780785,1,1,"Sbds"
"ENSMUSG00000025340.15",923.065223222418,0.197361732033279,0.061586202144749,3.20464203279511,1,1,"Rabgef1"
"ENSMUSG00000025348.11",924.084101159336,0.46259510916676,0.180267770230776,2.56615538415189,0.998564149835879,1,"Itga7"
"ENSMUSG00000025350.16",299.9958362534,0.631306781861519,0.159135372713595,3.96710530849553,0.989744121472702,1,"Rdh5"
"ENSMUSG00000025351.15",12373.4350063716,0.61738480221676,0.102390696325409,6.02969629442351,0.999906817421647,1,"Cd63"
"ENSMUSG00000025352.7",2920.8833089105,-0.209668538648402,0.0795201326027043,-2.63667239711408,1,1,"Gdf11"
"ENSMUSG00000025353.6",795.919460155618,0.220237885639325,0.0727985162377877,3.02530734170384,1,1,"Ormdl2"
"ENSMUSG00000025354.6",3601.4862460585,0.230535655187183,0.0483389626903349,4.76914775072898,1,1,"Dnajc14"
"ENSMUSG00000025357.9",609.855349755589,0.139882860041424,0.0919785737050477,1.52082006065884,1,1,"Dgka"
"ENSMUSG00000025358.17",2429.56469598018,0.275195456909226,0.0902166795684861,3.05038334624494,1,1,"Cdk2"
"ENSMUSG00000025359.11",37.959695298743,0.227160735167076,0.134488222908005,1.68907529786056,0.999999995445057,1,"Pmel"
"ENSMUSG00000025362.7",19013.6962936287,0.596402578863656,0.114083910441747,5.22775364689299,0.999798204377283,1,"Rps26"
"ENSMUSG00000025364.14",10693.8135904181,0.232037946181053,0.0760294658462753,3.05194760476435,1,1,"Pa2g4"
"ENSMUSG00000025366.9",771.894235575927,0.61959723487489,0.0672944876797024,9.20725093894689,0.999999992107584,1,"Esyt1"
"ENSMUSG00000025369.16",8162.06413555508,-0.353966680173897,0.0605284280807714,-5.8479410650075,1,1,"Smarcc2"
"ENSMUSG00000025371.13",1101.58942817746,-0.121943710926927,0.0800862565839619,-1.52265464922913,1,1,"Chmp6"
"ENSMUSG00000025372.17",3179.28192259701,0.0400793212001884,0.0884501412355237,0.453128967804198,1,1,"Baiap2"
"ENSMUSG00000025373.15",1691.41163050314,0.228673970051269,0.040019934781726,5.71400156693126,1,1,"Rnf41"
"ENSMUSG00000025374.14",2117.581841463,-0.0340043659122668,0.0614122547123147,-0.553706521142401,1,1,"Nabp2"
"ENSMUSG00000025375.16",2703.14714825994,0.563608982251672,0.10446551103708,5.39516800000738,0.99998525499865,1,"Aatk"
"ENSMUSG00000025377.15",531.204782936601,-0.194289800891781,0.0617186911543438,-3.14798964880685,1,1,"Tepsin"
"ENSMUSG00000025381.4",2221.93380995609,0.157795335838493,0.0697206892310715,2.2632497982847,1,1,"Cnpy2"
"ENSMUSG00000025384.16",914.504741083189,-0.266602118712247,0.081746594606094,-3.26132385082097,1,1,"Faap100"
"ENSMUSG00000025393.13",47542.3930643093,0.535386885636745,0.0760144134922549,7.04322852785408,0.999999999508577,1,"Atp5f1b"
"ENSMUSG00000025395.16",1727.8611719755,-0.212195542520056,0.102177588412267,-2.07673273383481,0.999999999999994,1,"Prim1"
"ENSMUSG00000025401.10",26.6010297477195,-0.12322153684563,0.169418296823001,-0.727321305646016,0.999999886200923,1,"Myo1a"
"ENSMUSG00000025402.13",2331.26178026627,0.675065081310542,0.0905734307680164,7.4532351881378,0.999833087464483,1,"Nab2"
"ENSMUSG00000025403.6",6684.87246305512,0.589181882839663,0.0883439137624817,6.66918475474967,0.99999834204724,1,"Shmt2"
"ENSMUSG00000025404.16",5274.94826862523,0.0522768996203401,0.0672083831521689,0.777833019758534,1,1,"R3hdm2"
"ENSMUSG00000025407.8",21.4293130832065,-0.204276773085559,0.307235209370799,-0.664887248775643,0.995244804450612,1,"Gli1"
"ENSMUSG00000025408.16",923.918838653868,0.813043420517173,0.174877622030743,4.64921361049983,0.857481142004501,1,"Ddit3"
"ENSMUSG00000025409.15",1527.6395918842,0.301798115301954,0.0664092721843667,4.5445177363802,1,1,"Mbd6"
"ENSMUSG00000025410.11",5139.99711015463,0.0622890372231879,0.0502906199221472,1.23858161461551,1,1,"Dctn2"
"ENSMUSG00000025413.14",1176.58266573202,-0.0505833897874394,0.0302294570576488,-1.67331453194726,1,1,"Ttc4"
"ENSMUSG00000025417.9",2054.79243632032,0.134051260220509,0.050065742735543,2.67750467477521,1,1,"Pip4k2c"
"ENSMUSG00000025420.14",196.169558537226,0.205761755823133,0.0833334740449966,2.46913690064127,1,1,"Katnal2"
"ENSMUSG00000025421.16",1874.63174430357,0.13161795515803,0.0354100559812306,3.7169654639291,1,1,"Hdhd2"
"ENSMUSG00000025423.17",2252.27409621558,-0.0200512663201527,0.0473041688340653,-0.423879476468323,1,1,"Pias2"
"ENSMUSG00000025425.19",50.815758884472,-0.109809371571681,0.217410383618812,-0.505078781169031,0.999979013261964,1,"St8sia5"
"ENSMUSG00000025427.16",755.27451211626,-0.800065492467794,0.162677050836738,-4.91812144585002,0.890469181267866,1,"Ark2c"
"ENSMUSG00000025428.16",28850.4513701204,0.372894168051931,0.0397741889145214,9.3752802565834,1,1,"Atp5f1a"
"ENSMUSG00000025429.10",839.212183404413,-0.362088979690282,0.22239092274522,-1.62816438378246,0.99793737609198,1,"Pstpip2"
"ENSMUSG00000025432.12",35.7559527623461,0.280462473738057,0.236541489568793,1.18567983252888,0.998824613543887,1,"Avil"
"ENSMUSG00000025436.13",287.107968537191,0.189397610626162,0.0744692321964683,2.54330016625503,1,1,"Atp23"
"ENSMUSG00000025437.16",2632.85072740144,-0.102091277274254,0.0419169408776883,-2.43556125844563,1,1,"Usp33"
"ENSMUSG00000025439.6",2848.54335936608,-0.0690576119400029,0.0478260692883847,-1.44393241944252,1,1,"Clns1a"
"ENSMUSG00000025451.16",6185.40774547239,0.0869035862881329,0.060706781033609,1.43153013235903,1,1,"Paip1"
"ENSMUSG00000025453.19",1729.42551933855,0.500260462160214,0.113977492082892,4.38911624583205,0.99999418859943,1,"Nnt"
"ENSMUSG00000025464.16",218.487306202884,0.770721366932953,0.0978423036982586,7.87717927523277,0.990444243474096,1,"Paox"
"ENSMUSG00000025465.14",2128.71182135001,0.385046671522336,0.0582953922728129,6.60509615786408,1,1,"Echs1"
"ENSMUSG00000025466.20",202.670645618387,0.423777600496112,0.0952270468367981,4.45018106276455,0.999999999280419,1,"Fuom"
"ENSMUSG00000025470.12",427.818590664257,-0.0131464423306292,0.0595708667962978,-0.220685765335317,1,1,"Zfp511"
"ENSMUSG00000025473.17",448.013232549725,0.0229745145422849,0.202103605021568,0.113676916054185,0.999999539698217,1,"Adam8"
"ENSMUSG00000025474.10",1717.98735242255,-0.0849204262062476,0.0646153959380771,-1.31424446098929,1,1,"Tubgcp2"
"ENSMUSG00000025475.18",296.533283584697,-1.12869447418385,0.209104302885303,-5.39775824126852,0.269126846609039,1,"Adgra1"
"ENSMUSG00000025477.15",1086.82211661881,0.188355369272892,0.0861678752411972,2.18591173039437,1,1,"Inpp5a"
"ENSMUSG00000025484.10",706.00853409412,0.22177783788016,0.0710726798332973,3.12043725381321,1,1,"Bet1l"
"ENSMUSG00000025485.14",1685.74541658212,0.200874428448905,0.0504318475705656,3.98308684146137,1,1,"Ric8a"
"ENSMUSG00000025486.18",357.040864520332,0.474825433575988,0.0903590004682124,5.25487700301674,0.999999996915102,1,"Sirt3"
"ENSMUSG00000025487.16",3113.52794390416,-0.0563522429808809,0.0570319940026778,-0.988081233460554,1,1,"Psmd13"
"ENSMUSG00000025492.7",3590.66360840535,0.810925757285933,0.169448631323836,4.78567310311382,0.867750494066887,1,"Ifitm3"
"ENSMUSG00000025495.16",1453.99784484806,0.228285804669651,0.0631739397236463,3.61360721950039,1,1,"Ptdss2"
"ENSMUSG00000025499.19",1355.57339964769,0.128200154962047,0.063513484857028,2.01847143564287,1,1,"Hras"
"ENSMUSG00000025503.6",3722.6216039915,-0.306203626782494,0.0548869333675975,-5.57880734075154,1,1,"Taldo1"
"ENSMUSG00000025504.15",55.1788648536772,1.29412666946545,0.23430391887973,5.52328222102736,0.104681096634764,1,"Eps8l2"
"ENSMUSG00000025505.17",422.246995918202,-0.336667466026923,0.0541070422041208,-6.22224857083913,1,1,"Tmem80"
"ENSMUSG00000025507.14",615.761941246745,-0.398458128611636,0.083073711203896,-4.79644068908467,0.999999999999777,1,"Pidd1"
"ENSMUSG00000025508.14",9201.4762711099,0.461312537165309,0.0785361166863289,5.87389034025936,0.999999999996535,1,"Rplp2"
"ENSMUSG00000025509.16",1107.66222222309,0.505269578456772,0.0985227997979225,5.12845330718491,0.999999743627852,1,"Pnpla2"
"ENSMUSG00000025510.15",3646.44331159972,0.630681309402024,0.0740163714099522,8.52083528803229,0.999999697617454,1,"Cd151"
"ENSMUSG00000025511.16",1054.8369236515,1.04008281648464,0.129183067106899,8.05123178894621,0.378174330140607,1,"Tspan4"
"ENSMUSG00000025512.16",1889.10489497718,0.128452259038517,0.0571200682564897,2.24881137154318,1,1,"Chid1"
"ENSMUSG00000025515.17",14.8876887546526,0.0193762033276063,0.25490643979547,0.0760130004685377,0.999972014812835,1,"Muc2"
"ENSMUSG00000025521.16",419.403284658404,0.166963198576645,0.0552027187509645,3.02454665919382,1,1,"Tmem192"
"ENSMUSG00000025525.13",681.911040761657,0.154685123548051,0.0668218557065157,2.31488817412426,1,1,"Apool"
"ENSMUSG00000025531.15",2372.74393834371,-0.172580882012528,0.0751428381891024,-2.2967043323306,1,1,"Chm"
"ENSMUSG00000025532.14",572.165026968109,-0.153422334849292,0.0464691789386591,-3.30159340779003,1,1,"Crcp"
"ENSMUSG00000025533.16",485.377017046042,0.328721854789585,0.0982649339101606,3.34526103777896,0.999999999995793,1,"Asl"
"ENSMUSG00000025534.18",2379.52193430906,0.380006206076457,0.0679875160211887,5.58935269760446,1,1,"Gusb"
"ENSMUSG00000025538.16",874.691073676328,0.0157309949565513,0.0582334207812639,0.270136886095701,1,1,"Sumf2"
"ENSMUSG00000025544.14",7258.70168701794,1.05022151152832,0.0479076382170118,21.9217968285355,0.147250520233051,1,"Tm9sf2"
"ENSMUSG00000025551.14",107.836854764513,-0.877237910225957,0.337885167117783,-2.59626049201551,0.64181891108567,1,"Fgf14"
"ENSMUSG00000025555.15",9904.10688693005,0.430012032465428,0.0762603650192745,5.63873556541126,0.999999999999961,1,"Farp1"
"ENSMUSG00000025571.14",4105.43494442367,-0.458149167386692,0.0722331423747378,-6.3426448348303,0.999999999999968,1,"Tnrc6c"
"ENSMUSG00000025572.19",475.514090224062,1.03209759954285,0.125576671041906,8.21886414872736,0.399129236788932,1,"Tmc6"
"ENSMUSG00000025574.14",1879.10727880479,-0.216955282074373,0.148674317668455,-1.45926536255028,0.999999930606187,1,"Tk1"
"ENSMUSG00000025575.15",2701.57289953074,-0.00772325617515016,0.0502520272835194,-0.153690439821978,1,1,"Cant1"
"ENSMUSG00000025577.8",667.999524351622,-0.316295720500403,0.0739566991186877,-4.27676903200889,1,1,"Cbx2"
"ENSMUSG00000025578.10",560.575747702092,-0.374022095432281,0.0762878533536226,-4.90277388850554,1,1,"Cbx8"
"ENSMUSG00000025579.15",7873.35785089205,0.417861189677487,0.088760223523242,4.70775278712621,0.999999999972834,1,"Gaa"
"ENSMUSG00000025580.16",5569.75290663257,-0.117664942388749,0.0893176811517496,-1.31737569618313,1,1,"Eif4a3"
"ENSMUSG00000025583.17",3324.67549591833,-0.0280287113273161,0.0684318181936595,-0.4095859509095,1,1,"Rptor"
"ENSMUSG00000025584.18",52.7797828880149,0.195481798626707,0.213229036023616,0.916769133660841,0.999919369831206,1,"Pde8a"
"ENSMUSG00000025586.18",695.386201037261,0.0431085173712912,0.174041479063916,0.247691053897904,0.999999981828194,1,"Cpeb1"
"ENSMUSG00000025591.7",661.91820849669,0.0331889882949757,0.0704653961215385,0.470996973290711,1,1,"Tma16"
"ENSMUSG00000025602.14",337.435506512548,-0.0670159510217743,0.0554238063124035,-1.20915461208186,1,1,"Zfp202"
"ENSMUSG00000025607.16",2805.23894016281,0.0830417510908814,0.0600668906331289,1.38248792663626,1,1,"Copg2"
"ENSMUSG00000025608.10",1896.21037310685,0.413464027235514,0.109808242625985,3.76532778731193,0.999999953898678,1,"Podxl"
"ENSMUSG00000025609.16",4011.95565174105,0.101480073394205,0.0493564048409596,2.05606696276203,1,1,"Mkln1"
"ENSMUSG00000025610.8",92.9218920685717,-0.676516157068311,0.205451956749724,-3.29281924480488,0.942313901395696,1,"Map3k7cl"
"ENSMUSG00000025612.6",2248.10457632325,-0.345544807774003,0.0487510318327624,-7.08794859890093,1,1,"Bach1"
"ENSMUSG00000025613.14",13252.5171010566,-0.0470115587547886,0.0496316917401947,-0.947208469154716,1,1,"Cct8"
"ENSMUSG00000025616.15",1816.85452307105,-0.0271755551177377,0.0734534016462789,-0.369970001506586,1,1,"Usp16"
"ENSMUSG00000025626.17",3423.32561053305,-0.333993930537259,0.102784881221466,-3.24944609137232,0.99999999995402,1,"Phf6"
"ENSMUSG00000025630.9",2768.94143138382,0.382687488477957,0.0633969599056536,6.03636970995875,1,1,"Hprt1"
"ENSMUSG00000025644.11",11.0831109310486,-0.816247932862176,0.1556107457079,-5.24544708753194,0.88116771549417,1,"Gm7628"
"ENSMUSG00000025645.9",232.470530233643,-0.0862196750965911,0.0666899544351811,-1.29284351484138,1,1,"Ccdc51"
"ENSMUSG00000025646.10",587.755263752968,0.0729491360587399,0.0384868224003963,1.89543151418988,1,1,"Atrip"
"ENSMUSG00000025647.17",2123.11727044074,0.389125208632475,0.100070502594397,3.8885105854786,0.999999999484205,1,"Shisa5"
"ENSMUSG00000025648.19",34.5805100880195,0.389946112003866,0.250321012426227,1.55778417570434,0.992596939620308,1,"Pfkfb4"
"ENSMUSG00000025650.14",71.8621793705303,0.643241497013064,0.242034646890845,2.65764222302917,0.929758889309926,1,"Col7a1"
"ENSMUSG00000025651.15",4502.02649684388,0.237101561880356,0.0511918804680449,4.63162438481547,1,1,"Uqcrc1"
"ENSMUSG00000025656.18",3478.79684675151,-0.305460733082033,0.0787194078878176,-3.88037386558272,1,1,"Arhgef9"
"ENSMUSG00000025666.17",1994.26487265163,0.397556288677126,0.149528724010146,2.65872855739844,0.99997198670122,1,"Tmem47"
"ENSMUSG00000025702.16",2774.59979605298,-0.365856460842118,0.146228411298611,-2.50195196400655,0.999992766936656,1,"Marchf8"
"ENSMUSG00000025722.17",546.308182438857,-0.0379518105637547,0.0863775928959168,-0.439371013840196,1,1,"Wdr73"
"ENSMUSG00000025723.13",52.6161072887182,-0.115033869933886,0.160394015615947,-0.717195523113076,0.999999982804211,1,"Nmb"
"ENSMUSG00000025724.13",2349.71496467451,0.255023425028811,0.0575846882016399,4.42866728974576,1,1,"Sec11a"
"ENSMUSG00000025728.17",2782.78366931357,0.343700642343753,0.0662011635302399,5.19176135305771,1,1,"Pigq"
"ENSMUSG00000025730.16",782.286877914612,0.197141706249712,0.0549698975415625,3.58635753506097,1,1,"Rab40c"
"ENSMUSG00000025731.17",550.811878550914,0.365478251554428,0.109843747639394,3.3272558466801,0.999999996188401,1,"Mettl26"
"ENSMUSG00000025732.7",227.38380748865,0.790574849747079,0.12394470294942,6.37844805735428,0.95445406413529,1,"Mcrip2"
"ENSMUSG00000025733.18",1202.27533052134,-0.0581200387003152,0.0782775344855404,-0.742486833320629,1,1,"Rhot2"
"ENSMUSG00000025735.14",50.1999186119023,-0.574733473367312,0.191771379958166,-2.99697208985349,0.986707929381612,1,"Rhbdl1"
"ENSMUSG00000025736.16",673.286651422298,-0.000971961347600843,0.0804102962334799,-0.012087523527816,1,1,"Jmjd8"
"ENSMUSG00000025737.6",600.662190612769,0.0368314514257196,0.042077103592065,0.875332384633655,1,1,"Wdr24"
"ENSMUSG00000025738.9",1301.65814076047,-0.644855783614899,0.133275609179756,-4.83851312017002,0.996147552496488,1,"Fbxl16"
"ENSMUSG00000025742.6",2558.33671866093,0.151974632262242,0.0544702007882486,2.79005089136791,1,1,"Prps2"
"ENSMUSG00000025745.13",6481.52329998709,0.162097326293217,0.0479298217507144,3.38197223299294,1,1,"Hadha"
"ENSMUSG00000025747.13",1266.86797682919,-0.00357751072008847,0.12260021541582,-0.0291802971793704,1,1,"Tyms"
"ENSMUSG00000025757.14",2203.11361457079,-0.433559860213517,0.119348282185081,-3.63272811535879,0.999998963172908,1,"Hspa4l"
"ENSMUSG00000025758.11",1842.6066699364,0.0522256352330412,0.110521353629749,0.472538867086259,1,1,"Plk4"
"ENSMUSG00000025759.12",814.582338988815,-0.155035493804116,0.0544186282612632,-2.84894159881782,1,1,"Mfsd8"
"ENSMUSG00000025762.17",416.974587931182,0.14020387581754,0.0976374869510007,1.43596358525595,1,1,"Larp1b"
"ENSMUSG00000025764.15",1623.08588266272,-0.0861494136304629,0.0764949825670906,-1.1262099910266,1,1,"Jade1"
"ENSMUSG00000025766.15",295.291608511796,-0.435829901759749,0.0769824594012934,-5.66141826526819,0.999999999999884,1,"D3Ertd751e"
"ENSMUSG00000025779.11",115.569003861387,0.903618312973387,0.117330420470744,7.70148363355353,0.794306491111495,1,"Ly96"
"ENSMUSG00000025781.15",9757.45604401364,0.370219857940682,0.0457713758102157,8.08845815506497,1,1,"Atp5f1c"
"ENSMUSG00000025782.13",1037.97136618669,-0.078228564286107,0.0468189717883199,-1.67087318020989,1,1,"Taf3"
"ENSMUSG00000025785.6",563.709347832104,0.173029055446435,0.0535487549758536,3.23124329453519,1,1,"Exosc7"
"ENSMUSG00000025786.18",3383.67162403956,0.0742767473357667,0.0494375035083983,1.50243726047269,1,1,"Zdhhc3"
"ENSMUSG00000025789.10",146.271286701247,-0.996307658476898,0.237034595808894,-4.20321622283422,0.506214162842178,1,"St8sia2"
"ENSMUSG00000025790.15",735.935450802852,0.351453595123277,0.202952323126709,1.73170520893153,0.999302202147164,1,"Slco3a1"
"ENSMUSG00000025791.19",5597.61713661416,0.498661652755634,0.0959399118534621,5.19764551709497,0.99999991317866,1,"Pgm1"
"ENSMUSG00000025792.10",647.490967531907,0.130491439240895,0.1072244209181,1.21699364868165,1,1,"Slc25a10"
"ENSMUSG00000025793.18",2365.12134876175,-0.261020844681919,0.059249555290692,-4.40544816583502,1,1,"Hgs"
"ENSMUSG00000025794.10",16259.6341482313,0.524123226588037,0.0979786111009388,5.34936371008647,0.999999403948033,1,"Rpl14"
"ENSMUSG00000025795.9",4732.29811904401,1.03910190528082,0.125741490562991,8.26379503398901,0.377911490538487,1,"Rassf3"
"ENSMUSG00000025809.16",44903.4078799316,0.62734692338432,0.0824933075212086,7.60482204235819,0.999996869428683,1,"Itgb1"
"ENSMUSG00000025810.10",1250.62009894414,0.264585449131531,0.116054845323016,2.27983112979996,0.999999999882695,1,"Nrp1"
"ENSMUSG00000025812.19",2445.19344141163,0.15094277087578,0.106447607998435,1.41800058934155,0.999999999999999,1,"Pard3"
"ENSMUSG00000025813.15",1326.65811384692,-1.15163814146714,0.119337531414371,-9.65025946002143,0.101923751394915,1,"Homer2"
"ENSMUSG00000025815.15",23.0355470042802,-0.695450308748199,0.316652117276568,-2.19625977785831,0.83191999387636,1,"Dhtkd1"
"ENSMUSG00000025816.16",1557.0294690403,0.115276442345535,0.053338614696671,2.16121927802392,1,1,"Sec61a2"
"ENSMUSG00000025817.14",3430.23242339403,0.0679464670707007,0.0536193025264899,1.26720162085534,1,1,"Nudt5"
"ENSMUSG00000025821.10",957.864044095451,-0.195245374920498,0.0429943620012215,-4.54118553765145,1,1,"Zfp282"
"ENSMUSG00000025823.10",10982.3567459185,0.158012833518176,0.0696293693703263,2.26934172960521,1,1,"Pdia4"
"ENSMUSG00000025825.13",840.57670046873,-0.207923309502522,0.070102347582673,-2.96599638489017,1,1,"Iscu"
"ENSMUSG00000025854.16",1151.78801551265,-0.109644065473056,0.0875807293699577,-1.25191998584412,1,1,"Fam20c"
"ENSMUSG00000025856.16",2090.98320699339,0.241540890697193,0.101814425826217,2.37236411969234,0.999999999999953,1,"Pdgfa"
"ENSMUSG00000025857.11",481.669883216589,0.260286140676397,0.0609941363455883,4.26739611823725,1,1,"Dnaaf5"
"ENSMUSG00000025858.13",1353.33570603858,0.0757257221124312,0.0528729000912166,1.43222183730775,1,1,"Get4"
"ENSMUSG00000025860.16",4699.5513740597,0.0101126762225034,0.0580120921729364,0.174320143330758,1,1,"Xiap"
"ENSMUSG00000025862.15",7495.25855150694,0.0908819670093372,0.104145462255466,0.872644520856856,1,1,"Stag2"
"ENSMUSG00000025867.9",8248.88110994285,-0.360853826006759,0.143088175477864,-2.52189829663866,0.999996030073908,1,"Cplx2"
"ENSMUSG00000025868.7",1106.49649325688,0.00983117906824389,0.0768269588693844,0.127965224875791,1,1,"Higd2a"
"ENSMUSG00000025869.12",1029.12689441415,0.000633599250196231,0.0524882599892199,0.0120712565119583,1,1,"Nop16"
"ENSMUSG00000025870.11",453.997759818469,0.086845993860153,0.0659628142231915,1.31659018619644,1,1,"Arl10"
"ENSMUSG00000025871.19",4243.49098657946,-0.526645691948756,0.0383576894642255,-13.7298596267102,1,1,"4833439L19Rik"
"ENSMUSG00000025872.6",1638.2908034723,0.109808882662241,0.0572083983511754,1.91945388836402,1,1,"Thoc3"
"ENSMUSG00000025873.17",3321.96139880217,0.0832641047173075,0.069621362364845,1.19595626814897,1,1,"Faf2"
"ENSMUSG00000025875.15",598.027139089963,0.268664619131125,0.165102324495063,1.62726127541081,0.999995279349875,1,"Tspan17"
"ENSMUSG00000025877.15",92.019783308685,0.130064213768607,0.371050126860403,0.350530034497307,0.991635443786907,1,"Hk3"
"ENSMUSG00000025878.17",975.247727852504,0.30123247750268,0.0667409928472109,4.51345514431118,1,1,"Uimc1"
"ENSMUSG00000025880.13",199.159445692631,-0.0389201291949842,0.126301488489607,-0.308152577300677,0.999999999999986,1,"Smad7"
"ENSMUSG00000025885.19",64.3630168785433,-0.97748407966456,0.40686682458056,-2.4024669022161,0.52206670047204,1,"Myo5b"
"ENSMUSG00000025887.11",815.272550227266,-0.070365349939981,0.178645276963549,-0.393883068928479,0.999999903413119,1,"Casp12"
"ENSMUSG00000025892.17",3492.23119159751,-0.894704646564218,0.14900261554821,-6.00462376631728,0.760113533869904,1,"Gria4"
"ENSMUSG00000025893.9",226.283387022452,-0.267821017168234,0.0623456649916313,-4.29574401370462,1,1,"Kbtbd3"
"ENSMUSG00000025894.12",1150.20155463203,-0.21776673557168,0.0349859490851873,-6.22440554753681,1,1,"Aasdhppt"
"ENSMUSG00000025898.7",1160.57850518204,0.226689234822722,0.0460289355729186,4.92492889529465,1,1,"Cwf19l2"
"ENSMUSG00000025899.15",1532.28724974302,-0.208471124981425,0.0833639881419525,-2.50073358566338,1,1,"Alkbh8"
"ENSMUSG00000025903.15",4085.77215557062,-0.0498375247967734,0.0721724836122176,-0.690533598158408,1,1,"Lypla1"
"ENSMUSG00000025907.15",3412.61839459244,0.010581508146934,0.057453491250402,0.184175198349847,1,1,"Rb1cc1"
"ENSMUSG00000025911.15",1318.73478694401,0.429616931342522,0.0832521919506968,5.16042786713588,0.99999999999634,1,"Adhfe1"
"ENSMUSG00000025912.17",3049.87973246873,-0.657137781359425,0.142607294530663,-4.60802361844212,0.991896943951415,1,"Mybl1"
"ENSMUSG00000025915.15",2873.65262301584,-0.284147916803859,0.0811892943244645,-3.49982000912943,1,1,"Sgk3"
"ENSMUSG00000025917.10",4569.73178976521,0.0610660479869194,0.0473712801212618,1.2890943168646,1,1,"Cops5"
"ENSMUSG00000025920.20",2318.14251882453,-0.485342234236787,0.0860917045087365,-5.63750290467921,0.999999998870657,1,"Stau2"
"ENSMUSG00000025921.8",657.192816532142,-0.435798466841257,0.0756224639974104,-5.76281760478184,0.999999999999957,1,"Rdh10"
"ENSMUSG00000025925.15",1028.94356991548,0.182556550218378,0.0667116252903461,2.73650281227365,1,1,"Terf1"
"ENSMUSG00000025931.16",2212.46667455355,0.0256989460139913,0.141227583843978,0.181968318897124,0.999999999997568,1,"Paqr8"
"ENSMUSG00000025932.15",2585.7182954079,0.558993641757558,0.163034331143958,3.42868669338099,0.996584685461508,1,"Eya1"
"ENSMUSG00000025933.16",442.914034528432,0.419311265486821,0.0689999890766966,6.07697582416625,1,1,"Tmem14a"
"ENSMUSG00000025934.16",31.6868239331773,0.0779739682506519,0.183715084928052,0.424428773941938,0.999999742210138,1,"Gsta3"
"ENSMUSG00000025935.11",7861.39374427467,0.212137512051897,0.0404607397177948,5.24304581506694,1,1,"Tram1"
"ENSMUSG00000025937.7",2577.74866763288,0.393375040411593,0.0847738257933826,4.64028887135938,0.999999999999584,1,"Lactb2"
"ENSMUSG00000025939.20",2345.8979479356,-0.039937863413719,0.0504328060540955,-0.791902464655262,1,1,"Ube2w"
"ENSMUSG00000025940.7",1980.57705636406,0.260976070634601,0.0446068445526227,5.85058354277286,1,1,"Tmem70"
"ENSMUSG00000025949.17",3135.91864457579,-0.362484161570423,0.080067014850172,-4.52725959933355,0.999999999999999,1,"Pikfyve"
"ENSMUSG00000025950.17",5427.62262817714,-0.530851556711453,0.0643106879969709,-8.25448418055264,0.999999999999851,1,"Idh1"
"ENSMUSG00000025956.11",1154.57873174731,0.166163932226171,0.0555558584695466,2.99093447214491,1,1,"Mettl21a"
"ENSMUSG00000025958.15",4279.7671926078,-0.232040948290105,0.080014683216825,-2.89997959076232,1,1,"Creb1"
"ENSMUSG00000025959.14",3629.03917512722,-0.654895656047712,0.0710515122968012,-9.21719517118845,0.999999404414622,1,"Klf7"
"ENSMUSG00000025962.16",1210.27508862353,0.151859219932277,0.0728596088088404,2.08427168927993,1,1,"Fastkd2"
"ENSMUSG00000025967.17",16816.5455808225,0.659909996661294,0.0898453040688486,7.34495813109613,0.99992323346905,1,"Eef1b2"
"ENSMUSG00000025968.17",5560.63027557044,0.12825226601243,0.0395641324338583,3.24162968129875,1,1,"Ndufs1"
"ENSMUSG00000025971.7",1371.66612915057,0.187995970854544,0.0455575699850805,4.12655835059047,1,1,"Maip1"
"ENSMUSG00000025978.15",2140.46191721339,-0.532034148086296,0.080108845186322,-6.64139080832907,0.9999999974153,1,"Rftn2"
"ENSMUSG00000025979.14",5127.17423142286,-0.0208067449290708,0.0422355996758881,-0.492635243461434,1,1,"Mob4"
"ENSMUSG00000025980.15",25979.2090730598,0.315534982977299,0.0795323616790392,3.96737851505871,1,1,"Hspd1"
"ENSMUSG00000025981.14",1133.67006937091,-0.155295011846778,0.0555050899385111,-2.79785172889216,1,1,"Coq10b"
"ENSMUSG00000025982.14",21705.4501296997,0.0370848586351291,0.0361484268334968,1.02590518823808,1,1,"Sf3b1"
"ENSMUSG00000025983.12",21.3864377142947,-1.22718788307825,0.193555542220188,-6.34023634250785,0.120245450589755,1,"Ccdc150"
"ENSMUSG00000025986.7",6593.23008010113,0.0335313149169109,0.0748509254429713,0.447974620466896,1,1,"Slc39a10"
"ENSMUSG00000025993.11",128.281401678938,-1.31921808131386,0.346392171742479,-3.80845235236614,0.178381391846813,1,"Slc40a1"
"ENSMUSG00000025995.17",2691.86195227163,-0.0605159439607064,0.0826912434135661,-0.731830136572578,1,1,"Wdr75"
"ENSMUSG00000025997.14",1191.35831383221,-0.0412168032357774,0.122154822739758,-0.33741445741841,0.999999999999998,1,"Ikzf2"
"ENSMUSG00000026000.17",2332.81896126576,-0.221691808285594,0.0593749647120207,-3.73375899018785,1,1,"Lancl1"
"ENSMUSG00000026003.6",6889.14367146621,0.224124751725895,0.112336847785666,1.99511341241758,0.999999999997519,1,"Acadl"
"ENSMUSG00000026004.16",945.11958511683,-0.627236338162287,0.0661319518606913,-9.48461856204663,0.999999991331257,1,"Kansl1l"
"ENSMUSG00000026005.16",2856.88493940629,-0.504800468294049,0.0631279392424611,-7.99646676814867,0.999999999999998,1,"Rpe"
"ENSMUSG00000026012.3",62.5351993305816,0.438233723510376,0.247288379025129,1.77215656165486,0.988447839609718,1,"Cd28"
"ENSMUSG00000026014.16",3370.87274466507,-0.20603173908099,0.0882201608941439,-2.33542692501105,1,1,"Raph1"
"ENSMUSG00000026017.14",828.688998362806,0.210397784763395,0.0953180062272175,2.20732465030638,1,1,"Carf"
"ENSMUSG00000026019.16",2004.50250352435,0.206535549276033,0.0736530313081599,2.80416902886047,1,1,"Wdr12"
"ENSMUSG00000026020.10",6501.96545134394,0.0050123913449606,0.08599114717513,0.0582896206135306,1,1,"Nop58"
"ENSMUSG00000026021.16",4986.68820533482,0.00259615171005758,0.0367452731744357,0.0706526713717227,1,1,"Sumo1"
"ENSMUSG00000026024.15",2736.45597946839,-0.203256426271057,0.0868665109953147,-2.33987095765847,1,1,"Als2"
"ENSMUSG00000026027.14",1048.88530448897,-0.127633325600301,0.0634617375438685,-2.01118548813879,1,1,"Stradb"
"ENSMUSG00000026028.13",5384.81196602126,0.148656776428776,0.0745350576173775,1.99445443769426,1,1,"Trak2"
"ENSMUSG00000026031.16",2043.44493574119,0.511369677267227,0.0857276727391475,5.96504793525919,0.999999994002487,1,"Cflar"
"ENSMUSG00000026032.9",2009.37561460259,0.147569298443956,0.0648608852008644,2.27516627296955,1,1,"Ndufb3"
"ENSMUSG00000026034.18",3339.21140381255,0.590185591768936,0.110593847014885,5.33651380885142,0.999894546455544,1,"Clk1"
"ENSMUSG00000026035.16",819.233160828297,-0.0421072045856921,0.0543072321381123,-0.775351696779659,1,1,"Ppil3"
"ENSMUSG00000026036.18",1715.50221678039,-0.112768808735283,0.053683628869411,-2.10061821658146,1,1,"Nif3l1"
"ENSMUSG00000026037.15",3249.66538309464,-0.0286626604045613,0.115985189560223,-0.24712345182381,1,1,"Orc2"
"ENSMUSG00000026039.10",3985.21480083264,0.221963042221201,0.118420559630096,1.87436238195914,0.999999999974862,1,"Sgo2a"
"ENSMUSG00000026043.19",726.615324570528,-1.10316751582247,0.352400435120705,-3.13043743956959,0.384854143590463,1,"Col3a1"
"ENSMUSG00000026047.14",2213.42876095844,0.337839760113816,0.06304780321602,5.35846996851387,1,1,"Poglut2"
"ENSMUSG00000026048.17",2898.80606569541,-0.0500761314029977,0.0575744248425659,-0.869763467719011,1,1,"Ercc5"
"ENSMUSG00000026049.12",772.091203527136,-0.155777963621917,0.0883074574510207,-1.76404086493282,1,1,"Tex30"
"ENSMUSG00000026051.9",1104.94115018296,0.856510272739808,0.209128785290081,4.09561157040982,0.753684724906388,1,"Ecrg4"
"ENSMUSG00000026064.17",227.574765511262,0.314932770018821,0.152023982175792,2.0715992668489,0.999996701769132,1,"Ptp4a1"
"ENSMUSG00000026072.13",314.420659057696,0.33205833121149,0.173292877693473,1.91616837132134,0.999941995295609,1,"Il1r1"
"ENSMUSG00000026073.14",10.7089341271315,-0.500684552415742,0.246203924609675,-2.03361726751315,0.978722755036691,1,"Il1r2"
"ENSMUSG00000026074.16",35300.189351545,0.532681459476267,0.10290223319034,5.17657822343813,0.999997205691439,1,"Map4k4"
"ENSMUSG00000026078.11",3009.72218619369,0.143856774901506,0.0486747690070711,2.95546908256735,1,1,"Pdcl3"
"ENSMUSG00000026080.15",1181.27761505711,-0.888341071051087,0.111783435740097,-7.94698306747819,0.841075083785253,1,"Chst10"
"ENSMUSG00000026082.12",1969.28889257456,-0.0961436424018032,0.0489577632064576,-1.96380790511936,1,1,"Rev1"
"ENSMUSG00000026083.13",6806.22330377043,-0.154664818917407,0.0493127458634355,-3.1364065457991,1,1,"Eif5b"
"ENSMUSG00000026087.12",2753.44027721469,0.370384351363126,0.0690445057816545,5.36442903269414,1,1,"Mrpl30"
"ENSMUSG00000026088.16",425.389910772099,-0.134916112658236,0.0719372961313979,-1.87546821904181,1,1,"Mitd1"
"ENSMUSG00000026090.17",204.609261191575,-0.473789823823693,0.229073890691889,-2.06828382925994,0.989194032557858,1,"Cracdl"
"ENSMUSG00000026094.15",1247.87231488105,0.489429971129084,0.104564816890925,4.68063719405375,0.99999947707417,1,"Stk17b"
"ENSMUSG00000026095.16",3483.92520012753,0.250890199019995,0.0531176738124032,4.723290404359,1,1,"Asnsd1"
"ENSMUSG00000026096.15",777.651730212324,0.153683326806877,0.0453666992347711,3.38758008405177,1,1,"Osgepl1"
"ENSMUSG00000026097.10",1567.11435288873,-0.0188114591591243,0.0612241570783153,-0.307255502677832,1,1,"Ormdl1"
"ENSMUSG00000026098.14",629.73320699272,-0.00283389192947618,0.0585695247546265,-0.0483850934653917,1,1,"Pms1"
"ENSMUSG00000026102.10",1244.17717888652,-0.0585607352365829,0.0758490724282052,-0.772069233832931,1,1,"Inpp1"
"ENSMUSG00000026103.15",4858.114176491,0.260824453527994,0.0576143112685721,4.52707752266875,1,1,"Gls"
"ENSMUSG00000026107.12",460.10341441542,-0.246554844937344,0.116155215826416,-2.12263257558576,0.999999999956084,1,"Nabp1"
"ENSMUSG00000026109.15",1710.79877030766,-0.628521961744552,0.17356249521054,-3.62130056370833,0.983835253778695,1,"Tmeff2"
"ENSMUSG00000026110.16",3397.6551285244,0.19240954736898,0.139787219992286,1.37644591100387,0.999999996204193,1,"Mgat4a"
"ENSMUSG00000026111.16",1550.36007453313,0.114417219869497,0.0407992123503883,2.80439776353692,1,1,"Unc50"
"ENSMUSG00000026112.8",6670.57485922749,0.399148608130786,0.0560980900532781,7.11519069101465,1,1,"Coa5"
"ENSMUSG00000026113.18",1451.75778829296,-0.235420815508107,0.0923841932042413,-2.54828025599188,1,1,"Inpp4a"
"ENSMUSG00000026116.12",8701.40312442792,0.301355746771579,0.0681433227276032,4.422381162366,1,1,"Tmem131"
"ENSMUSG00000026121.14",1891.00544886107,0.644007149835835,0.0785441039792325,8.19930608675749,0.999997084057175,1,"Sema4c"
"ENSMUSG00000026123.12",3553.61949375588,-0.214037871140297,0.0965399183965273,-2.21709190038011,1,1,"Plekhb2"
"ENSMUSG00000026126.16",26.6433245189797,-0.3285966773233,0.280443270823261,-1.17170462446355,0.991670000310024,1,"Ptpn18"
"ENSMUSG00000026127.14",2393.63539341815,0.179610163867326,0.0920063847656849,1.95214891145592,1,1,"Imp4"
"ENSMUSG00000026131.22",17644.7796098793,0.158366699852444,0.0675154833621603,2.34563528195374,1,1,"Dst"
"ENSMUSG00000026134.12",1833.59749489969,-0.301728069437809,0.0892229870285221,-3.38173019629297,0.999999999999997,1,"Prim2"
"ENSMUSG00000026135.18",1699.90717135155,-0.4636799786293,0.0742113602819044,-6.24809970963924,0.999999999999753,1,"Zfp142"
"ENSMUSG00000026141.14",286.013349216757,-0.131837759991479,0.418331723981348,-0.315151236288637,0.984429523996851,1,"Col19a1"
"ENSMUSG00000026142.16",2184.2760750646,0.226237694638847,0.077086332660186,2.93486130201775,1,1,"Rhbdd1"
"ENSMUSG00000026147.17",651.361940366927,-0.208712196570434,0.224107599172078,-0.931303522689461,0.999792912487558,1,"Col9a1"
"ENSMUSG00000026150.15",3804.07484976776,-0.551391553735465,0.0594402297588952,-9.27640347239656,0.999999999999978,1,"Mff"
"ENSMUSG00000026153.16",3771.37242961416,-0.0523758302881921,0.0520275753787255,-1.00669366017793,1,1,"Fam135a"
"ENSMUSG00000026154.5",547.256968104466,-0.0354025330127165,0.0737122891529575,-0.480279929161528,1,1,"Sdhaf4"
"ENSMUSG00000026155.14",5290.85420820765,-0.145397678805454,0.0361232733572744,-4.02504162254095,1,1,"Smap1"
"ENSMUSG00000026158.12",2026.71981030773,-0.58761656937732,0.0686742225953437,-8.55658130765883,0.999999999042887,1,"Ogfrl1"
"ENSMUSG00000026159.14",4971.96302024748,-0.582608136526713,0.0665302140905589,-8.75704586992136,0.999999999823738,1,"Agfg1"
"ENSMUSG00000026162.9",114.042915358125,-0.343125037390028,0.0737979442026332,-4.64952026912675,1,1,"Nhej1"
"ENSMUSG00000026171.13",1132.67143433413,-0.467752215395806,0.0613194928762524,-7.62811617408133,1,1,"Rnf25"
"ENSMUSG00000026172.13",726.559296235035,-0.630914444808732,0.0600933519003878,-10.4989058665683,0.999999999592222,1,"Bcs1l"
"ENSMUSG00000026173.17",919.11011284778,0.16180883272418,0.222858237455477,0.726061708876731,0.999915507465901,1,"Plcd4"
"ENSMUSG00000026174.10",3607.43370038623,-0.45448586307132,0.06552796501548,-6.93575426863866,1,1,"Cnot9"
"ENSMUSG00000026175.13",46.4401611490662,-0.410753552964876,0.20898256367775,-1.96549198046138,0.997595794394037,1,"Vil1"
"ENSMUSG00000026176.14",3764.35483156571,-0.128452929336968,0.0629769569250378,-2.03968142649171,1,1,"Ctdsp1"
"ENSMUSG00000026177.12",101.465989168993,0.208899728386779,0.323063246667157,0.646621770015216,0.992923586055139,1,"Slc11a1"
"ENSMUSG00000026179.15",3056.92711894156,-0.155300918668057,0.0622068213869829,-2.4965255450354,1,1,"Pnkd"
"ENSMUSG00000026181.14",2470.84812730212,0.311413362756778,0.0635166966676278,4.90285828915745,1,1,"Ppm1f"
"ENSMUSG00000026187.10",2790.58451044394,-0.582698954332141,0.0585640545802773,-9.94977138294618,0.999999999999482,1,"Xrcc5"
"ENSMUSG00000026189.14",462.111460393538,-0.118240472621344,0.0839128507781021,-1.40908658834649,1,1,"Pecr"
"ENSMUSG00000026192.14",4251.39751966343,-0.384288419455122,0.0635205057992855,-6.04983248510978,1,1,"Atic"
"ENSMUSG00000026193.16",25321.1372324903,0.156236301921415,0.16771149285631,0.931577790290579,0.999999756093093,1,"Fn1"
"ENSMUSG00000026196.8",1216.77511536104,-0.460049833125959,0.123584135165041,-3.72256384293649,0.999993761723048,1,"Bard1"
"ENSMUSG00000026197.13",357.431783816208,-0.593975685637488,0.0603177720599141,-9.84744073516986,0.999999999991599,1,"Zfand2b"
"ENSMUSG00000026198.16",1486.13591681631,-0.198986592618714,0.087612784863223,-2.27120497230356,1,1,"Abcb6"
"ENSMUSG00000026199.19",903.532270759846,-0.0147867221135273,0.106083437321143,-0.139387660193966,1,1,"Ankzf1"
"ENSMUSG00000026200.14",391.678376141454,-0.651776040451236,0.192145287416033,-3.39210005728639,0.965029693023071,1,"Glb1l"
"ENSMUSG00000026201.13",1567.21843645073,-0.437191771786667,0.0539396798689392,-8.10519774772377,1,1,"Stk16"
"ENSMUSG00000026202.14",243.691711700006,0.929430527249891,0.344808835350777,2.69549510326315,0.581082139640535,1,"Tuba4a"
"ENSMUSG00000026203.17",984.252783201581,-0.481533083406206,0.0935939084065468,-5.14491906155426,0.99999998483638,1,"Dnajb2"
"ENSMUSG00000026204.16",727.709669488166,0.73108731378217,0.244695152170763,2.98774743715385,0.864109473064526,1,"Ptprn"
"ENSMUSG00000026207.17",1261.18254215041,-0.589412491007922,0.0811738000101032,-7.26111739175155,0.999999788304415,1,"Speg"
"ENSMUSG00000026208.10",31.5435106516151,0.542007841830649,0.205415216345566,2.63859635850365,0.987112734960768,1,"Des"
"ENSMUSG00000026209.16",1645.29178823839,-0.422160268513847,0.0722458015437689,-5.84338825915147,0.999999999999999,1,"Dnpep"
"ENSMUSG00000026211.19",2346.65609745785,-0.155133652579623,0.0519102872967816,-2.98849535724378,1,1,"Obsl1"
"ENSMUSG00000026213.16",982.464499554035,-0.480629250576454,0.0647902776912777,-7.41823106341089,0.999999999999999,1,"Stk11ip"
"ENSMUSG00000026219.15",16750.3067368843,-0.351902618229299,0.0865070944358008,-4.06790472532232,0.999999999999966,1,"Trip12"
"ENSMUSG00000026223.16",10090.966192462,0.143053117027681,0.10154687191772,1.40873977037513,1,1,"Itm2c"
"ENSMUSG00000026224.12",47.1791757928279,-1.17118012428695,0.226252829372664,-5.17642200335926,0.224648434468076,1,"4933407L21Rik"
"ENSMUSG00000026227.12",2323.55747273459,-0.0679659568764154,0.122115016801036,-0.556573291777483,0.999999999999988,1,"2810459M11Rik"
"ENSMUSG00000026228.7",13.0899658092583,0.0317179662122109,0.35288678412891,0.0898814227075852,0.998693952641529,1,"Htr2b"
"ENSMUSG00000026229.18",10491.7107560034,-0.495916823557771,0.0483506024226857,-10.2566834477556,1,1,"Psmd1"
"ENSMUSG00000026234.13",41587.0832424377,-0.246417632423682,0.0690501779401154,-3.56867483581853,1,1,"Ncl"
"ENSMUSG00000026238.15",57438.293986489,-0.458663908884372,0.0653232947050403,-7.02144481467775,1,1,"Ptma"
"ENSMUSG00000026239.15",1960.57467532108,-0.708602169322159,0.0640060929277683,-11.0708549281679,0.999997351378527,1,"Pde6d"
"ENSMUSG00000026240.13",822.915480089509,-0.910158757257855,0.137001952614015,-6.64339989242423,0.744012699745161,1,"Cops7b"
"ENSMUSG00000026245.17",3457.41896353338,-0.308847717832365,0.060441841910537,-5.10983299101814,1,1,"Farsb"
"ENSMUSG00000026248.10",976.910521256956,-0.0944873597145811,0.0485490691108437,-1.94622392241661,1,1,"Mrpl44"
"ENSMUSG00000026249.11",60325.4735617702,-0.32404431688552,0.0918419665172436,-3.52828155987579,0.999999999999908,1,"Serpine2"
"ENSMUSG00000026251.14",12.9588385099352,-0.555289682111436,0.394851524187326,-1.40632528455935,0.870015775943991,1,"Chrnd"
"ENSMUSG00000026254.18",3169.31869405634,-0.242445789749078,0.0395043734907447,-6.13718857750977,1,1,"Eif4e2"
"ENSMUSG00000026260.13",5782.27476790387,-0.223132064722657,0.0858930108046212,-2.5977907006917,1,1,"Ndufa10"
"ENSMUSG00000026269.15",2016.52607121949,-0.398735619964435,0.06108980302105,-6.52704052470166,1,1,"Rnpepl1"
"ENSMUSG00000026270.12",629.854903963644,-0.533459997454811,0.0712615210993257,-7.4859473840204,0.999999999970622,1,"Capn10"
"ENSMUSG00000026271.16",37.0555785934502,-1.36487231450402,0.417851949417255,-3.26640169181332,0.191274441641343,1,"Gpr35"
"ENSMUSG00000026273.14",503.602363925863,-0.57587442563419,0.0475778428051898,-12.1038364011614,1,1,"Mterf4"
"ENSMUSG00000026274.12",855.674510803666,-0.654568746460634,0.0906706538880365,-7.21919075679017,0.999930442368139,1,"Pask"
"ENSMUSG00000026275.14",3726.92956336101,-0.55852420996146,0.0628781451348804,-8.88264449855137,0.9999999999989,1,"Ppp1r7"
"ENSMUSG00000026276.21",26718.0827000647,-0.295409341673793,0.0826465691523805,-3.57436908396196,1,1,"Septin2"
"ENSMUSG00000026277.15",4323.82146517531,-0.394457038577978,0.0433110733496552,-9.10753320273274,1,1,"Stk25"
"ENSMUSG00000026278.15",339.54288311459,1.09875601304342,0.138210699600133,7.94986217581058,0.23744903641027,1,"Bok"
"ENSMUSG00000026279.15",1214.6708310331,-0.191270672808468,0.0648979190288023,-2.94725432911925,1,1,"Thap4"
"ENSMUSG00000026280.18",1916.84464982039,-0.299769816182797,0.0453585808069656,-6.60888878905933,1,1,"Atg4b"
"ENSMUSG00000026281.16",2839.26916235021,-0.498608851545341,0.0634676159560984,-7.85611439840811,0.999999999999999,1,"Dtymk"
"ENSMUSG00000026283.14",922.480882895512,-0.302624975184489,0.0750182930287165,-4.03401574424849,1,1,"Ing5"
"ENSMUSG00000026288.15",180.603384690106,-0.195494531204028,0.319937242231001,-0.611040246020739,0.994134407207651,1,"Inpp5d"
"ENSMUSG00000026289.16",1264.93099234097,-0.394370996568092,0.0491829275350368,-8.01845307575787,1,1,"Atg16l1"
"ENSMUSG00000026303.7",58.08169839772,0.746591671862289,0.224354148872996,3.32773731001928,0.870656813065091,1,"Mlph"
"ENSMUSG00000026305.16",7974.93525924062,-0.308215981819089,0.141216930357184,-2.18257103478676,0.999999517716623,1,"Lrrfip1"
"ENSMUSG00000026307.13",1327.13708297728,0.0416313278970978,0.0931655885193664,0.446853055497459,1,1,"Scly"
"ENSMUSG00000026308.9",13.6922813433978,-0.115515453969491,0.252586040161877,-0.457331109413092,0.999773882268338,1,"Klhl30"
"ENSMUSG00000026309.15",2000.86915821895,-0.484273647118219,0.041496220099949,-11.6703074629878,1,1,"Ilkap"
"ENSMUSG00000026311.17",1787.33457106012,-0.618950838903794,0.103778241306398,-5.96416773990594,0.999879558739288,1,"Asb1"
"ENSMUSG00000026313.17",3959.76519740516,-0.391320066058059,0.115776567615896,-3.37995912399402,0.999999926933843,1,"Hdac4"
"ENSMUSG00000026315.14",200.019845314723,0.494104839502418,0.217065398156414,2.2762948111443,0.990113078482474,1,"Serpinb8"
"ENSMUSG00000026317.8",1639.45404964114,0.165112165531468,0.0793324990236613,2.0812676716792,1,1,"Cln8"
"ENSMUSG00000026319.14",2182.86969732083,-0.45355598607293,0.0662475241248328,-6.8463839526784,1,1,"Relch"
"ENSMUSG00000026321.9",45.0352032373485,0.267431290601152,0.358551342008238,0.745866098571199,0.979684440268931,1,"Tnfrsf11a"
"ENSMUSG00000026333.15",329.077504432511,-0.762962693929196,0.0585768305188744,-13.0249910616683,0.999974017110183,1,"Gin1"
"ENSMUSG00000026335.17",5058.36326725596,-0.00656651955352046,0.0817798335937091,-0.0802950955628454,1,1,"Pam"
"ENSMUSG00000026339.19",1728.7607743274,-0.351918315397863,0.0665464515008562,-5.28831075828791,1,1,"Ccdc93"
"ENSMUSG00000026341.17",13461.7103212027,-0.464941494112054,0.0541425506621423,-8.58735852718427,1,1,"Actr3"
"ENSMUSG00000026342.11",1625.67968569041,-0.397533668552101,0.04808999317054,-8.26645300493888,1,1,"Slc35f5"
"ENSMUSG00000026349.15",3317.04679482814,-0.476145177047813,0.0604940712105581,-7.87093954034807,1,1,"Ccnt2"
"ENSMUSG00000026353.10",5413.89858141819,-0.450709217364866,0.0485361390945159,-9.28605418093077,1,1,"Ubxn4"
"ENSMUSG00000026354.9",13.1607464788507,-0.859976307869671,0.233795537812778,-3.67832643819889,0.725385269544288,1,"Lct"
"ENSMUSG00000026355.12",7199.91588791579,-0.676709370832991,0.112158488776659,-6.03351006432086,0.998026987343248,1,"Mcm6"
"ENSMUSG00000026356.16",6397.96599468279,-0.364866403970597,0.0487243445915408,-7.48837992648839,1,1,"Dars1"
"ENSMUSG00000026358.14",113.6089734856,0.305169310759168,0.357765435507086,0.852987126402053,0.974072030131152,1,"Rgs1"
"ENSMUSG00000026360.10",1381.71317219155,-0.88017104813866,0.176928656785291,-4.97472294274398,0.750883530601146,1,"Rgs2"
"ENSMUSG00000026361.10",3308.42505161757,-0.402540318422456,0.0823888975290581,-4.88585635316315,0.999999999999794,1,"Cdc73"
"ENSMUSG00000026365.16",137.912915306691,-1.12718655743631,0.390220364041354,-2.88858978491665,0.372236711572657,1,"Cfh"
"ENSMUSG00000026374.15",7727.8959883206,-0.480257558738286,0.0697556792831847,-6.88485244030957,0.999999999999954,1,"Tsn"
"ENSMUSG00000026377.13",2632.50999346082,-0.336719513862176,0.0636374508451285,-5.29121624751492,1,1,"Nifk"
"ENSMUSG00000026380.11",52.7972991482015,-0.296207268878582,0.223531013060953,-1.32512828901201,0.999179516745777,1,"Tfcp2l1"
"ENSMUSG00000026383.15",1196.27734753848,-0.748979148387153,0.0900196913012004,-8.32017014900789,0.997352448200305,1,"Epb41l5"
"ENSMUSG00000026384.14",4259.66380444291,-0.881445961193301,0.131682553134788,-6.69371864540831,0.816020166640708,1,"Ptpn4"
"ENSMUSG00000026385.17",13252.4796505238,-0.484070175220159,0.0637751404409272,-7.59026435494153,1,1,"Dbi"
"ENSMUSG00000026388.16",136.454450563749,-0.691404257382744,0.0850107423947883,-8.13313985862958,0.999858332961727,1,"3110009E18Rik"
"ENSMUSG00000026389.17",284.675710228174,-0.0640161302766305,0.159193504442427,-0.402127778396777,0.999999997954546,1,"Steap3"
"ENSMUSG00000026393.11",4963.47355119567,-0.12356594585367,0.0612538267629508,-2.01727716264755,1,1,"Nek7"
"ENSMUSG00000026395.17",193.754899236495,-0.452067367751988,0.301751962884522,-1.49814226038685,0.965303121207762,1,"Ptprc"
"ENSMUSG00000026398.15",126.572488831757,-0.236967687950541,0.190216318391758,-1.24578001484865,0.999969819208235,1,"Nr5a2"
"ENSMUSG00000026404.13",599.571097483194,-0.510713961224624,0.0529198757062162,-9.65070220610199,1,1,"Ddx59"
"ENSMUSG00000026409.15",676.769192477676,-0.754836751671069,0.0821031528417486,-9.19376084285088,0.998586918808688,1,"Pfkfb2"
"ENSMUSG00000026411.18",1831.80236721873,-0.38567906208689,0.0497528029683097,-7.7519062058182,1,1,"Tmem9"
"ENSMUSG00000026418.17",19.392872313247,-0.148913790859206,0.205746493102737,-0.723773166742858,0.999982385488536,1,"Tnni1"
"ENSMUSG00000026421.15",3082.03760285611,0.434103357106778,0.139368276070719,3.11479318928005,0.999975509928595,1,"Csrp1"
"ENSMUSG00000026425.16",9418.27535249007,-0.299868072630803,0.0874190789867433,-3.43023600919287,0.999999999999999,1,"Srgap2"
"ENSMUSG00000026426.11",6832.87012641222,-0.565198990011943,0.0544552646098566,-10.3791432116123,0.999999999999999,1,"Arl8a"
"ENSMUSG00000026427.17",1550.85912606231,-0.506283654125119,0.0536073162506621,-9.44430144120237,1,1,"Eif2d"
"ENSMUSG00000026429.10",705.260378402739,-0.242278793200386,0.116848456002182,-2.07344454081501,0.999999999955531,1,"Ube2t"
"ENSMUSG00000026430.17",68.2610776031032,0.18862398326872,0.208356428063822,0.905294763504693,0.99995073870846,1,"Rassf5"
"ENSMUSG00000026434.13",22272.4958482492,-0.553174853061094,0.0913394371968604,-6.05625423188078,0.999999500712807,1,"Nucks1"
"ENSMUSG00000026435.16",17.8072824293526,-0.239777693816335,0.218514115342156,-1.0973098622983,0.999748412964705,1,"Slc45a3"
"ENSMUSG00000026436.16",2825.4852422132,-0.605326994178484,0.0568572997042876,-10.6464253020591,0.99999999999806,1,"Elk4"
"ENSMUSG00000026439.15",2002.72204880729,-0.343671366243837,0.0513375628217874,-6.69434518028939,1,1,"Rbbp5"
"ENSMUSG00000026442.15",4763.27745271826,-0.83697524434665,0.164267789664758,-5.09518783965359,0.839506796942743,1,"Nfasc"
"ENSMUSG00000026443.4",3810.47716618969,-0.354979951803841,0.0804345979400076,-4.41327439802215,0.999999999999999,1,"Lrrn2"
"ENSMUSG00000026447.18",781.915907871724,-0.653538158881248,0.0742551164745801,-8.80125424225784,0.999998463140391,1,"Pik3c2b"
"ENSMUSG00000026452.16",184.010908660809,-1.17697801314414,0.267382661409684,-4.40184867238184,0.254020736610388,1,"Syt2"
"ENSMUSG00000026455.15",1214.80763709867,-0.563450907410676,0.0476889856482697,-11.8151162108251,1,1,"Klhl12"
"ENSMUSG00000026456.19",1343.34633512089,0.763120260224956,0.157992887397963,4.83009249842216,0.933102912468549,1,"Cyb5r1"
"ENSMUSG00000026457.15",5207.74251690906,-0.23010182648397,0.0552045985517227,-4.1681641116977,1,1,"Adipor1"
"ENSMUSG00000026458.14",143.996255564052,-0.982022311107982,0.155288939526969,-6.32383938031488,0.546082301545973,1,"Ppfia4"
"ENSMUSG00000026466.17",3849.71308710445,-0.184330918449692,0.0902229505166035,-2.04306019027575,1,1,"Tor1aip1"
"ENSMUSG00000026469.15",7891.78105588233,-0.415213952082903,0.091014055979733,-4.56208601642105,0.999999999934164,1,"Xpr1"
"ENSMUSG00000026470.15",2800.12939310257,-0.570453029797634,0.0767685623173908,-7.43081559140265,0.999999988991139,1,"Stx6"
"ENSMUSG00000026471.15",1876.64805053841,0.370545545525325,0.125270949368062,2.95795272083885,0.999999747947776,1,"Mr1"
"ENSMUSG00000026473.18",10850.3505298162,-0.222931961633363,0.120554768428705,-1.84921728554605,0.999999999942492,1,"Glul"
"ENSMUSG00000026478.15",33634.502049655,0.818869483820855,0.128022088373598,6.39631405973635,0.921442000956866,1,"Lamc1"
"ENSMUSG00000026480.13",105.767760681979,-0.264423343285064,0.240665274530104,-1.09871830824512,0.998880127018707,1,"Ncf2"
"ENSMUSG00000026482.14",2413.52175111071,0.0421753055714014,0.091919395659915,0.458829230420991,1,1,"Rgl1"
"ENSMUSG00000026483.14",94.6575988143564,-0.282016066173126,0.200049807480212,-1.40972925555563,0.99983404211891,1,"Niban1"
"ENSMUSG00000026484.14",3973.64346823805,-0.286486739932496,0.0618343236976003,-4.6331345246623,1,1,"Rnf2"
"ENSMUSG00000026489.14",226.897907523802,-0.116322265097485,0.193391323658395,-0.601486472593549,0.99999755802,1,"Coq8a"
"ENSMUSG00000026490.19",6951.54110651385,-0.455807001002977,0.0692385808274403,-6.58313610065119,0.999999999999998,1,"Cdc42bpa"
"ENSMUSG00000026491.14",4550.16595615392,-0.342543528624263,0.0600085134143524,-5.7082488656074,1,1,"Ahctf1"
"ENSMUSG00000026492.12",1231.22461695954,-0.545674603368554,0.0714656658004368,-7.63547918090226,0.999999999897304,1,"Tfb2m"
"ENSMUSG00000026495.9",256.270430380251,-0.514816700456387,0.0810957683873422,-6.34825602733597,0.999999998903624,1,"Efcab2"
"ENSMUSG00000026496.12",7837.37922175403,-0.585423951348625,0.0742487331835196,-7.88463218492416,0.99999998822124,1,"Parp1"
"ENSMUSG00000026499.6",3621.20758314901,-0.227188589996828,0.0391935701871638,-5.7965780844133,1,1,"Acbd3"
"ENSMUSG00000026500.7",887.665890971282,-0.410793167641589,0.090060623738506,-4.56129605358209,0.999999999969717,1,"Cox20"
"ENSMUSG00000026502.14",4693.49876047178,-0.298391953440442,0.0821033415499357,-3.63434603034955,1,1,"Desi2"
"ENSMUSG00000026504.18",625.808105561374,-0.242766281766171,0.0624054447588618,-3.89014584711693,1,1,"Sdccag8"
"ENSMUSG00000026509.16",8180.84685886289,-0.0586645597850456,0.065872644301507,-0.890575449142908,1,1,"Capn2"
"ENSMUSG00000026510.11",1816.11998131846,-0.449473544737614,0.0629569719353984,-7.13937679847165,1,1,"Trp53bp2"
"ENSMUSG00000026511.8",3228.47578262268,-0.230924114317303,0.0540795672518346,-4.27008066173956,1,1,"Srp9"
"ENSMUSG00000026514.15",67.9822334851675,-0.446119252233744,0.239301406134301,-1.86425671056597,0.989681864744022,1,"Cnih3"
"ENSMUSG00000026516.9",3184.88942160829,-0.406754130508576,0.0443166655594371,-9.17835593842323,1,1,"Nvl"
"ENSMUSG00000026519.17",1599.01798894292,0.340899049400005,0.157408530149881,2.16569616065539,0.999985879134113,1,"Tmem63a"
"ENSMUSG00000026520.9",1497.76033510458,-0.152061132116022,0.0575470155567903,-2.6423808540681,1,1,"Pycr2"
"ENSMUSG00000026525.10",408.80649344562,-0.191928800852067,0.104521798518591,-1.83625620274731,0.999999999999995,1,"Opn3"
"ENSMUSG00000026526.15",4001.2694503898,0.0463646991216994,0.0512493656057824,0.904688254647745,1,1,"Fh1"
"ENSMUSG00000026527.14",923.974558669158,-0.780612662151635,0.149695480195533,-5.21467088473208,0.928615565387658,1,"Rgs7"
"ENSMUSG00000026532.8",18.8205564510971,0.272998532131015,0.380830165044617,0.716851124697623,0.972283239705933,1,"Spta1"
"ENSMUSG00000026544.7",207.945602711216,-0.739001734803748,0.110121914924817,-6.71075993646027,0.991107994562722,1,"Dusp23"
"ENSMUSG00000026547.16",1195.74834340738,1.02661392779522,0.280942829261413,3.65417380644364,0.462264342357017,1,"Tagln2"
"ENSMUSG00000026548.5",28.3752738961095,0.350748010152959,0.294311980147182,1.19175580272864,0.986310193223095,1,"Slamf9"
"ENSMUSG00000026553.18",18562.4373279155,-0.343198526356688,0.0402517624762714,-8.52629811077229,1,1,"Copa"
"ENSMUSG00000026554.16",5326.36293159847,-0.289910149155579,0.0495943806445817,-5.84562495564207,1,1,"Dcaf8"
"ENSMUSG00000026556.17",2352.14799035158,-0.824544216207661,0.0944564476139163,-8.72935873660974,0.968382180666362,1,"Vangl2"
"ENSMUSG00000026558.14",5664.96680017177,-0.324244098724667,0.0796119899500385,-4.07280484922121,1,1,"Uck2"
"ENSMUSG00000026563.14",1324.57503011669,-0.499414820037784,0.0554651840110908,-9.00411364249546,1,1,"Tada1"
"ENSMUSG00000026564.10",91.2072653449427,-0.631891393732751,0.203959493208288,-3.09812200350708,0.964447972127078,1,"Styxl2"
"ENSMUSG00000026565.19",1369.10390255125,-0.232997771156329,0.133457794843881,-1.74585359685353,0.999999995462042,1,"Pou2f1"
"ENSMUSG00000026566.16",6893.39851641938,0.0897572738825386,0.0914691220160849,0.981284961571565,1,1,"Mpzl1"
"ENSMUSG00000026568.7",1789.54045365562,-0.380436263628733,0.0760160542987524,-5.00468311777367,1,1,"Mpc2"
"ENSMUSG00000026571.13",2421.90431041831,-0.251523012137614,0.0559534225731679,-4.49522121383563,1,1,"Dcaf6"
"ENSMUSG00000026575.16",565.800977666447,-0.402028341290596,0.0606696758446967,-6.62651210333998,1,1,"Nme7"
"ENSMUSG00000026576.13",7104.80486035833,1.01822560441328,0.149194950364499,6.8247993777648,0.4513862868786,1,"Atp1b1"
"ENSMUSG00000026577.14",1407.03678074346,-0.29404318632349,0.0530286788484156,-5.54498419928626,1,1,"Blzf1"
"ENSMUSG00000026578.7",438.203980080241,-0.917952636425773,0.0790628303576305,-11.6104196153051,0.850306508836582,1,"Ccdc181"
"ENSMUSG00000026584.15",923.768845731679,-0.566731660603368,0.075972462537917,-7.45969844429511,0.999999994112962,1,"Scyl3"
"ENSMUSG00000026585.14",4410.59177823999,-0.815869275179936,0.0735598754188151,-11.0912269839333,0.993845171759401,1,"Kifap3"
"ENSMUSG00000026594.15",5951.11682748854,-0.451690144562105,0.0963280977179008,-4.68907987662012,0.999999993725948,1,"Ralgps2"
"ENSMUSG00000026596.14",4214.35752003806,-0.152942814928319,0.0899705865801575,-1.69992017104454,1,1,"Abl2"
"ENSMUSG00000026600.13",7293.83765924107,0.294862230287114,0.0911102479091469,3.23632343291551,0.999999999999995,1,"Soat1"
"ENSMUSG00000026601.16",14.862900749151,-0.0821479458791021,0.264289209444331,-0.31082595483871,0.999763722465493,1,"Axdnd1"
"ENSMUSG00000026603.14",2068.33449829603,-0.39130734310445,0.0521140897757688,-7.50866694186021,1,1,"Smyd2"
"ENSMUSG00000026604.18",6849.50109214289,-0.2179456537571,0.0877948027018412,-2.48244368743856,1,1,"Ptpn14"
"ENSMUSG00000026605.15",8052.12742110823,-0.605219566165215,0.131588054107254,-4.59935037622728,0.998650649886685,1,"Cenpf"
"ENSMUSG00000026608.14",2277.73722908477,-0.430988574686727,0.0667483987933568,-6.45691256236729,1,1,"Kctd3"
"ENSMUSG00000026610.14",146.276183319648,-0.194186799885041,0.228617776732477,-0.849395014947913,0.999788120892502,1,"Esrrg"
"ENSMUSG00000026611.18",14.8806227635404,0.0269229174381301,0.168024238880499,0.160232342770962,0.999999997000314,1,"Spata17"
"ENSMUSG00000026615.15",16378.6788502037,0.015224783552165,0.0630327511640401,0.241537665277264,1,1,"Eprs1"
"ENSMUSG00000026617.17",2322.55969472035,-0.678949493876074,0.0733027468719075,-9.26226536997994,0.999994060264389,1,"Bpnt1"
"ENSMUSG00000026618.12",3859.83692210687,-0.0920559185268892,0.067182727891356,-1.37023192442791,1,1,"Iars2"
"ENSMUSG00000026620.12",1868.18556585665,-0.689841832182149,0.0841517459817295,-8.19759381263371,0.999885962968106,1,"Mark1"
"ENSMUSG00000026622.16",1864.71313325683,-0.318021665309804,0.133111014321929,-2.38914613437374,0.999999849946822,1,"Nek2"
"ENSMUSG00000026623.17",3145.15767355542,-0.373000027058656,0.132053230623771,-2.8246187185027,0.99999897324168,1,"Lpgat1"
"ENSMUSG00000026626.12",3410.69985838364,0.745297526954784,0.117160863969712,6.36131812025094,0.985145751216712,1,"Ppp2r5a"
"ENSMUSG00000026627.8",1978.17596168966,-0.0678847348764235,0.0619715178784471,-1.09541830183303,1,1,"Pacc1"
"ENSMUSG00000026628.14",212.374970563043,0.76634302200102,0.214021592163363,3.58068087548881,0.862527374258181,1,"Atf3"
"ENSMUSG00000026630.10",16.407493611781,0.161990536629157,0.242498729872598,0.668005711676355,0.999726421511997,1,"Batf3"
"ENSMUSG00000026632.18",331.065651337474,-0.294358973613962,0.061038015860494,-4.82255147819249,1,1,"Tatdn3"
"ENSMUSG00000026634.17",2327.56340391868,-0.464309230790445,0.0540172935974771,-8.59556634307444,1,1,"Angel2"
"ENSMUSG00000026637.15",217.879102720359,0.615943157199342,0.129833797654769,4.74408950770392,0.998452116979283,1,"Traf5"
"ENSMUSG00000026639.19",102.329375281825,-0.0140193755914121,0.235130463165387,-0.0596238165088419,0.999994323757305,1,"Lamb3"
"ENSMUSG00000026640.13",4979.10690261378,-0.971786510377457,0.134981222733977,-7.19941996889943,0.582782861420232,1,"Plxna2"
"ENSMUSG00000026641.14",2041.63384466782,-0.535565020291462,0.0526487962771687,-10.1724076932735,1,1,"Usf1"
"ENSMUSG00000026643.17",2994.15823795294,0.00699001479238954,0.0461354754423178,0.15151062659209,1,1,"Nmt2"
"ENSMUSG00000026646.17",623.829450882648,-0.248541714661244,0.0993352965208484,-2.50204834903855,0.999999999999981,1,"Suv39h2"
"ENSMUSG00000026648.19",345.566879449816,-0.208285857433741,0.0743802183218129,-2.80028564224661,1,1,"Dclre1c"
"ENSMUSG00000026649.15",53.2633924546019,-0.626633568319183,0.21979603114047,-2.85097763170576,0.955311672374369,1,"Cfap126"
"ENSMUSG00000026655.16",1217.52248079309,-0.239054240601229,0.109023882398217,-2.19267774493727,0.99999999999852,1,"Fam107b"
"ENSMUSG00000026656.16",185.152621390974,-0.2472350406032,0.263792118706975,-0.937234371576634,0.997839987469018,1,"Fcgr2b"
"ENSMUSG00000026657.18",4938.3366795632,0.188529911403431,0.0949239362196139,1.98611560910466,1,1,"Frmd4a"
"ENSMUSG00000026659.14",546.800041175781,-0.509108013122696,0.117013602453108,-4.35084470907316,0.999986366666394,1,"Dusp12"
"ENSMUSG00000026662.14",3287.21991807089,-0.325960420986265,0.0677921894022385,-4.80822973649973,1,1,"Sephs1"
"ENSMUSG00000026663.7",3905.89155767939,-0.033278626467432,0.084683355516398,-0.392977182641139,1,1,"Atf6"
"ENSMUSG00000026664.8",81.9882506137006,-0.141469593988261,0.360578224803907,-0.392340924261848,0.992140377887822,1,"Phyh"
"ENSMUSG00000026667.15",9226.85327794222,-0.417880928647856,0.088876095345729,-4.70183717030203,0.999999999971189,1,"Uhmk1"
"ENSMUSG00000026669.15",1442.39045623767,-0.0584869398042531,0.136801635071814,-0.427530999710276,0.999999999997061,1,"Mcm10"
"ENSMUSG00000026670.16",1558.84671717141,-0.353908649399743,0.0485711062583476,-7.28640289799697,1,1,"Uap1"
"ENSMUSG00000026672.12",798.908801728264,0.199854522614884,0.0677451666182444,2.95009271644572,1,1,"Optn"
"ENSMUSG00000026674.10",11731.5379166089,-0.0341878382991807,0.0883219504575075,-0.387082012139539,1,1,"Ddr2"
"ENSMUSG00000026675.13",2852.05657039742,-0.236086657415311,0.126057886690432,-1.87284321206402,0.999999999319478,1,"Hsd17b7"
"ENSMUSG00000026678.11",342.166567268507,-0.524626634971948,0.266730494735967,-1.96687909828709,0.962643612232063,1,"Rgs5"
"ENSMUSG00000026683.15",2764.02496580597,-0.615763167167837,0.120082059985862,-5.127853130104,0.999312350469408,1,"Nuf2"
"ENSMUSG00000026687.15",2428.49535100072,-0.355735819303205,0.0524346081353774,-6.78437070388233,1,1,"Aldh9a1"
"ENSMUSG00000026688.6",303.316245765782,-0.571395157812766,0.0923910642524426,-6.18452836793316,0.999998249751763,1,"Mgst3"
"ENSMUSG00000026694.20",903.353657611627,-0.652025034814969,0.0648278997204434,-10.0577843432641,0.999999960120498,1,"Mettl13"
"ENSMUSG00000026696.16",2195.14894866695,-0.495196266172181,0.056840691620096,-8.71200282857052,1,1,"Vamp4"
"ENSMUSG00000026698.9",911.536902872525,-0.601064468542952,0.0824923303054136,-7.28630730054072,0.99999933771625,1,"Pigc"
"ENSMUSG00000026701.16",5922.56496860372,0.24229922440527,0.102323240401105,2.36797841287534,0.999999999999934,1,"Prdx6"
"ENSMUSG00000026705.17",1473.53624052415,-0.430729065335693,0.0461064686199641,-9.34205282313006,1,1,"Klhl20"
"ENSMUSG00000026707.16",294.287843176524,0.0550339966784734,0.0700269573927004,0.785897299090851,1,1,"Nsun6"
"ENSMUSG00000026708.17",805.479710155178,-0.582467795408601,0.0997463782419588,-5.83948816663483,0.999985800487791,1,"Cenpl"
"ENSMUSG00000026709.11",1319.47578310988,-0.440463376084544,0.0563488149593,-7.81672829149441,1,1,"Dars2"
"ENSMUSG00000026712.4",175.670361907396,0.77126752757544,0.278805474166817,2.76632849437515,0.794006413938786,1,"Mrc1"
"ENSMUSG00000026715.13",11.139324306067,-0.459868390708479,0.221274846756756,-2.0782678078815,0.992676645909833,1,"Serpinc1"
"ENSMUSG00000026718.18",2270.85346721005,0.0678021252274242,0.0730268241588844,0.928455071247616,1,1,"Stam"
"ENSMUSG00000026721.17",2411.49181634816,-0.760746688240746,0.123173947831876,-6.17619798367682,0.973955767978614,1,"Rabgap1l"
"ENSMUSG00000026723.11",255.247229448331,0.17339867427233,0.107012307657395,1.62036197581567,0.999999999999994,1,"Trdmt1"
"ENSMUSG00000026726.11",48.2711010944032,0.137362911246649,0.119225292056632,1.15212895583767,0.999999999999768,1,"Cubn"
"ENSMUSG00000026727.11",3474.56687084983,-0.0866478831725245,0.0619221378357023,-1.3993038063774,1,1,"Rsu1"
"ENSMUSG00000026728.10",68877.4395146891,0.482759133143305,0.0857786871517099,5.62796131735482,0.999999999179929,1,"Vim"
"ENSMUSG00000026730.13",474.243482194716,0.184880339632351,0.0742784107215102,2.48901851610042,1,1,"Pter"
"ENSMUSG00000026736.4",36.6742957704763,0.0798803067376707,0.0945477706132021,0.844867163123957,1,1,"4930426L09Rik"
"ENSMUSG00000026737.13",1996.88182132925,0.635911101180797,0.110391401585509,5.76051297517245,0.999513402872152,1,"Pip4k2a"
"ENSMUSG00000026739.14",6396.15515842965,-0.102849763718183,0.0931163350910315,-1.10452976502604,1,1,"Bmi1"
"ENSMUSG00000026740.13",2116.0089645252,0.416643493624408,0.0563815093208857,7.38971869754592,1,1,"Dnajc1"
"ENSMUSG00000026743.17",1369.08674358879,-0.115066591984117,0.0766065524449589,-1.50204634344812,1,1,"Mllt10"
"ENSMUSG00000026749.12",2214.54870193298,0.706212957521204,0.0963537344714684,7.32937816468673,0.998852156290324,1,"Nek6"
"ENSMUSG00000026750.7",4716.595589533,0.0933071594297972,0.0379248298019952,2.46031847517713,1,1,"Psmb7"
"ENSMUSG00000026753.6",3702.6333087919,0.101360534711589,0.0560296786647626,1.80905079463422,1,1,"Ppp6c"
"ENSMUSG00000026754.17",1067.71667261952,-0.346575942708774,0.0493768702261675,-7.01899373373212,1,1,"Golga1"
"ENSMUSG00000026755.15",2190.90715393555,0.165189364824887,0.0442363819715783,3.73424221110624,1,1,"Arpc5l"
"ENSMUSG00000026761.13",1918.83712751297,0.191305719323588,0.0617057515068744,3.1002899187165,1,1,"Orc4"
"ENSMUSG00000026766.17",1905.52064799079,0.155320076519812,0.0469261954990563,3.30988001196337,1,1,"Mmadhc"
"ENSMUSG00000026767.13",1397.48806710691,0.204027773327985,0.0705995765327934,2.88992913765161,1,1,"Mindy3"
"ENSMUSG00000026771.15",1327.94752831151,-0.127723047443613,0.077858399701565,-1.64045302668924,1,1,"Spopl"
"ENSMUSG00000026773.20",1246.58688291853,0.226739601343131,0.114695269892369,1.97688711623336,0.999999999992182,1,"Pfkfb3"
"ENSMUSG00000026775.10",6151.55503695949,0.10097906575845,0.0615844665644701,1.63968402085191,1,1,"Yme1l1"
"ENSMUSG00000026779.7",1449.404177553,-0.00788704127953521,0.115528142818852,-0.0682694371007254,1,1,"Mastl"
"ENSMUSG00000026781.18",2288.07861413301,-0.338264010961898,0.0574809094412615,-5.88480617738943,1,1,"Acbd5"
"ENSMUSG00000026782.16",10720.4865545765,-0.0530319077625106,0.0614702828000178,-0.862724317293937,1,1,"Abi2"
"ENSMUSG00000026784.15",373.074436912689,-0.112761148639683,0.0888782293602166,-1.26871506612346,1,1,"Pdss1"
"ENSMUSG00000026785.15",108.815890414757,0.919812960234316,0.131128422095371,7.01459642033461,0.72957076229841,1,"Pkn3"
"ENSMUSG00000026786.15",112.000157032154,-0.459055153650916,0.372146798386857,-1.23353245450661,0.927012653080793,1,"Apbb1ip"
"ENSMUSG00000026788.14",1291.80787815927,0.286915668954472,0.0691353322759184,4.15005843624783,1,1,"Zbtb43"
"ENSMUSG00000026790.20",2924.5416531214,0.0727352734919725,0.068120289573764,1.06774756753216,1,1,"Odf2"
"ENSMUSG00000026791.15",389.825198878346,0.526356248470926,0.0926099056451678,5.68358476130668,0.999999842626964,1,"Slc2a8"
"ENSMUSG00000026792.17",674.773536431795,0.251953609207645,0.0943405383622253,2.67068233425016,0.999999999999999,1,"Lrsam1"
"ENSMUSG00000026796.17",1620.29465091861,0.30029998637158,0.111097147346455,2.70303957882103,0.999999999849334,1,"Niban2"
"ENSMUSG00000026797.17",5764.49497447182,-0.40860427481112,0.08690308887962,-4.70183833600124,0.999999999994956,1,"Stxbp1"
"ENSMUSG00000026798.11",270.445376382282,0.0993860373113082,0.0831719384213217,1.19494674763802,1,1,"Coq4"
"ENSMUSG00000026799.16",521.808325173012,-0.546197112555173,0.0781527301032849,-6.98884238379556,0.999999996812593,1,"Med27"
"ENSMUSG00000026803.18",749.990737580409,-0.143653149449669,0.110342755807261,-1.30188111035211,0.999999999999996,1,"Ttf1"
"ENSMUSG00000026806.16",397.646025770834,-0.0338836752899473,0.0498090749551602,-0.680271121687172,1,1,"Ddx31"
"ENSMUSG00000026810.13",740.635574524734,-0.134871538709308,0.0513615195714729,-2.6259257871377,1,1,"Dpm2"
"ENSMUSG00000026811.19",859.384668967607,0.147142642181727,0.0776670219766152,1.89453179015967,1,1,"St6galnac6"
"ENSMUSG00000026812.17",1573.1016194198,0.0574428701858226,0.0634763063328171,0.904949791574827,1,1,"Tsc1"
"ENSMUSG00000026814.17",281.283785132842,-0.304651616014496,0.356250436274995,-0.855161383660261,0.974647194888076,1,"Eng"
"ENSMUSG00000026816.15",1036.75332970817,-0.159862790127206,0.0476836084486755,-3.35257324955336,1,1,"Gtf3c5"
"ENSMUSG00000026817.15",1744.77582805218,0.765238987863464,0.0994805022785163,7.69235146924589,0.990859319814114,1,"Ak1"
"ENSMUSG00000026819.16",2057.42346337798,0.200221296764228,0.118948220576658,1.68326432958442,0.999999999991145,1,"Slc25a25"
"ENSMUSG00000026820.6",551.44551508887,0.0186034912320793,0.0895517834083836,0.207740041839722,1,1,"Ptges2"
"ENSMUSG00000026821.17",3018.31348501726,0.394268383896494,0.0738635857748488,5.33779100703701,1,1,"Ralgds"
"ENSMUSG00000026822.15",270.886407001246,0.0322956027716808,0.447362266101232,0.0721911641165836,0.995247586056631,1,"Lcn2"
"ENSMUSG00000026825.18",1564.36218579639,-0.129430020306806,0.183353562819444,-0.70590403762299,0.999998973375015,1,"Dnm1"
"ENSMUSG00000026826.14",241.106326989879,-0.539208885907412,0.250409581500057,-2.15330772359959,0.967126868583292,1,"Nr4a2"
"ENSMUSG00000026827.13",3681.36755472554,0.516327381832434,0.100331872120603,5.14619503174214,0.999999284821949,1,"Gpd2"
"ENSMUSG00000026829.10",89.6533497762862,-0.946509121485417,0.213360614064474,-4.43619421342403,0.598979456694517,1,"Gbgt1"
"ENSMUSG00000026831.17",79.7812736736636,-0.152685169262535,0.119252465735072,-1.280352304008,0.999999999999399,1,"Pierce1"
"ENSMUSG00000026833.19",4822.54056744488,-0.190465836984499,0.112487827275965,-1.69321287108899,0.999999999999691,1,"Olfm1"
"ENSMUSG00000026836.16",1254.6346408783,0.0526277335061966,0.0296940984731449,1.77232972921514,1,1,"Acvr1"
"ENSMUSG00000026841.8",319.714883208222,1.21218834094251,0.215086517897088,5.63581740405737,0.161937646936931,1,"Fibcd1"
"ENSMUSG00000026842.17",3457.36222588378,0.145007742468562,0.0656210039977233,2.20977634651236,1,1,"Abl1"
"ENSMUSG00000026843.16",4049.22565644892,-0.0216888517227629,0.0604652300764369,-0.358699564945755,1,1,"Fubp3"
"ENSMUSG00000026848.15",2353.59758393459,0.0111689732450741,0.0516455002004834,0.216262272641704,1,1,"Tor1b"
"ENSMUSG00000026849.19",1112.4910788964,0.102387795214392,0.0447874218163194,2.2860837052488,1,1,"Tor1a"
"ENSMUSG00000026851.10",991.035839409982,0.0324703336361226,0.0558790727724904,0.581082183813685,1,1,"BC005624"
"ENSMUSG00000026853.16",1850.57711923238,0.369686900971533,0.0863728144360192,4.28013030935073,0.999999999999854,1,"Crat"
"ENSMUSG00000026854.17",946.155993209205,0.108766933699735,0.104074922735741,1.04508301174441,1,1,"Usp20"
"ENSMUSG00000026856.15",700.539604261885,-0.132365893532503,0.0675763426561274,-1.95876083744376,1,1,"Dolpp1"
"ENSMUSG00000026857.10",994.051654090145,0.0380611103350553,0.0561132949190654,0.678290419230459,1,1,"Ntmt1"
"ENSMUSG00000026858.19",950.603220252196,0.316248947926594,0.0833818668411989,3.79277845300455,1,1,"Miga2"
"ENSMUSG00000026860.17",1597.05119871076,0.206818062972354,0.0777889882730335,2.65870616862169,1,1,"Sh3glb2"
"ENSMUSG00000026864.14",35904.6429946134,0.00676517575424036,0.0910969758327161,0.0742634504866928,1,1,"Hspa5"
"ENSMUSG00000026867.20",4073.220924812,-0.146919100028663,0.0714189679336221,-2.05714398120696,1,1,"Gapvd1"
"ENSMUSG00000026869.13",1573.46359132134,-0.0443326256996032,0.0367035994749657,-1.20785498789679,1,1,"Psmd5"
"ENSMUSG00000026872.19",6044.85691450981,-0.238055684721044,0.11617398327663,-2.04913077787988,0.999999999972851,1,"Zeb2"
"ENSMUSG00000026873.10",331.793065372377,-0.174736960316846,0.133577492513852,-1.3081317595382,0.999999999675734,1,"Phf19"
"ENSMUSG00000026878.18",8303.65474642096,0.0186654080649594,0.0383706727337451,0.486449851804242,1,1,"Rab14"
"ENSMUSG00000026879.15",2967.00684033624,-0.0325298945128205,0.0701203379587534,-0.463915255684527,1,1,"Gsn"
"ENSMUSG00000026880.12",3345.58827711094,0.537890181081825,0.0925088933343057,5.81446995736955,0.999999706280492,1,"Stom"
"ENSMUSG00000026883.18",2748.27240290721,-0.0485022081190577,0.0826791926073317,-0.586631371080379,1,1,"Dab2ip"
"ENSMUSG00000026885.14",104.427522059804,-0.210556432356125,0.152042719788107,-1.38485047261431,0.999999896115227,1,"Ttll11"
"ENSMUSG00000026887.10",768.084887492497,0.229078968747828,0.0652142594665829,3.51271287325149,1,1,"Mrrf"
"ENSMUSG00000026888.15",1177.20189674955,-0.0148981045178349,0.176466801031953,-0.0844244040845803,0.999999992566713,1,"Grb14"
"ENSMUSG00000026889.13",1822.36102964322,0.00839467246465275,0.0347171612004582,0.241801811391824,1,1,"Rbm18"
"ENSMUSG00000026890.20",49.3999675081424,0.845602884293056,0.203758421475098,4.15002667458532,0.775698453104275,1,"Lhx6"
"ENSMUSG00000026893.5",185.338373409835,0.4852677913434,0.314433111713617,1.54331008174921,0.949187652851639,1,"Gca"
"ENSMUSG00000026894.5",11.1684771792907,-0.0302831405257033,0.191106543163047,-0.158462081017637,0.99999984046183,1,"Morn5"
"ENSMUSG00000026895.8",2492.18789965238,0.223062656588488,0.0546147922287822,4.08429012517479,1,1,"Ndufa8"
"ENSMUSG00000026914.16",4410.94216642459,0.0028746101819758,0.0474016500365456,0.0606436733691662,1,1,"Psmd14"
"ENSMUSG00000026915.17",2594.96008895686,-0.109842349381881,0.0530984610869196,-2.06865410283877,1,1,"Strbp"
"ENSMUSG00000026917.16",2111.2506743248,0.0344070493582908,0.0451727728725906,0.7616767174186,1,1,"Wdr5"
"ENSMUSG00000026918.17",4507.68745430051,-0.296343921109382,0.0691636597850451,-4.28467669337329,1,1,"Brd3"
"ENSMUSG00000026921.21",227.000093506355,-0.789724685165967,0.15103383777982,-5.22879307561026,0.918075097558623,1,"Egfl7"
"ENSMUSG00000026922.14",138.699922468638,0.355869221378226,0.125217391237345,2.84201114447184,0.999999865596814,1,"Agpat2"
"ENSMUSG00000026923.16",12784.8309327918,-0.594124577022996,0.106758580952897,-5.56512246341235,0.999928177432261,1,"Notch1"
"ENSMUSG00000026924.18",4102.89061201884,0.126656436176973,0.0428257965760944,2.95747998410084,1,1,"Sec16a"
"ENSMUSG00000026925.17",697.492717225655,0.132761041687714,0.055493242329227,2.39238213727136,1,1,"Inpp5e"
"ENSMUSG00000026926.15",5111.45574932503,0.241557402993316,0.0422039640852716,5.72357142815443,1,1,"Pmpca"
"ENSMUSG00000026927.18",2852.34224412748,0.0686357332655688,0.0571721250047711,1.20051044560336,1,1,"Entr1"
"ENSMUSG00000026928.15",55.7399628661944,1.12253685570601,0.259401656422099,4.32740820235711,0.318326824037088,1,"Card9"
"ENSMUSG00000026930.16",1520.10571643987,-0.34462101437204,0.0670806609428456,-5.13741232611983,1,1,"Gpsm1"
"ENSMUSG00000026932.15",4787.98956995102,-0.0622555501846834,0.0930400624626349,-0.669126272455862,1,1,"Nacc2"
"ENSMUSG00000026933.19",2682.70200969644,-0.240352076758407,0.109971195700071,-2.18559119256945,0.999999999997537,1,"Camsap1"
"ENSMUSG00000026939.13",15.9806242760377,-1.16553821885892,0.337359787794672,-3.45488188286479,0.311823757063794,1,"Tmem141"
"ENSMUSG00000026941.17",79.6999995387362,0.336092717936015,0.113852999808245,2.95198825241383,0.999999997249602,1,"Mamdc4"
"ENSMUSG00000026942.14",567.50864936201,-0.0261461825388313,0.0486040727852999,-0.537942214314581,1,1,"Traf2"
"ENSMUSG00000026944.19",3877.12435604074,0.402191756146252,0.0899294582798404,4.47230266743875,0.999999999985097,1,"Abca2"
"ENSMUSG00000026946.10",427.785610608648,0.034445887704783,0.105382537593734,0.326865233000721,1,1,"Nmi"
"ENSMUSG00000026955.14",656.10431049215,-0.292106871653812,0.135012822114806,-2.16354911391619,0.999999921073009,1,"Sapcd2"
"ENSMUSG00000026956.16",1355.53806760968,0.529652266806355,0.0982021385778459,5.3934901467191,0.999999164377349,1,"Uap1l1"
"ENSMUSG00000026958.14",341.903283849778,0.518742330326906,0.10434768300055,4.97128748248463,0.999998006501009,1,"Dpp7"
"ENSMUSG00000026959.14",383.062238878769,-1.27374108775169,0.228307772339556,-5.57905267393739,0.115263914285877,1,"Grin1"
"ENSMUSG00000026960.7",1659.01324277283,0.0810054288718947,0.0590668333618155,1.37141986900997,1,1,"Arl6ip6"
"ENSMUSG00000026965.13",3384.77467339054,0.143974108033744,0.0566709293952516,2.54052844324461,1,1,"Anapc2"
"ENSMUSG00000026966.7",857.420440112417,-0.0328327082655397,0.0479722845096376,-0.684409937970406,1,1,"Ssna1"
"ENSMUSG00000026970.17",4595.44349837558,0.360954446677461,0.0757993753498897,4.76197125650833,1,1,"Rbms1"
"ENSMUSG00000026972.16",164.359835702992,-0.0194356800178022,0.111590421584126,-0.174169787531003,1,1,"Arrdc1"
"ENSMUSG00000026974.12",1330.97767191179,-0.050180521436085,0.0494059670598966,-1.01567734470716,1,1,"Zmynd19"
"ENSMUSG00000026975.11",505.267303338652,0.114646583511854,0.0510322504621266,2.24655159185932,1,1,"Dph7"
"ENSMUSG00000026977.18",3596.99221327455,0.109244521098336,0.0552553547407015,1.97708478410808,1,1,"Marchf7"
"ENSMUSG00000026979.17",44.6536051533175,0.388511957841049,0.460371183915662,0.84391024333144,0.909232608840171,1,"Psd4"
"ENSMUSG00000026980.16",174.639388917239,0.679529986868189,0.144307078476477,4.70891652746583,0.986816066691696,1,"Ly75"
"ENSMUSG00000026987.17",1674.6787934452,0.0228224099780665,0.0559979323201985,0.407558083530067,1,1,"Baz2b"
"ENSMUSG00000026988.16",479.197022925627,0.136610487519675,0.0472003606764248,2.89426787342131,1,1,"Wdsub1"
"ENSMUSG00000026991.21",3388.1175257231,0.187779480467736,0.0946394281432957,1.9841569645097,1,1,"Pkp4"
"ENSMUSG00000026999.15",1158.62852886,-0.327569099370377,0.0796266499772876,-4.11381239150223,1,1,"Nup35"
"ENSMUSG00000027001.11",478.143034703156,-0.18216881784646,0.0839707505929967,-2.16943181476877,1,1,"Dusp19"
"ENSMUSG00000027002.14",13495.0123676822,-0.201113668947154,0.0720339971465742,-2.79192710266972,1,1,"Nckap1"
"ENSMUSG00000027006.14",6489.74561946305,0.269054058569324,0.0667275297208908,4.0321297625542,1,1,"Dnajc10"
"ENSMUSG00000027007.17",2735.86064726319,-0.0304708038029597,0.0487210126874662,-0.625414007677195,1,1,"Itprid2"
"ENSMUSG00000027009.19",91.6687071420303,0.0585173274143942,0.223350772396684,0.261997425782187,0.99998859824364,1,"Itga4"
"ENSMUSG00000027010.17",2486.6096839462,0.172470171727376,0.144830530357284,1.19084126324683,0.999999994475318,1,"Slc25a12"
"ENSMUSG00000027011.15",3663.1575177644,-0.160162341895259,0.042287354390347,-3.78747604820175,1,1,"Ube2e3"
"ENSMUSG00000027012.16",7421.15099383805,-0.0711094038029058,0.0361083199325348,-1.96933570810737,1,1,"Dync1i2"
"ENSMUSG00000027014.15",1622.08858324903,-0.199306226738473,0.0381496968943126,-5.22432005922925,1,1,"Cwc22"
"ENSMUSG00000027016.18",44.2114474483241,-1.31742447790774,0.276040245260513,-4.7725811744024,0.125088203075086,1,"Zfp385b"
"ENSMUSG00000027018.12",2361.40026179343,0.23290722573865,0.0716661552922375,3.24989145558192,1,1,"Hat1"
"ENSMUSG00000027030.16",1680.70508833854,-0.168831142325011,0.0830207570124133,-2.03360157628733,1,1,"Stk39"
"ENSMUSG00000027035.11",1872.11665455955,-0.148121437387581,0.10321062760483,-1.43513745459144,1,1,"Cers6"
"ENSMUSG00000027067.17",8192.52115490899,0.104937544992744,0.057613054683014,1.82141956489044,1,1,"Ssrp1"
"ENSMUSG00000027074.15",21.8540305016895,0.0144484758134603,0.278579194645073,0.0518648775328269,0.999933768549314,1,"Slc43a3"
"ENSMUSG00000027076.11",485.133507529376,0.355248519151622,0.0631379693846724,5.62654330846858,1,1,"Timm10"
"ENSMUSG00000027079.16",350.481415489434,-0.252354447269221,0.0662114965591032,-3.81133882155886,1,1,"Clp1"
"ENSMUSG00000027080.7",1534.47456648119,-0.0617112708435278,0.0415418701763709,-1.48551980403206,1,1,"Med19"
"ENSMUSG00000027082.16",1658.60760132407,-0.872002262749045,0.130790090361278,-6.66718908397675,0.836123556403067,1,"Tfpi"
"ENSMUSG00000027086.17",554.823894924477,-0.0668616841379523,0.0505404463413165,-1.32293418396848,1,1,"Fastkd1"
"ENSMUSG00000027087.12",14623.3374562536,0.69291360056268,0.113173201477728,6.12259432016726,0.996670365172174,1,"Itgav"
"ENSMUSG00000027088.11",647.81580444777,-0.146277501128925,0.0446012219427125,-3.27967474336936,1,1,"Phospho2"
"ENSMUSG00000027091.15",4181.04267645223,-0.0180638687666935,0.0379146219512841,-0.476435418237943,1,1,"Zc3h15"
"ENSMUSG00000027099.10",1423.47100996992,-0.0604083672933062,0.0386443729693159,-1.56318663369881,1,1,"Mtx2"
"ENSMUSG00000027104.19",2251.19337485114,-0.0888932698417335,0.0772552454044726,-1.15064380905568,1,1,"Atf2"
"ENSMUSG00000027108.16",5333.4370398149,-0.0334909400310231,0.0448777139774166,-0.746271078956393,1,1,"Ola1"
"ENSMUSG00000027109.17",5870.47002793651,0.0146058462267239,0.0465434353650028,0.313811090912864,1,1,"Sp3"
"ENSMUSG00000027111.17",4466.36949990749,1.13166572171818,0.113985261713144,9.9281758422956,0.1240223217354,1,"Itga6"
"ENSMUSG00000027115.15",1607.93784092043,0.286489752209439,0.100814190674375,2.84176017575528,0.999999999999266,1,"Kif18a"
"ENSMUSG00000027122.16",2487.67921038338,0.121921225430726,0.0730333527007511,1.66939105110358,1,1,"Arl14ep"
"ENSMUSG00000027130.16",1622.23071297631,-0.302456992981751,0.0694704425957433,-4.35375077055121,1,1,"Slc12a6"
"ENSMUSG00000027131.4",1473.39860105121,0.178320462767397,0.0522286221557111,3.41422873909565,1,1,"Emc4"
"ENSMUSG00000027132.4",1024.74072270509,-0.0931278850327033,0.0482095400109959,-1.93173145836824,1,1,"Katnbl1"
"ENSMUSG00000027133.4",1332.17693323247,-0.0275966115757867,0.0753645095234206,-0.366175163220703,1,1,"Nop10"
"ENSMUSG00000027134.5",376.667094515401,-0.586797062376661,0.125282138586103,-4.68380464285713,0.999513429881126,1,"Lpcat4"
"ENSMUSG00000027160.17",1363.23492474448,-0.310996405686601,0.106087707749488,-2.93150273753654,0.999999999958389,1,"Ccdc34"
"ENSMUSG00000027162.8",7497.41322170038,0.0641641748580846,0.0648906925099357,0.98880397752359,1,1,"Lin7c"
"ENSMUSG00000027163.14",558.078924865254,-0.323509583320382,0.0604934746417946,-5.34784264312817,1,1,"Commd9"
"ENSMUSG00000027164.9",1871.96284209986,0.0399618237968939,0.0682928173595276,0.585154125162459,1,1,"Traf6"
"ENSMUSG00000027165.17",875.620280019875,-0.141310000478532,0.0665605163243613,-2.12303041325435,1,1,"Iftap"
"ENSMUSG00000027166.15",371.498545269688,-0.0407286954733279,0.0546477574263167,-0.745294910376582,1,1,"Dnajc24"
"ENSMUSG00000027167.12",1072.4800898266,-0.323585438027297,0.0605036958779091,-5.34819292164007,1,1,"Elp4"
"ENSMUSG00000027168.22",999.125696148875,0.0787849949831408,0.0856963759882985,0.919350370124154,1,1,"Pax6"
"ENSMUSG00000027170.13",4953.76635840198,0.206061835850828,0.0627097361497435,3.28596241194152,1,1,"Eif3m"
"ENSMUSG00000027173.8",156.562815954712,0.334260217199579,0.115896639014686,2.88412347451441,0.999999995383656,1,"Depdc7"
"ENSMUSG00000027175.11",977.342377037487,-0.339368387193778,0.0556404673701137,-6.0993087088277,1,1,"Tcp11l1"
"ENSMUSG00000027176.9",1424.70928100599,-0.0623808053199975,0.0520253571579721,-1.19904617147715,1,1,"Cstf3"
"ENSMUSG00000027177.15",3672.25335682142,0.0587891329811744,0.0741524613726201,0.792814316516829,1,1,"Hipk3"
"ENSMUSG00000027180.13",2750.39794321512,-0.0970733626278725,0.0386784035439245,-2.50975618778145,1,1,"Fbxo3"
"ENSMUSG00000027184.15",21514.5520291473,-0.0934803769444906,0.0687590135092645,-1.3595363309262,1,1,"Caprin1"
"ENSMUSG00000027185.16",1291.34740543825,-0.103752356360505,0.0630619895318351,-1.64524394378849,1,1,"Nat10"
"ENSMUSG00000027187.11",4203.82943826277,0.00528240305814079,0.0548855955533475,0.0962438870323711,1,1,"Cat"
"ENSMUSG00000027188.9",65.4703290165925,-0.678922524998321,0.335440598318859,-2.0239724362552,0.830762407439974,1,"Pamr1"
"ENSMUSG00000027189.17",12045.9465710083,-0.0691220507410224,0.0528553452222579,-1.30775894945653,1,1,"Trim44"
"ENSMUSG00000027193.13",6315.87030360233,-0.04527596634698,0.0326597322468362,-1.38629324958308,1,1,"Api5"
"ENSMUSG00000027194.17",1386.50196587365,0.111763882907386,0.086722904082866,1.28874700506561,1,1,"Ttc17"
"ENSMUSG00000027195.11",6875.18593338679,0.258680398909603,0.0479179979255037,5.39839747294459,1,1,"Hsd17b12"
"ENSMUSG00000027198.17",4199.45181023632,0.367014902916428,0.0461829397803889,7.94698008965373,1,1,"Ext2"
"ENSMUSG00000027199.15",3117.49101473673,0.661290016459068,0.0957673406831205,6.90517259581401,0.999797497305723,1,"Gatm"
"ENSMUSG00000027200.18",11334.3821726547,0.0668088677920005,0.101436286380031,0.658628881007151,1,1,"Sema6d"
"ENSMUSG00000027201.17",8101.58852932179,-0.483539175918508,0.0775821491120039,-6.23260867935524,0.999999999986022,1,"Myef2"
"ENSMUSG00000027203.16",2017.83559995631,-0.706118770954041,0.112304832413851,-6.2875190299198,0.995562308482434,1,"Dut"
"ENSMUSG00000027204.14",3076.67770536028,0.33783452723592,0.20143143252966,1.67716886581827,0.999494234285664,1,"Fbn1"
"ENSMUSG00000027206.14",7256.41899651447,-0.106668173545187,0.0486602541216179,-2.19210062649054,1,1,"Cops2"
"ENSMUSG00000027207.16",1008.11254880575,-0.714260018200397,0.0793623692471096,-8.99998355614125,0.999841164537077,1,"Galk2"
"ENSMUSG00000027210.21",1731.30957701971,-0.236141492068569,0.104813822250043,-2.25296136520268,0.999999999999842,1,"Meis2"
"ENSMUSG00000027222.15",286.822487652876,-0.279049989223703,0.0526292901476791,-5.30218037219734,1,1,"Pex16"
"ENSMUSG00000027223.16",3505.27589889126,-0.531303640211677,0.067757461509753,-7.84125656973145,0.999999999997698,1,"Mapk8ip1"
"ENSMUSG00000027224.15",8.21941912853417,-0.599855683734458,0.194648656742338,-3.08173554225192,0.980095535742466,1,"Duoxa1"
"ENSMUSG00000027227.8",2817.90512130962,-0.00709630410956475,0.0699880669235256,-0.101393057723951,1,1,"Sord"
"ENSMUSG00000027230.10",43.9954772135531,-0.15116649249826,0.148362528793672,-1.01889940625431,0.999999994715864,1,"Creb3l1"
"ENSMUSG00000027236.9",3269.77646609085,-0.215205893632024,0.0456720257469393,-4.71198485533448,1,1,"Eif3j1"
"ENSMUSG00000027239.15",35.8633385611664,-0.128742766439164,0.182022821743014,-0.707289147626373,0.999999151821659,1,"Mdk"
"ENSMUSG00000027242.15",836.5869671641,-0.562382795233214,0.144666984090763,-3.88743014702221,0.998756822370216,1,"Wdr76"
"ENSMUSG00000027243.9",297.843256412431,0.384946085864099,0.0798412237174021,4.82139511321388,0.999999999999993,1,"Harbi1"
"ENSMUSG00000027244.15",1032.32048289936,-0.0584941836244529,0.058854949616135,-0.993870252306134,1,1,"Atg13"
"ENSMUSG00000027245.12",589.086979061377,-0.717099135538676,0.105287902299054,-6.8108407507433,0.996394360039614,1,"Hypk"
"ENSMUSG00000027247.17",2332.30739191389,-0.157484294860709,0.0831710215568293,-1.8934995857073,1,1,"Arhgap1"
"ENSMUSG00000027248.14",27022.9530390431,-0.368825473907829,0.0619733256106594,-5.9513584316087,1,1,"Pdia3"
"ENSMUSG00000027253.16",6278.52344085835,0.830917525740044,0.104840765656579,7.92551943450921,0.946601132340452,1,"Lrp4"
"ENSMUSG00000027255.15",2042.55623247372,0.201079618480516,0.0539621489899089,3.72630857451802,1,1,"Arfgap2"
"ENSMUSG00000027257.14",555.365226382884,0.602527214342912,0.0855479907708332,7.04314863404529,0.999998309446195,1,"Pacsin3"
"ENSMUSG00000027263.13",1309.27853061453,-0.603692176114255,0.0546944094763895,-11.0375481131185,0.999999999999785,1,"Tubgcp4"
"ENSMUSG00000027272.6",2786.9283340884,-0.468139652044928,0.076119303037712,-6.15007801389085,0.999999999998598,1,"Ubr1"
"ENSMUSG00000027274.17",746.636029678167,-0.352666972832846,0.0629501503076456,-5.60232137825433,1,1,"Mkks"
"ENSMUSG00000027276.8",1840.2960719423,0.396119241596813,0.110216430039545,3.59401263001068,0.999999978618596,1,"Jag1"
"ENSMUSG00000027281.17",675.489203486383,-0.747179583915335,0.0874735181973493,-8.54178040752426,0.998075327766623,1,"Slx4ip"
"ENSMUSG00000027282.18",4680.98979802644,0.155518840713978,0.0590278684830385,2.63466807646401,1,1,"Mtch2"
"ENSMUSG00000027284.17",1053.86211657012,-0.380678733715633,0.0743671272937839,-5.11891137345913,1,1,"Cdan1"
"ENSMUSG00000027285.14",1801.99901526101,-0.378875044044471,0.0473484414257871,-8.00184826861326,1,1,"Haus2"
"ENSMUSG00000027286.17",1258.33951479758,-0.930966519978725,0.0632110411024491,-14.727909930638,0.86260786581256,1,"Lrrc57"
"ENSMUSG00000027287.15",1046.0148920231,-0.233482624389151,0.0919478937725286,-2.5392927973616,1,1,"Snap23"
"ENSMUSG00000027288.17",9776.24034099349,-0.289402357593047,0.118156434118273,-2.44931526372368,0.999999999095227,1,"Zfp106"
"ENSMUSG00000027291.16",3352.78086315091,0.0988673703098118,0.173251107260258,0.570659384942879,0.999999901168317,1,"Vps39"
"ENSMUSG00000027293.14",1205.05727815028,0.385543525462468,0.118261481184403,3.26009383276111,0.999999898049084,1,"Ehd4"
"ENSMUSG00000027296.8",111.333453169833,0.499736259498722,0.152966318509142,3.26696925420779,0.999463055886402,1,"Itpka"
"ENSMUSG00000027298.18",2297.69058266191,-0.0867838497658456,0.092867338539882,-0.934492698189861,1,1,"Tyro3"
"ENSMUSG00000027300.11",531.340412911763,-0.428551617943078,0.0521934449984493,-8.21083218315653,1,1,"Ubox5"
"ENSMUSG00000027303.19",8302.93856722911,-0.286563412947656,0.0741510772980744,-3.86458866667198,1,1,"Ptpra"
"ENSMUSG00000027304.10",3323.03723966718,-0.478815529570049,0.0498638016133438,-9.60246740276448,1,1,"Rtf1"
"ENSMUSG00000027305.10",680.639030906675,-0.260621725954131,0.0479606934056041,-5.4340691814034,1,1,"Ndufaf1"
"ENSMUSG00000027306.16",4076.74453850503,-0.755788807625384,0.13947939533128,-5.41864126834142,0.960016405286212,1,"Nusap1"
"ENSMUSG00000027309.19",3312.38185354907,-0.574242776496746,0.0960744536956455,-5.97706002384245,0.999995321750693,1,"Dnaaf9"
"ENSMUSG00000027312.15",5672.45957844289,-0.278951712707937,0.0736656548249691,-3.78672684537633,1,1,"Atrn"
"ENSMUSG00000027313.4",15.8861518928515,0.310550227594417,0.387243395836665,0.801950997572089,0.962851875260823,1,"Chac1"
"ENSMUSG00000027315.14",30.9105584344213,0.506400948601537,0.383914196672467,1.31904720635681,0.900769950276027,1,"Spint1"
"ENSMUSG00000027316.16",449.747798225317,-0.00285251574310164,0.112084552199735,-0.025449677829095,1,1,"Gfra4"
"ENSMUSG00000027323.11",1132.93393237233,-0.560109017505233,0.140301166089046,-3.99219075021617,0.999141706553852,1,"Rad51"
"ENSMUSG00000027324.2",329.573060749495,-0.465369149833108,0.0618120816774012,-7.52877329486946,1,1,"Rpusd2"
"ENSMUSG00000027326.14",2228.5155151755,-0.573645611014986,0.194556340462967,-2.9484806799405,0.985789243902874,1,"Knl1"
"ENSMUSG00000027327.17",914.35703640673,-0.0994280296930892,0.0548440665259965,-1.81292227201933,1,1,"Adissp"
"ENSMUSG00000027330.17",1637.26076897207,-0.44898526829292,0.0856899964286819,-5.23964624816622,0.999999999936335,1,"Cdc25b"
"ENSMUSG00000027331.16",3116.38407082482,-0.368337141838504,0.125642853575978,-2.93162031389047,0.999999751474331,1,"Knstrn"
"ENSMUSG00000027332.12",1511.23830127861,0.241798576407807,0.0671265312134766,3.60213125923096,1,1,"Ivd"
"ENSMUSG00000027333.19",2225.84532145732,0.300098920181567,0.1198787358089,2.50335406155733,0.999999997364916,1,"Smox"
"ENSMUSG00000027339.16",1926.67410757632,-0.487273086499726,0.0979563551009927,-4.97438972690795,0.999999917166732,1,"Rassf2"
"ENSMUSG00000027340.16",2773.73142408246,-0.200890775726196,0.113824378859582,-1.76491870844314,0.999999999998895,1,"Slc23a2"
"ENSMUSG00000027341.11",1425.88645059093,-0.0314252050509067,0.0575099444763237,-0.546430801438943,1,1,"Tmem230"
"ENSMUSG00000027342.15",9854.72789731373,-0.498471623168374,0.0847237529265333,-5.88349318756707,0.9999999983861,1,"Pcna"
"ENSMUSG00000027346.16",3095.65171876963,-0.75138622707043,0.0982519298051498,-7.64754675618643,0.994302891165949,1,"Gpcpd1"
"ENSMUSG00000027347.20",370.249413250906,1.07594699685833,0.263153282067875,4.08867025485479,0.38644235225205,1,"Rasgrp1"
"ENSMUSG00000027349.6",2381.28292993129,-0.0797383534062459,0.0429345417134208,-1.85720751227492,1,1,"Fam98b"
"ENSMUSG00000027351.15",11425.1765030405,0.324382503948787,0.0579208174359804,5.60044761639156,1,1,"Spred1"
"ENSMUSG00000027353.15",915.831168063415,-0.240892321216525,0.0735177472407814,-3.27665536904399,1,1,"Mcm8"
"ENSMUSG00000027357.17",1620.55293910689,-0.232227539997018,0.0539266333359458,-4.30636080228325,1,1,"Crls1"
"ENSMUSG00000027361.16",1452.13925203167,-0.174343212907369,0.0515519198965331,-3.38189563564817,1,1,"Gabpb1"
"ENSMUSG00000027363.16",3722.52681762235,-0.119921096730479,0.0436938537661219,-2.74457587038156,1,1,"Usp8"
"ENSMUSG00000027364.15",113.810936777592,0.542846000763748,0.189854598466936,2.85927233339195,0.991978072548417,1,"Usp50"
"ENSMUSG00000027365.15",4422.65005690358,-0.241493720697783,0.0566609990613039,-4.26208017328641,1,1,"Trpm7"
"ENSMUSG00000027366.13",4132.76202661496,-0.657083780128589,0.0573563198421735,-11.4561705133223,0.999999998875372,1,"Sppl2a"
"ENSMUSG00000027367.17",5111.842550674,-0.613350824968722,0.063968411504746,-9.58833915898031,0.999999999250056,1,"Stard7"
"ENSMUSG00000027368.7",64.9356304740615,-0.0505967896929267,0.213033117078915,-0.23750668622186,0.999996244263139,1,"Dusp2"
"ENSMUSG00000027371.11",225.005406629062,-0.734769488458496,0.148316990172717,-4.95404799951001,0.963133601379559,1,"Fahd2a"
"ENSMUSG00000027374.13",2368.15736387623,-0.362399143583352,0.0442773473766682,-8.1847528150324,1,1,"Mrps5"
"ENSMUSG00000027375.15",253.339072670743,-1.07208527098563,0.375887009985504,-2.8521476999883,0.423959724663925,1,"Mal"
"ENSMUSG00000027378.17",805.609034854068,-0.309847407482022,0.0735973832274957,-4.21003293723443,1,1,"Nphp1"
"ENSMUSG00000027379.15",2716.58014137269,-0.330032248537882,0.143169272461907,-2.30518911539272,0.999998562472937,1,"Bub1"
"ENSMUSG00000027381.18",740.158177144493,0.0996759753343484,0.103470151713171,0.963330715998753,1,1,"Bcl2l11"
"ENSMUSG00000027384.7",515.022387869025,-0.443013751108395,0.0569306403489973,-7.78164005169489,1,1,"Ndufaf5"
"ENSMUSG00000027386.10",134.984308273676,-0.0868740111152883,0.165342651385447,-0.525418035741833,0.999999983326281,1,"Fbln7"
"ENSMUSG00000027387.12",193.131919988026,-0.437749141550266,0.0626155533249981,-6.99106081963668,1,1,"Zc3h8"
"ENSMUSG00000027394.14",1096.5151847406,-0.627004956618707,0.0724260300104225,-8.65717693664111,0.999999869766251,1,"Ttl"
"ENSMUSG00000027395.16",1185.1309757232,-0.357139343163575,0.0665833738157471,-5.36379162990253,1,1,"Polr1b"
"ENSMUSG00000027397.15",2595.92184053335,-0.179280229098943,0.114445246625223,-1.56651529343143,0.999999999999629,1,"Slc20a1"
"ENSMUSG00000027399.2",37.500579035569,0.0663940687495047,0.379025035781301,0.175170668113371,0.995564539411718,1,"Il1a"
"ENSMUSG00000027404.17",3716.7247756987,-0.131855727462138,0.0655190903173123,-2.01247799417779,1,1,"Snrpb"
"ENSMUSG00000027405.17",5187.206804999,-0.271292324067716,0.081622005361003,-3.32376450281792,1,1,"Nop56"
"ENSMUSG00000027406.14",4027.19365889843,0.178674104320041,0.0752227723234997,2.37526614349766,1,1,"Idh3b"
"ENSMUSG00000027411.18",2041.61272578643,-0.325606629849966,0.0588858031699877,-5.52945892425083,1,1,"Vps16"
"ENSMUSG00000027422.16",12913.4968612878,0.245583517083188,0.0764067715066265,3.21415906261515,1,1,"Rrbp1"
"ENSMUSG00000027423.16",5334.43824386975,-0.0249096296312054,0.0570633163120419,-0.436526147463826,1,1,"Snx5"
"ENSMUSG00000027424.12",665.578992399678,-0.256128471232464,0.0518017988636754,-4.94439337727453,1,1,"Mgme1"
"ENSMUSG00000027425.19",1529.20656364212,-0.123293861501931,0.0543332581164273,-2.2692153162936,1,1,"Kat14"
"ENSMUSG00000027427.14",1838.42108300075,-0.543980130463368,0.0699731357599884,-7.77412823585967,0.999999999964153,1,"Polr3f"
"ENSMUSG00000027428.10",1787.23463948712,-0.40839498843602,0.0598971443377264,-6.81827143767172,1,1,"Rbbp9"
"ENSMUSG00000027429.17",2555.11373839998,-0.611578987784051,0.0783835411996717,-7.80239037971166,0.999999639073146,1,"Sec23b"
"ENSMUSG00000027430.13",1096.73116751513,-0.465542972491396,0.0767496783232398,-6.06573190483888,0.999999999998342,1,"Dtd1"
"ENSMUSG00000027433.6",4787.8377501717,-0.445480943478678,0.0754231841688068,-5.90641920502367,0.999999999999902,1,"Xrn2"
"ENSMUSG00000027434.12",1849.66290036292,-0.163484270874571,0.0962844264979124,-1.69793056697612,1,1,"Nkx2-2"
"ENSMUSG00000027438.15",783.677287304859,-0.50601603219005,0.119832529494027,-4.2226934065952,0.999981243453708,1,"Napb"
"ENSMUSG00000027439.10",2409.96943477326,-0.0737561531619806,0.0764584435424425,-0.964656743516341,1,1,"Gzf1"
"ENSMUSG00000027447.7",10102.5238318695,-0.455126167018811,0.143371944615374,-3.17444370472747,0.999927774937942,1,"Cst3"
"ENSMUSG00000027452.12",886.497937854498,-0.999006440996777,0.17142363675618,-5.82770532641124,0.50231222766452,1,"Acss1"
"ENSMUSG00000027454.11",432.823715277083,-0.575037301422981,0.120274025681072,-4.7810597356057,0.999794786974234,1,"Gins1"
"ENSMUSG00000027455.17",3632.8710463448,-0.277564650332066,0.0549394661572734,-5.05219052433983,1,1,"Nsfl1c"
"ENSMUSG00000027456.9",30.2030711146944,-0.210311242534536,0.170094618336346,-1.23643678201896,0.999998280106761,1,"Sdcbp2"
"ENSMUSG00000027457.16",291.216639682413,-0.651848483586855,0.242581530348112,-2.68713154975744,0.924384064797098,1,"Snph"
"ENSMUSG00000027459.17",718.569578940418,-0.292982740764945,0.0598842377356018,-4.89248509864163,1,1,"Fam110a"
"ENSMUSG00000027465.14",2889.26687918907,-0.0647263756572887,0.0558985260202483,-1.15792634020158,1,1,"Tbc1d20"
"ENSMUSG00000027466.16",2045.92818164524,-0.466319541606433,0.0521998075667267,-8.9333574843229,1,1,"Rbck1"
"ENSMUSG00000027469.17",7636.77434436506,-0.466034730153112,0.131804973739898,-3.53579016731781,0.999974519674038,1,"Tpx2"
"ENSMUSG00000027472.15",1221.94574948135,-0.454492145715683,0.0822432111775462,-5.52619649948405,0.999999999983538,1,"Pdrg1"
"ENSMUSG00000027475.10",2165.90960934622,-0.536617695432358,0.102825988735839,-5.21869716041277,0.999996704260754,1,"Kif3b"
"ENSMUSG00000027478.16",142.007145771792,-0.52666682822565,0.0994708136693469,-5.2946870423354,0.999999024878902,1,"Dnmt3b"
"ENSMUSG00000027479.15",13820.8554747806,-0.692839439891569,0.0937081593008438,-7.39358712262456,0.999476980748489,1,"Mapre1"
"ENSMUSG00000027487.12",300.608386006791,-0.87736108707083,0.0766191382663901,-11.4509391115887,0.945270584518818,1,"Cdk5rap1"
"ENSMUSG00000027488.13",28.845639983834,-0.47294904425235,0.271727332174322,-1.7405280523968,0.973787798839787,1,"Snta1"
"ENSMUSG00000027489.16",47.173595326218,-0.472275282645999,0.195758299903598,-2.41254282898131,0.996488981970215,1,"Necab3"
"ENSMUSG00000027490.18",1008.5925307923,0.0548247912987654,0.100939079313871,0.543147328779244,1,1,"E2f1"
"ENSMUSG00000027495.5",232.470625611968,-0.667915312767074,0.113708503021872,-5.87392582803241,0.998252599901339,1,"Fam210b"
"ENSMUSG00000027496.16",2061.62020318141,-0.253465383854397,0.136005289479466,-1.86364357463219,0.99999997979055,1,"Aurka"
"ENSMUSG00000027498.15",1685.69025964854,-0.275908299316326,0.0569291117508095,-4.84652387558819,1,1,"Cstf1"
"ENSMUSG00000027502.12",1968.23868811717,-0.222921841158669,0.0433336469608334,-5.14431294832292,1,1,"Rtf2"
"ENSMUSG00000027506.16",3570.78822904542,0.340789299149467,0.0661229944635769,5.15386972284183,1,1,"Tpd52"
"ENSMUSG00000027509.12",1826.14705007591,-0.472557978923896,0.0598297135766395,-7.89838277127247,1,1,"Rae1"
"ENSMUSG00000027510.18",623.031005522386,-0.509438963773786,0.0915630889236063,-5.56380272621455,0.999999957839357,1,"Rbm38"
"ENSMUSG00000027519.11",3701.28533182313,0.0915713918442183,0.0763110985093563,1.19997475639787,1,1,"Rab22a"
"ENSMUSG00000027522.17",3237.33592946728,0.0197834051819011,0.0958399348086531,0.206421313009021,1,1,"Stx16"
"ENSMUSG00000027523.21",50030.1008809268,-0.224700513415604,0.0854707810085302,-2.62897461289347,1,1,"Gnas"
"ENSMUSG00000027531.17",2094.45485707269,-0.162800417202614,0.0639996820547312,-2.54376915596846,1,1,"Impa1"
"ENSMUSG00000027533.11",13387.1796463034,0.439984467517261,0.12330047380745,3.56839235025451,0.999997212215745,1,"Fabp5"
"ENSMUSG00000027534.17",507.579338104292,0.0151441890923084,0.0605710963343286,0.250023361121258,1,1,"Snx16"
"ENSMUSG00000027540.14",2565.05756865333,-0.492720742500334,0.0791357040899264,-6.22627609328435,0.999999999927357,1,"Ptpn1"
"ENSMUSG00000027550.15",1202.17682781099,-0.0658959113135508,0.0485026704098978,-1.35860377906334,1,1,"Lrrcc1"
"ENSMUSG00000027551.16",597.574119150563,0.254526953264686,0.0766276433066321,3.321607481078,1,1,"Zfp64"
"ENSMUSG00000027552.16",683.809209663223,0.0440234910900915,0.0549926642716394,0.80053388344007,1,1,"E2f5"
"ENSMUSG00000027555.9",19.8177181340725,-0.303674562153331,0.204995681388913,-1.48137053471486,0.999659082557069,1,"Car13"
"ENSMUSG00000027560.5",464.825723901848,-0.848426429527851,0.129414006683183,-6.55590883299731,0.879246835493193,1,"Dok5"
"ENSMUSG00000027566.16",4644.69477500891,-0.308307269659946,0.0582385935893295,-5.29386529891124,1,1,"Psma7"
"ENSMUSG00000027569.16",892.93547362806,-0.421184559451866,0.055236382601401,-7.62512930093983,1,1,"Mrgbp"
"ENSMUSG00000027570.16",2641.2718710761,-1.0329937432239,0.179963250122179,-5.74002604711015,0.427267192837463,1,"Col9a3"
"ENSMUSG00000027573.12",1770.10460615419,-0.550486012321506,0.0547298319503039,-10.058244155059,1,1,"Gid8"
"ENSMUSG00000027574.16",107.864779342014,-0.898478571646755,0.171945845767407,-5.22535783075641,0.722547712314702,1,"Nkain4"
"ENSMUSG00000027575.20",1973.72527348713,-0.224219743988363,0.0580270889322494,-3.86405294689442,1,1,"Arfgap1"
"ENSMUSG00000027582.17",1243.13211077612,-0.354330292125089,0.0557648237707692,-6.35401079328475,1,1,"Zgpat"
"ENSMUSG00000027583.14",303.430417622154,0.20296038800407,0.120179884737966,1.68880498135436,0.999999999983448,1,"Zbtb46"
"ENSMUSG00000027589.15",2717.17500960923,-0.524873062133467,0.0956268126614916,-5.48876457894147,0.999999662729104,1,"Pcmtd2"
"ENSMUSG00000027593.16",5001.7920647536,-0.187241475866005,0.0571970057595242,-3.27362373920817,1,1,"Raly"
"ENSMUSG00000027597.16",3258.01374142942,-0.19791985847853,0.080504777696369,-2.45848587055296,1,1,"Ahcy"
"ENSMUSG00000027598.17",3632.73682595426,-0.197647030451217,0.0582182092516521,-3.39493490081213,1,1,"Itch"
"ENSMUSG00000027599.10",2343.29307100709,-0.0860090062091169,0.0437380379219394,-1.96645780870691,1,1,"Armc1"
"ENSMUSG00000027601.14",931.642523586359,0.484673700593587,0.056325737165167,8.60483546220359,1,1,"Mtfr1"
"ENSMUSG00000027602.10",1182.28823479773,-0.925939211855985,0.0856546993962382,-10.8101390628037,0.80638278449973,1,"Map1lc3a"
"ENSMUSG00000027603.16",1328.74929509154,-0.599327802408274,0.147176038739739,-4.07218326801217,0.996759527748743,1,"Ggt7"
"ENSMUSG00000027605.19",1237.9767156712,-0.400851532847502,0.111807325691266,-3.58519918412481,0.999999958102133,1,"Acss2"
"ENSMUSG00000027610.18",592.208823122401,-0.335587943998359,0.0738069131949235,-4.54683619015571,1,1,"Gss"
"ENSMUSG00000027611.13",23.5999787938039,-0.15604952844286,0.294337477422609,-0.530172133733433,0.997972866093587,1,"Procr"
"ENSMUSG00000027613.16",1702.12612214202,-0.172917907100213,0.0733609982059097,-2.3570822552723,1,1,"Eif6"
"ENSMUSG00000027615.15",706.02465942992,-0.184275034220763,0.0390596936671366,-4.71777981136101,1,1,"Hps3"
"ENSMUSG00000027618.18",1163.00467542028,-0.423647409587589,0.0887352782725033,-4.77428389063683,0.999999999958536,1,"Nfs1"
"ENSMUSG00000027620.17",11711.0724142963,-0.0523193786387872,0.0529505328406686,-0.988080304993709,1,1,"Rbm39"
"ENSMUSG00000027624.21",3679.71913187878,-0.210445021733433,0.116962306365035,-1.79925506151223,0.999999999992634,1,"Epb41l1"
"ENSMUSG00000027628.11",1056.39759292062,-0.354265704503465,0.0601023197474603,-5.89437655637967,1,1,"Aar2"
"ENSMUSG00000027630.14",5332.47253016294,-0.0151905282112454,0.10036301791033,-0.151355833329141,1,1,"Tbl1xr1"
"ENSMUSG00000027634.15",3756.53777062204,-0.355589345535413,0.0829757626982421,-4.28546040400478,0.999999999999996,1,"Ndrg3"
"ENSMUSG00000027635.16",1085.69236581368,-0.486340178771036,0.0700758251134999,-6.9401991055164,0.999999999999885,1,"Dsn1"
"ENSMUSG00000027637.4",2182.20319414345,0.105627067175159,0.0944011253096846,1.11891745811977,1,1,"Rab5if"
"ENSMUSG00000027639.17",862.802969715236,-0.550978140750164,0.0974971440277768,-5.65122338961223,0.999997942494563,1,"Samhd1"
"ENSMUSG00000027641.14",2397.33613845905,-0.648416043980584,0.104637040125576,-6.19681179057068,0.999610334834084,1,"Rbl1"
"ENSMUSG00000027642.16",13193.8233633699,-0.0472101431086572,0.065258255003079,-0.723435573115305,1,1,"Rpn2"
"ENSMUSG00000027646.16",2383.45695901559,-1.11848766695788,0.120733053789196,-9.26413796267256,0.163197256864229,1,"Src"
"ENSMUSG00000027649.16",1883.64359907442,-0.451960078031186,0.0520676949129833,-8.68023980678445,1,1,"Ctnnbl1"
"ENSMUSG00000027650.13",1264.42625874583,-0.424714875642408,0.058524004334118,-7.25710553258931,1,1,"Tti1"
"ENSMUSG00000027651.17",1382.36681425965,-0.432422305146281,0.0544264589362709,-7.94507512701889,1,1,"Rprd1b"
"ENSMUSG00000027652.16",4057.84902398881,-0.50589330489282,0.0723561657906211,-6.99170968175313,0.999999999995719,1,"Ralgapb"
"ENSMUSG00000027654.3",1450.70611792927,-0.486121647955078,0.105294922188293,-4.61676249768033,0.999999470569433,1,"Fam83d"
"ENSMUSG00000027655.15",1328.39205920838,-0.127461053271192,0.0778314277133356,-1.63765534072752,1,1,"Dhx35"
"ENSMUSG00000027660.17",2083.01002883259,-0.216283160088837,0.0876662600413333,-2.46711973325727,1,1,"Skil"
"ENSMUSG00000027663.14",4968.24423811586,-0.135395107521973,0.0824329368988326,-1.64248797405022,1,1,"Zmat3"
"ENSMUSG00000027665.14",3207.74071752126,0.103161114299986,0.0557285282844326,1.85113652694115,1,1,"Pik3ca"
"ENSMUSG00000027667.14",1243.31671434932,0.297495079783031,0.0402499312872704,7.39119472427817,1,1,"Zfp639"
"ENSMUSG00000027668.14",3379.21313241902,0.47341716543833,0.110152502133202,4.29783396899919,0.999999125653751,1,"Mfn1"
"ENSMUSG00000027669.15",1337.21286371994,0.326635969716047,0.0734575664259449,4.44659393999038,1,1,"Gnb4"
"ENSMUSG00000027670.5",14.0232084199258,1.27466182322753,0.233159275677063,5.46691449236184,0.119398135140125,1,"Ocstamp"
"ENSMUSG00000027671.15",2045.49450523688,-0.0487600911698727,0.0748903955522671,-0.651086041278048,1,1,"Actl6a"
"ENSMUSG00000027673.13",2713.02967825939,0.349445132130861,0.0538404802835616,6.49037917734831,1,1,"Ndufb5"
"ENSMUSG00000027674.17",236.431314330911,0.561342278310145,0.230553419112626,2.43476015437414,0.971455542290544,1,"Pex5l"
"ENSMUSG00000027676.12",143.1173254459,-0.496362817005187,0.128965155660469,-3.84881338267817,0.999952929964307,1,"Ccdc39"
"ENSMUSG00000027677.18",1926.08642760381,0.240795365839166,0.0423542911592331,5.68526492236367,1,1,"Ttc14"
"ENSMUSG00000027678.19",1621.90509141759,-0.106787099708849,0.0827069220313853,-1.29115069314665,1,1,"Ncoa3"
"ENSMUSG00000027679.14",917.981714104184,-0.0310574468625266,0.0753397429519804,-0.412231919643286,1,1,"Dnajc19"
"ENSMUSG00000027680.16",6334.9158509528,0.292117968737656,0.039003193700233,7.48959100587477,1,1,"Fxr1"
"ENSMUSG00000027684.17",341.980889059413,-0.42363595382671,0.174617389460704,-2.42608113163922,0.999517823850626,1,"Mecom"
"ENSMUSG00000027690.14",57.4906417175895,0.646401445156213,0.240587064277484,2.6867672503401,0.929182850675481,1,"Slc2a2"
"ENSMUSG00000027692.17",5353.81335460286,-0.134022159333169,0.0955720144158481,-1.40231594104544,1,1,"Tnik"
"ENSMUSG00000027695.17",3390.90987540477,0.783681167726123,0.077129155974813,10.1606345592844,0.997481290417417,1,"Pld1"
"ENSMUSG00000027698.15",1825.77825984105,0.436853921863368,0.0868598599339961,5.02941084863973,0.999999999955157,1,"Nceh1"
"ENSMUSG00000027699.20",2829.98836007397,-0.012368442292956,0.135466076976954,-0.0913028749999169,0.999999999999885,1,"Ect2"
"ENSMUSG00000027706.9",8041.36346120048,-0.0114270498896656,0.0696700993346863,-0.164016558018261,1,1,"Sec62"
"ENSMUSG00000027708.15",2438.82809729291,0.0693005439812587,0.0917560359327361,0.755269593730718,1,1,"Dcun1d1"
"ENSMUSG00000027709.10",968.40092459424,0.382799945079126,0.0746866872864184,5.12541068545609,1,1,"Mccc1"
"ENSMUSG00000027710.15",1534.29166425758,0.122126030180875,0.0453777485133071,2.69131973670005,1,1,"Acad9"
"ENSMUSG00000027714.12",2258.21009953978,0.297751696979228,0.0592349241712576,5.02662409288108,1,1,"Exosc9"
"ENSMUSG00000027715.10",7139.3438678758,-0.108088014226439,0.131603216398152,-0.82131742053651,0.999999999993877,1,"Ccna2"
"ENSMUSG00000027716.14",348.43863711117,-0.260181880937998,0.184489332321157,-1.41028143830602,0.99996965170711,1,"Trpc3"
"ENSMUSG00000027722.15",1183.84128243449,-0.0116602190118407,0.0987351364798996,-0.118095942615266,1,1,"Afg2a"
"ENSMUSG00000027739.10",1333.31270698966,-0.339200814774048,0.0428217086788346,-7.92123493525385,1,1,"Rab33b"
"ENSMUSG00000027742.14",1208.13560652649,-0.0580033148381043,0.0413770411912264,-1.40182364828936,1,1,"Cog6"
"ENSMUSG00000027746.14",2125.58879825493,-0.110387942322713,0.0391501885887742,-2.81960180274496,1,1,"Ufm1"
"ENSMUSG00000027751.15",2105.88572740071,0.0121003830321062,0.037050632919566,0.326590454159721,1,1,"Supt20"
"ENSMUSG00000027752.16",1400.63975863476,0.155080735426032,0.0779646608391521,1.98911575779156,1,1,"Exosc8"
"ENSMUSG00000027762.7",17.0650171243297,1.21489589780803,0.288999730302877,4.20379595695399,0.228563755428513,1,"Sucnr1"
"ENSMUSG00000027763.14",5707.96264688252,0.182690080388279,0.0723791779691887,2.52406956688634,1,1,"Mbnl1"
"ENSMUSG00000027765.7",534.246584776178,0.728434901328622,0.127782442063257,5.70058679085208,0.983215640648268,1,"P2ry1"
"ENSMUSG00000027770.6",5649.8810825247,-0.0022231114340666,0.033488438820319,-0.0663844452706387,1,1,"Dhx36"
"ENSMUSG00000027774.17",2471.43778783872,0.174975221392154,0.0705992685626344,2.47842824656065,1,1,"Gfm1"
"ENSMUSG00000027775.10",4025.07289828043,0.395145257149047,0.0845754417511829,4.67210396974984,0.999999999999571,1,"Mfsd1"
"ENSMUSG00000027776.13",23.6955318411817,1.01484526524383,0.209873963122264,4.83549864950433,0.471804653773381,1,"Il12a"
"ENSMUSG00000027777.16",5080.40384762186,0.618860921451608,0.0786970115916724,7.86384271695897,0.99999936092011,1,"Schip1"
"ENSMUSG00000027778.17",1170.66863508437,0.0965742392354248,0.140970094959932,0.685068980501674,0.999999999926589,1,"Ift80"
"ENSMUSG00000027782.11",4633.58635989561,0.0579256008366886,0.0627072306152057,0.923746755651531,1,1,"Kpna4"
"ENSMUSG00000027784.11",3334.57364364289,-0.0898771390695245,0.120316671076249,-0.747004868615138,0.999999999999981,1,"Ppm1l"
"ENSMUSG00000027787.15",1816.83994384858,0.0964309683455585,0.0534798578848018,1.80312686232778,1,1,"Nmd3"
"ENSMUSG00000027796.3",144.627784202343,-0.458230290945548,0.127948362366553,-3.58136894032912,0.999988535950134,1,"Smad9"
"ENSMUSG00000027797.16",7107.14695397045,0.905999549918607,0.108169425812656,8.37574520814922,0.807579516694971,1,"Dclk1"
"ENSMUSG00000027799.13",3500.3386231449,-0.30281574649608,0.0817356862486795,-3.7048168357548,1,1,"Nbea"
"ENSMUSG00000027804.14",3626.14608588577,-0.216351562258517,0.0496704492569214,-4.35573999219202,1,1,"Ppid"
"ENSMUSG00000027805.17",5479.64217872654,-0.591681467012986,0.0775896050778738,-7.62578268595565,0.999999928961291,1,"Pfn2"
"ENSMUSG00000027806.10",1838.31681364991,0.397027821186736,0.0711969639000356,5.576471234703,1,1,"Tsc22d2"
"ENSMUSG00000027808.9",6330.19815494545,0.00681524553721162,0.0387024653211735,0.176093318104031,1,1,"Serp1"
"ENSMUSG00000027809.15",2106.56705588319,-0.252711325115316,0.0639220538461295,-3.95342937077136,1,1,"Etfdh"
"ENSMUSG00000027810.15",3323.43576253014,0.252030835913666,0.0571672452677724,4.40865804768359,1,1,"Eif2a"
"ENSMUSG00000027811.10",512.698466753441,-0.213212883571556,0.0869119395689251,-2.45320590737097,1,1,"4930579G24Rik"
"ENSMUSG00000027822.17",1398.92969727314,0.234995168107721,0.0369474343559371,6.36025673241258,1,1,"Slc33a1"
"ENSMUSG00000027823.10",4426.8386149865,-0.0375719388303413,0.050237807823498,-0.747881734058618,1,1,"Gmps"
"ENSMUSG00000027824.6",43.0148488562811,0.570571309807972,0.118526816972935,4.81385836876275,0.999854425746003,1,"Vmn2r1"
"ENSMUSG00000027827.18",113.295164945989,-1.34983036719065,0.306191389583082,-4.40845305620323,0.126618574812545,1,"Kcnab1"
"ENSMUSG00000027828.13",21880.9251308378,0.454990181953459,0.0433822730468461,10.4879285938323,1,1,"Ssr3"
"ENSMUSG00000027829.16",2372.60399610443,0.455978711603642,0.0698873347000231,6.52448277732777,0.999999999999996,1,"Ccnl1"
"ENSMUSG00000027833.17",544.526460838001,0.278134977723688,0.171709922944128,1.6197956003637,0.999986886873865,1,"Shox2"
"ENSMUSG00000027835.12",1713.395149609,-0.28515877803461,0.0464343088651932,-6.14112248041582,1,1,"Pdcd10"
"ENSMUSG00000027843.14",38.3623814883802,0.94464890245789,0.217117266754373,4.35086953966946,0.60061389477348,1,"Ptpn22"
"ENSMUSG00000027845.16",768.988975923363,-0.370714758651136,0.0853399088522693,-4.34397884456234,0.999999999999917,1,"Dclre1b"
"ENSMUSG00000027848.14",1491.14466668253,-0.492048661630889,0.107089459413794,-4.59474409829275,0.99999894838185,1,"Olfml3"
"ENSMUSG00000027849.20",82.3387646866354,0.145513852827434,0.226193959415996,0.643314495237329,0.999921053748005,1,"Syt6"
"ENSMUSG00000027852.15",8691.35471160116,-0.326910268579382,0.10638501298997,-3.07289776437027,0.999999999874951,1,"Nras"
"ENSMUSG00000027854.13",3151.15671828658,-0.435964102055293,0.0761135043753352,-5.72781539403891,0.999999999999937,1,"Sike1"
"ENSMUSG00000027860.17",1104.91932616218,0.193871550147588,0.10296489456676,1.8828898039796,0.999999999999998,1,"Vangl1"
"ENSMUSG00000027864.10",8547.96023821151,-0.0380757407318719,0.148798781580108,-0.255887449665529,0.99999999995073,1,"Ptgfrn"
"ENSMUSG00000027865.11",864.918292013576,-0.614971063925528,0.0630098844796143,-9.75991416274523,0.99999999950375,1,"Gdap2"
"ENSMUSG00000027868.12",639.307837607977,-0.0433990917687536,0.0558015354691479,-0.777740099871418,1,1,"Tbx15"
"ENSMUSG00000027878.12",2317.85471437705,0.0908338476537335,0.108501179702061,0.837169216990625,1,1,"Notch2"
"ENSMUSG00000027879.10",2760.49686487257,-0.159849051538836,0.0391252347742269,-4.08557424540068,1,1,"Sec22b"
"ENSMUSG00000027881.15",3214.1869155852,-0.0750255477691272,0.0551890519300529,-1.35942809570665,1,1,"Prpf38b"
"ENSMUSG00000027882.19",1135.77021712521,0.0357851379429999,0.0621526161899769,0.575762375530876,1,1,"Stxbp3"
"ENSMUSG00000027883.16",1860.48591449624,-0.590284975834658,0.130318206393084,-4.52956645255043,0.999166604435176,1,"Gpsm2"
"ENSMUSG00000027884.17",1545.66530587237,-0.106199810372664,0.0510841250389363,-2.07892002244764,1,1,"Clcc1"
"ENSMUSG00000027889.18",1266.89841553828,-0.216116423034922,0.0778649138681136,-2.77553023947316,1,1,"Ampd2"
"ENSMUSG00000027890.18",17.5261062082118,-0.797294475570111,0.371803541583235,-2.14439720551081,0.707191049734117,1,"Gstm4"
"ENSMUSG00000027893.15",11400.0948778593,-0.00888971891036333,0.073844736898413,-0.120383920151178,1,1,"Ahcyl1"
"ENSMUSG00000027896.16",98.9117527491448,-0.203952161787308,0.223736131422459,-0.911574543148801,0.999813175451712,1,"Slc16a4"
"ENSMUSG00000027900.16",1495.79310622638,-0.243750903469356,0.0718544758008989,-3.39228559880895,1,1,"Dram2"
"ENSMUSG00000027901.13",15.3301086686933,0.00807716876025369,0.191033234950475,0.0422814844880141,0.999999961872961,1,"Dennd2d"
"ENSMUSG00000027905.16",996.652368767346,-0.355536574114502,0.0653763328421454,-5.43830708542439,1,1,"Ddx20"
"ENSMUSG00000027907.5",374.52472607975,0.966357310675644,0.321411425370552,3.00660534877234,0.541681852270165,1,"S100a11"
"ENSMUSG00000027931.13",224.223117127971,0.317645105588527,0.17020591944838,1.86624006155593,0.999969511308844,1,"Npr1"
"ENSMUSG00000027932.15",707.097722318686,-0.511890829335184,0.0928774680679332,-5.5114640825563,0.99999992615245,1,"Slc27a3"
"ENSMUSG00000027933.12",3672.47505027803,-0.43653906275078,0.0668083613127234,-6.53419802810883,1,1,"Ints3"
"ENSMUSG00000027935.15",1010.53697908848,0.14474128029261,0.0965385293024451,1.49931101435314,1,1,"Rab13"
"ENSMUSG00000027936.19",988.758417191691,-0.148016982712787,0.0520022438568529,-2.84635761334136,1,1,"Crtc2"
"ENSMUSG00000027937.16",1147.3734340148,-0.21020008425007,0.0485683154560423,-4.32792618554613,1,1,"Jtb"
"ENSMUSG00000027939.12",85.0981965069433,-0.351339023562961,0.107774103454932,-3.25995774773373,0.999999999120933,1,"Nup210l"
"ENSMUSG00000027940.19",9489.12448349942,-0.220642584543792,0.0910227285695879,-2.42403834746734,1,1,"Tpm3"
"ENSMUSG00000027942.18",2207.40896992252,-0.19376179545017,0.0555079257895935,-3.49070502444347,1,1,"4933434E20Rik"
"ENSMUSG00000027944.14",2536.0724651899,0.185470451922203,0.100764993742294,1.84062386185964,1,1,"Hax1"
"ENSMUSG00000027951.17",2326.57385409632,-0.535729812853676,0.0879235439905469,-6.09313260747628,0.999999935543739,1,"Adar"
"ENSMUSG00000027952.17",971.178865121757,-0.461299545518315,0.101817646165729,-4.53064437148208,0.999999939120701,1,"Pmvk"
"ENSMUSG00000027953.14",1139.34664307169,0.257125927074349,0.0814303280381413,3.15761870631189,1,1,"Slc50a1"
"ENSMUSG00000027954.10",106.133035915523,-0.198303713787605,0.194427473226266,-1.01993669154373,0.999981331843551,1,"Efna1"
"ENSMUSG00000027955.17",55.6062706607087,-1.22390940914303,0.270469894218669,-4.52512251937928,0.203876777213667,1,"Gask1b"
"ENSMUSG00000027957.14",2211.52627272509,0.328601501206441,0.0569404490407756,5.77096785750892,1,1,"Slc35a3"
"ENSMUSG00000027959.15",712.397234693638,-0.269571065346295,0.113181279125546,-2.38176372832183,0.999999999945395,1,"Sass6"
"ENSMUSG00000027962.15",1555.36270307213,0.456086157342503,0.198803946760789,2.29415041689937,0.99688979480167,1,"Vcam1"
"ENSMUSG00000027963.15",1816.98007992438,-0.244887866457319,0.0702489185774448,-3.48600194019138,1,1,"Extl2"
"ENSMUSG00000027968.12",2075.58609160143,0.0827829470412461,0.0664004213726715,1.24672321846616,1,1,"Larp7"
"ENSMUSG00000027978.10",37.011071422731,-1.29840166878373,0.273406939269337,-4.74897115725603,0.137544164839941,1,"Prss12"
"ENSMUSG00000027981.15",788.592841395757,-0.133554214224956,0.0746378398950178,-1.7893633365168,1,1,"Rnpc3"
"ENSMUSG00000027983.14",243.69298920134,-0.245138559497117,0.0748413429368408,-3.27544308904226,1,1,"Cyp2u1"
"ENSMUSG00000027984.9",3211.82771922369,0.499619922051553,0.0773281799969403,6.46103299044827,0.999999999951278,1,"Hadh"
"ENSMUSG00000027985.15",158.204040757559,-0.35932377735559,0.180349139449296,-1.99237866314639,0.999809148804787,1,"Lef1"
"ENSMUSG00000027993.17",3195.47835827975,-0.755487706799186,0.138739160818925,-5.44538183984843,0.960998154782842,1,"Trim2"
"ENSMUSG00000027994.15",122.020150880722,-0.109725763698089,0.148061944012735,-0.741080123118277,0.999999999088584,1,"Mcub"
"ENSMUSG00000027995.11",90.5267746809007,-0.0319045644944195,0.2193227614438,-0.145468551847478,0.999996196197603,1,"Tlr2"
"ENSMUSG00000027997.10",724.680696178759,0.358605967185378,0.0766731915305982,4.67707108608187,1,1,"Casp6"
"ENSMUSG00000027998.12",2053.17770730783,-0.373966056466469,0.0391590730048322,-9.54992107245037,1,1,"Plrg1"
"ENSMUSG00000027999.16",1089.58892003666,0.445525968057497,0.0702974550501463,6.33772542319895,0.999999999999998,1,"Pla2g12a"
"ENSMUSG00000028005.14",1323.2698972611,-1.00158710032026,0.132210732510617,-7.57568679410976,0.495211083075689,1,"Gucy1b1"
"ENSMUSG00000028007.14",507.679589564169,-0.150779713564994,0.0788187551551273,-1.91299283106205,1,1,"Snx7"
"ENSMUSG00000028010.17",674.397105788725,0.186180221262422,0.0621524460211435,2.99554133716773,1,1,"Gar1"
"ENSMUSG00000028013.17",1279.6886568292,0.307229955807281,0.0479301342694271,6.40995399846505,1,1,"Ppa2"
"ENSMUSG00000028015.4",1381.97129919854,0.0455380239786829,0.0814856704298832,0.558847018603933,1,1,"Ctso"
"ENSMUSG00000028016.10",769.452333940459,0.143235357996676,0.051661057067845,2.77259828053014,1,1,"Ints12"
"ENSMUSG00000028017.8",52.9494683824915,-0.102592745937427,0.13281265290586,-0.772462138905893,0.999999999992953,1,"Egf"
"ENSMUSG00000028018.16",1055.86981774526,0.350441122385027,0.0663784682094933,5.27943973155601,1,1,"Gstcd"
"ENSMUSG00000028019.10",432.118609582244,-0.393688401646205,0.111788564121221,-3.52172339577865,0.999999970816877,1,"Pdgfc"
"ENSMUSG00000028020.17",2808.47543708968,-0.717620095865054,0.123092442129306,-5.82992816984823,0.989106113595488,1,"Glrb"
"ENSMUSG00000028028.12",322.258166823252,0.204363330561464,0.137532631098154,1.48592613207271,0.999999996376014,1,"Alpk1"
"ENSMUSG00000028029.12",1876.14765391896,0.148003639957172,0.0536186417208821,2.76030192498389,1,1,"Aimp1"
"ENSMUSG00000028030.13",1441.39619387348,-0.130880919006744,0.0543989631614318,-2.40594510263639,1,1,"Tbck"
"ENSMUSG00000028032.14",4062.70823957082,-0.269700998813006,0.0483415530994158,-5.57907186511692,1,1,"Papss1"
"ENSMUSG00000028033.17",558.621720637518,0.401990588530469,0.187436783813916,2.14467288837797,0.999289765521698,1,"Kcnq5"
"ENSMUSG00000028034.16",7226.63253578198,-0.121506263459202,0.0692649479196656,-1.7542244253201,1,1,"Fubp1"
"ENSMUSG00000028035.14",1261.36042503026,-0.028138855006924,0.0593152676039107,-0.47439480834558,1,1,"Dnajb4"
"ENSMUSG00000028036.7",13.7886083873043,0.833258517407958,0.428913255110098,1.94272036939979,0.651280300422369,1,"Ptgfr"
"ENSMUSG00000028039.12",354.676871249084,0.182427805978895,0.126152689871539,1.44608732611774,0.999999999954386,1,"Efna3"
"ENSMUSG00000028040.8",216.914287451091,0.463344435171963,0.133925637669449,3.45971423571321,0.999969267659561,1,"Efna4"
"ENSMUSG00000028041.18",3320.87028584576,0.578777124345724,0.111201648841923,5.20475308031155,0.99992404292436,1,"Adam15"
"ENSMUSG00000028042.16",1301.82671540441,0.834339185955468,0.114453851715225,7.28974318864691,0.926107915057766,1,"Zbtb7b"
"ENSMUSG00000028044.7",1785.44378232218,0.0664448331947173,0.0987157088867093,0.673092803000305,1,1,"Cks1b"
"ENSMUSG00000028047.12",420.940747253255,-0.497932134297512,0.145711240247014,-3.4172527352962,0.999715141185038,1,"Thbs3"
"ENSMUSG00000028048.12",1819.97123346903,-0.0750677636334567,0.0723495725115769,-1.03757024440531,1,1,"Gba1"
"ENSMUSG00000028049.16",1618.86862585923,-0.255291455480638,0.0425849978949131,-5.99486833627702,1,1,"Scamp3"
"ENSMUSG00000028051.11",194.679745284649,-0.674882474054155,0.131558925285355,-5.12988740665306,0.993268279513169,1,"Hcn3"
"ENSMUSG00000028053.14",5183.985539844,-0.196728676719331,0.0842729067528348,-2.33442377033842,1,1,"Ash1l"
"ENSMUSG00000028057.15",1223.46990165202,0.15034446065375,0.064970752698089,2.31403292112657,1,1,"Rit1"
"ENSMUSG00000028059.17",6591.02479313341,0.200478752047437,0.0696077168678962,2.88012250750749,1,1,"Arhgef2"
"ENSMUSG00000028060.15",2474.27874637355,-0.224477086230945,0.0491964927294509,-4.56286767159246,1,1,"Khdc4"
"ENSMUSG00000028062.16",1196.42480375774,-0.0981953372624174,0.0657938198608413,-1.49247053097248,1,1,"Lamtor2"
"ENSMUSG00000028063.16",2509.20463179447,0.556730101272857,0.0824215717047266,6.75466494702782,0.999999962358052,1,"Lmna"
"ENSMUSG00000028064.18",86.6969546178754,-0.288839909916013,0.20263747059427,-1.42540226676211,0.99977554126252,1,"Sema4a"
"ENSMUSG00000028066.16",1193.83731166597,-0.094154556522672,0.0816024784445942,-1.15381981426704,1,1,"Pmf1"
"ENSMUSG00000028068.15",1760.15552731264,-0.43377241700291,0.12179489483089,-3.56149917125176,0.999998332465824,1,"Iqgap3"
"ENSMUSG00000028069.17",1007.13374828447,-0.439243389554545,0.0707204373971644,-6.21098236550439,0.999999999999999,1,"Gpatch4"
"ENSMUSG00000028070.8",2052.42723897782,-0.104870095507708,0.0656407005804889,-1.59763827290532,1,1,"Naxe"
"ENSMUSG00000028076.13",367.670652588568,0.0525965549036732,0.133549466327306,0.393835755021051,0.99999999999935,1,"Cd1d1"
"ENSMUSG00000028078.15",4125.54546289144,-0.529045988310404,0.0933705287193353,-5.66609181255336,0.9999997719618,1,"Dclk2"
"ENSMUSG00000028080.17",2235.0007210341,-0.508936464379562,0.0529415485354922,-9.61317676679535,1,1,"Lrba"
"ENSMUSG00000028081.7",39746.7894803558,0.272505463389277,0.0650822355044197,4.1870943933813,1,1,"Rps3a1"
"ENSMUSG00000028085.13",444.540024827214,-0.144642953916526,0.0793168739034318,-1.82360885897531,1,1,"Gatb"
"ENSMUSG00000028088.15",54.2461406687951,0.442190599902856,0.141068724008272,3.1345757396723,0.999961599244524,1,"Fmo5"
"ENSMUSG00000028089.6",528.823056248394,-0.145053207338871,0.0628801822776077,-2.30681912941156,1,1,"Chd1l"
"ENSMUSG00000028093.16",857.954274243597,0.49153109035995,0.0898788211031636,5.46881995476739,0.99999999231009,1,"Acp6"
"ENSMUSG00000028096.14",1195.9451233908,-0.168240690915204,0.0594868697139441,-2.82819875586372,1,1,"Gpr89"
"ENSMUSG00000028098.14",2091.30726201837,-0.399247125908707,0.0456708128318622,-8.74184410464822,1,1,"Rnf115"
"ENSMUSG00000028099.9",1300.43400915632,-0.143171227860609,0.0369444950176704,-3.87530612590944,1,1,"Polr3c"
"ENSMUSG00000028100.12",146.903969571357,-0.235165076241049,0.0953604422321996,-2.46606528594351,0.999999999999999,1,"Nudt17"
"ENSMUSG00000028101.19",1226.81459085269,-0.431889864177314,0.0596904453751128,-7.2354940805549,1,1,"Pias3"
"ENSMUSG00000028102.16",774.160692394709,-0.124500464492756,0.0534841962101369,-2.32779911291178,1,1,"Pex11b"
"ENSMUSG00000028104.15",594.285550613334,-0.350700926691797,0.0936795210236678,-3.74362425063205,0.999999999997912,1,"Polr3gl"
"ENSMUSG00000028106.14",2871.58433220851,-0.232360528674155,0.0600981530456815,-3.86635057649,1,1,"Rprd2"
"ENSMUSG00000028107.15",1073.37942476796,-0.289832710312549,0.0497729691011417,-5.82309465452204,1,1,"Tars2"
"ENSMUSG00000028108.17",350.845045770347,1.22014422122287,0.182938391941952,6.66970015572254,0.114414843094253,1,"Ecm1"
"ENSMUSG00000028111.5",29.5911703342811,-0.398704833572183,0.166986563994714,-2.38764619161099,0.99984141656719,1,"Ctsk"
"ENSMUSG00000028114.17",1161.4920267836,-0.185216691420415,0.051016057883591,-3.6305567130068,1,1,"Mettl14"
"ENSMUSG00000028121.9",297.855175807087,0.0124155913283253,0.156028477820852,0.079572597911136,0.999999999920334,1,"Bcar3"
"ENSMUSG00000028124.17",2936.11337212168,0.378335725110366,0.0647559162654662,5.84248894818171,1,1,"Gclm"
"ENSMUSG00000028126.17",1818.6603193073,-0.170911376954918,0.0413100789516895,-4.13728032703088,1,1,"Pip5k1a"
"ENSMUSG00000028127.11",4002.68562132028,0.0141480559074737,0.0507382109960498,0.278844201041602,1,1,"Abcd3"
"ENSMUSG00000028128.14",938.220300116592,0.303663144829714,0.149064478380805,2.03712613580525,0.999998504087243,1,"F3"
"ENSMUSG00000028132.16",445.439972722277,0.867820114039764,0.239336694987454,3.62593840482863,0.709620326347983,1,"Tlcd4"
"ENSMUSG00000028133.18",139.539863729484,-0.775006371123903,0.125479852191197,-6.17634112242181,0.963518796609688,1,"Rwdd3"
"ENSMUSG00000028134.12",3113.01145105834,-0.749703678349146,0.070513808464959,-10.6320122919145,0.999807096820115,1,"Ptbp2"
"ENSMUSG00000028136.16",5360.79579862543,-0.429062385916037,0.0799393826349187,-5.36734675417191,0.99999999999954,1,"Snx27"
"ENSMUSG00000028138.9",4652.53852084353,0.234477578533167,0.0579044405131399,4.04938855216049,1,1,"Adh5"
"ENSMUSG00000028140.14",1856.78134559131,-0.0912238330856382,0.0439516227426428,-2.07555096702108,1,1,"Mrpl9"
"ENSMUSG00000028145.10",535.011163071181,-0.30384397270604,0.0836805962730928,-3.63099674522444,1,1,"Them4"
"ENSMUSG00000028149.13",4557.85799130489,0.0786445765423703,0.0601868159711993,1.30667448133497,1,1,"Rap1gds1"
"ENSMUSG00000028150.15",238.415800670228,0.559284596940348,0.236303022254839,2.36681101918871,0.968912342731635,1,"Rorc"
"ENSMUSG00000028152.11",6099.35873133777,0.86047237933107,0.112070895954394,7.67792897525537,0.89343306744099,1,"Tspan5"
"ENSMUSG00000028156.13",7123.47426924628,0.181050111986561,0.0507851568964336,3.56502023525844,1,1,"Eif4e"
"ENSMUSG00000028158.15",846.230228682136,0.705664040098357,0.089654493554278,7.87092773739376,0.999486461905044,1,"Mttp"
"ENSMUSG00000028161.18",10728.7435006929,0.317599264425087,0.0714334882868309,4.4460836512675,1,1,"Ppp3ca"
"ENSMUSG00000028163.18",1466.56389994421,0.354974217991428,0.0570683769537757,6.22015618700616,1,1,"Nfkb1"
"ENSMUSG00000028164.16",1664.5916040244,0.619120413705608,0.133120029846117,4.65084341117781,0.997889624235178,1,"Manba"
"ENSMUSG00000028165.10",1644.51434832343,-0.320748966906765,0.0497746948507532,-6.44401674120783,1,1,"Cisd2"
"ENSMUSG00000028173.11",4943.51134519339,0.565808508952374,0.0751919800481099,7.52485183380401,0.999999996139502,1,"Wls"
"ENSMUSG00000028175.16",1326.43729116644,0.096938370888195,0.133157701831176,0.727996725349752,0.99999999999407,1,"Depdc1a"
"ENSMUSG00000028176.14",293.522542683612,0.328285976010244,0.218937475453827,1.4994508150318,0.998922745622214,1,"Lrrc7"
"ENSMUSG00000028180.19",5545.44296974284,0.06014404118441,0.0584390191054485,1.02917608996628,1,1,"Zranb2"
"ENSMUSG00000028182.15",67.0147027838154,0.584219081348491,0.0722427599567061,8.08688762304491,0.999999995676363,1,"Lrriq3"
"ENSMUSG00000028184.14",3093.92298432942,0.181163630312099,0.0877736229801098,2.06398715424054,1,1,"Adgrl2"
"ENSMUSG00000028187.11",1090.42327911294,0.176665106757792,0.0574050166038288,3.07752034943246,1,1,"Rpf1"
"ENSMUSG00000028188.14",117.7178441179,0.227361048787261,0.140800317101077,1.61477653934574,0.999999979614614,1,"Spata1"
"ENSMUSG00000028189.13",378.594119927642,0.420859375502629,0.0667994680596658,6.30034022316935,1,1,"Ctbs"
"ENSMUSG00000028191.12",1451.22460328259,0.107740875136198,0.0447343198717737,2.40846123166791,1,1,"Bcl10"
"ENSMUSG00000028194.16",9443.71109884651,0.00777505943192713,0.0688287342670827,0.112962406104358,1,1,"Ddah1"
"ENSMUSG00000028195.5",981.201872629182,0.652065572741831,0.166105019107958,3.92562233365164,0.981899624060373,1,"Ccn1"
"ENSMUSG00000028197.5",16.7812328973979,-0.40898391712025,0.299311126581548,-1.36641735237604,0.975843778958537,1,"Col24a1"
"ENSMUSG00000028199.19",1923.06759376973,0.474229389000402,0.0659957807449826,7.1857531443244,0.999999999999999,1,"Cryz"
"ENSMUSG00000028207.19",7400.89490140966,0.684779664515355,0.0578066059431283,11.8460451594245,0.999999975238666,1,"Asph"
"ENSMUSG00000028211.12",7892.69087355297,-0.683698610281116,0.0904665810137975,-7.55747152837402,0.999764151125595,1,"Trp53inp1"
"ENSMUSG00000028212.17",1239.85172048058,-0.475614865701225,0.18799398270655,-2.52994728264062,0.99735948089397,1,"Ccne2"
"ENSMUSG00000028218.20",1844.23927917178,-0.0494724045020182,0.0566145569002092,-0.873846007294907,1,1,"Cibar1"
"ENSMUSG00000028221.4",2657.75495745422,0.122470328528314,0.0396429496626106,3.08933441054772,1,1,"Pip4p2"
"ENSMUSG00000028223.9",1508.28489554382,0.0522892877075982,0.0524974443889149,0.996034917818579,1,1,"Decr1"
"ENSMUSG00000028224.15",1208.36886730657,-0.0458691633272082,0.0496119318236104,-0.924559105867733,1,1,"Nbn"
"ENSMUSG00000028226.16",171.23749108903,-1.41439637909715,0.510761290472327,-2.76919258659791,0.208588995372275,1,"Mmp16"
"ENSMUSG00000028228.6",4185.49765265351,0.00788294606137547,0.0635683065008927,0.124007488877571,1,1,"Cpne3"
"ENSMUSG00000028229.12",259.564199484488,0.0689403278602427,0.0632863400611787,1.08933978159581,1,1,"Rmdn1"
"ENSMUSG00000028232.14",1092.08493252011,0.0531980372317235,0.0531092931534158,1.00167097080451,1,1,"Tmem68"
"ENSMUSG00000028233.7",2099.82295407805,-0.280524009914078,0.0521946755475976,-5.37457139010782,1,1,"Tgs1"
"ENSMUSG00000028234.7",12758.1669269964,0.638981700945626,0.116294537180451,5.49451174954276,0.999046494075555,1,"Rps20"
"ENSMUSG00000028238.7",298.672203976569,0.583120253425909,0.408619670444895,1.42704890538192,0.84624011156717,1,"Atp6v0d2"
"ENSMUSG00000028243.6",884.688245599029,-0.411644769969202,0.096914888966715,-4.24748740217387,0.999999999363804,1,"Ubxn2b"
"ENSMUSG00000028245.16",1490.32178335378,-0.0922586555648907,0.0583962624848286,-1.57987260895095,1,1,"Nsmaf"
"ENSMUSG00000028246.14",1140.39458772308,-0.561566286351562,0.101441043696756,-5.5358882941927,0.999992270848481,1,"Faxc"
"ENSMUSG00000028247.3",619.257050305947,0.207925792591322,0.0618128296259676,3.3637967044947,1,1,"Coq3"
"ENSMUSG00000028248.16",3744.8155176378,0.207406849736303,0.0629178650235251,3.29646992406295,1,1,"Pnisr"
"ENSMUSG00000028249.16",6309.52433225419,0.137401459834036,0.0462163883416015,2.97300297068765,1,1,"Sdcbp"
"ENSMUSG00000028252.21",1457.67962059291,-0.166698570645571,0.0571216230345135,-2.91830942101995,1,1,"Ccnc"
"ENSMUSG00000028256.17",787.952682036255,0.188270207797248,0.075364312411322,2.49813475069885,1,1,"Odf2l"
"ENSMUSG00000028261.14",1263.69165359064,-0.241192462344195,0.0580516976249454,-4.15478740867265,1,1,"Ndufaf4"
"ENSMUSG00000028266.18",3756.1116919382,-0.745042243160168,0.0569691222101211,-13.0780011040403,0.999996185999991,1,"Lmo4"
"ENSMUSG00000028271.10",1055.74418624291,-0.12529280152579,0.0383883557030221,-3.26382308466331,1,1,"Gtf2b"
"ENSMUSG00000028273.17",9000.35321642741,0.256651729160987,0.0814446815099363,3.15123988949083,1,1,"Pdlim5"
"ENSMUSG00000028274.18",1467.38308665334,-0.111910799900531,0.0559256059614682,-2.00106548648996,1,1,"Rngtt"
"ENSMUSG00000028277.14",4141.70503003084,0.24455671478216,0.0524326725554513,4.66420464307867,1,1,"Ube2j1"
"ENSMUSG00000028278.15",3844.9170566742,0.232633036312465,0.0939242584988887,2.4768152555095,1,1,"Rragd"
"ENSMUSG00000028282.13",1642.66731478258,-0.307590922499708,0.132660194901543,-2.31863764958279,0.99999991025712,1,"Casp8ap2"
"ENSMUSG00000028284.14",4829.03899598789,-0.264625068745246,0.0935916978733036,-2.82744169363689,0.999999999999998,1,"Map3k7"
"ENSMUSG00000028291.8",2511.94861162775,-0.0119942473476568,0.0484347094265886,-0.247637437896397,1,1,"Akirin2"
"ENSMUSG00000028292.15",1053.77110157845,-0.12291891622024,0.0599202494180045,-2.05137524316288,1,1,"Rars2"
"ENSMUSG00000028293.15",1171.80848334768,-0.0260082781140677,0.0355394179526172,-0.731814970879466,1,1,"Slc35a1"
"ENSMUSG00000028295.15",644.43161578865,-0.0895676040591,0.0871734219387149,-1.02746458802625,1,1,"Smim8"
"ENSMUSG00000028300.15",1084.65906293914,-0.0238299040453442,0.0672786218066319,-0.354197268098545,1,1,"C9orf72"
"ENSMUSG00000028309.15",2919.6705810698,-0.205023297557084,0.0417318801809427,-4.91286988911441,1,1,"Rnf20"
"ENSMUSG00000028312.20",6348.56605169738,-0.296329011819603,0.125532621524934,-2.36057375541023,0.999999989616256,1,"Smc2"
"ENSMUSG00000028318.15",581.402525738434,-0.420133505483212,0.0759123487200442,-5.53445536288984,0.999999999999989,1,"Polr1e"
"ENSMUSG00000028322.12",579.254052270667,0.0492795978870729,0.0740605776704641,0.665395807555603,1,1,"Exosc3"
"ENSMUSG00000028327.15",13.0531186656669,-0.357144863029631,0.367239507750832,-0.972512094945816,0.960094235257879,1,"Stra6l"
"ENSMUSG00000028328.14",763.039630367288,0.311961200583143,0.158696183625391,1.96577632465025,0.999992730935557,1,"Tmod1"
"ENSMUSG00000028329.14",364.507199088705,0.377940964854917,0.131903325347818,2.86528761771788,0.999998797500072,1,"Xpa"
"ENSMUSG00000028330.9",3355.26366898094,-0.300480518266278,0.0509699776119558,-5.89524524719029,1,1,"Ncbp1"
"ENSMUSG00000028331.13",165.429430764757,-0.042917580844178,0.0575643989451435,-0.745557699387719,1,1,"Trmo"
"ENSMUSG00000028333.11",10866.344346518,0.40642837167475,0.0598478494783399,6.79102716667947,1,1,"Anp32b"
"ENSMUSG00000028334.11",1743.10626754959,0.123984343962235,0.0519462955179308,2.38677932133655,1,1,"Nans"
"ENSMUSG00000028339.18",104.06613444236,-0.316490623269424,0.331406091765909,-0.954993378615925,0.980453240252491,1,"Col15a1"
"ENSMUSG00000028341.10",168.24526508454,-0.468342830077177,0.171895166626279,-2.72458405474198,0.999008996117509,1,"Nr4a3"
"ENSMUSG00000028343.11",3058.75197377568,0.269350055671013,0.0737109821054766,3.65413738872163,1,1,"Erp44"
"ENSMUSG00000028344.13",676.175866855578,0.319865228348974,0.0568163882289336,5.62980573598101,1,1,"Invs"
"ENSMUSG00000028345.16",1311.20476149671,0.132215698629608,0.0463293036403609,2.85382443163736,1,1,"Tex10"
"ENSMUSG00000028347.15",1809.68738100102,-0.627090074483717,0.114406270022401,-5.48125617906196,0.999442002323451,1,"Tmeff1"
"ENSMUSG00000028348.8",21.9318013727846,-0.343065026595299,0.142957385923938,-2.39977126314992,0.999997839574556,1,"Cavin4"
"ENSMUSG00000028354.14",1719.25707969291,-0.699187301241591,0.108815126293761,-6.42546054997942,0.997148955191848,1,"Fmn2"
"ENSMUSG00000028364.16",79591.2839357231,0.635782444287988,0.116857119553297,5.44068214857903,0.999085800185028,1,"Tnc"
"ENSMUSG00000028367.6",17470.0432484293,1.07375929034234,0.159042984816832,6.75137788428067,0.321406437907477,1,"Txn1"
"ENSMUSG00000028373.17",713.397821109194,-1.10575413167588,0.225598314370479,-4.90142904995291,0.31961637349903,1,"Astn2"
"ENSMUSG00000028378.7",217.956651647448,0.857292625828021,0.152684371766928,5.61480271953879,0.825017212247111,1,"Ptgr1"
"ENSMUSG00000028381.9",2723.76088594283,0.24715784082726,0.0756068651407728,3.26898675625653,1,1,"Ugcg"
"ENSMUSG00000028382.16",4307.90682245019,-0.0105364631365145,0.0791310850712716,-0.133152011336942,1,1,"Ptbp3"
"ENSMUSG00000028383.18",1754.64853315181,-0.178478889224738,0.103600820321904,-1.72275555994805,0.999999999999999,1,"Hsdl2"
"ENSMUSG00000028385.15",853.500275190278,-0.0960372834680723,0.0804344708831942,-1.19398166499456,1,1,"Snx30"
"ENSMUSG00000028389.13",699.891486939007,-0.263196355272701,0.0762386220590061,-3.45227062300518,1,1,"Zfp37"
"ENSMUSG00000028391.17",27.0741725236748,-0.0762348948614275,0.33486154076085,-0.227660945142317,0.997752515893458,1,"Wdr31"
"ENSMUSG00000028393.11",939.550703654156,0.387124378134854,0.081271444883325,4.76335050632627,0.999999999999977,1,"Alad"
"ENSMUSG00000028394.10",1721.16211696601,0.246541096480723,0.0490111974173668,5.03030143053315,1,1,"Pole3"
"ENSMUSG00000028397.14",1555.4304944527,0.00404981472400988,0.0661715822452326,0.0612017211406737,1,1,"Kdm4c"
"ENSMUSG00000028398.9",885.997324410261,-0.314931392096511,0.0746320673800855,-4.21978652276414,1,1,"Dmac1"
"ENSMUSG00000028402.20",2452.30132481455,-0.209793647477023,0.0750175055221917,-2.79659588807524,1,1,"Mpdz"
"ENSMUSG00000028403.16",3485.1274014553,0.029867744162017,0.0903873874810579,0.33044150289526,1,1,"Zdhhc21"
"ENSMUSG00000028405.10",3113.60338386062,-0.216599476341528,0.0639567100790606,-3.38665756999972,1,1,"Aco1"
"ENSMUSG00000028407.5",82.5235457447201,0.151769052593466,0.120890605563945,1.25542470306503,0.999999999998863,1,"Smim27"
"ENSMUSG00000028409.12",3312.32301637527,0.0475087581750341,0.0499711189775614,0.950724321309815,1,1,"Smu1"
"ENSMUSG00000028410.14",8847.99367805294,-0.252817326076583,0.0582477589980349,-4.34037859010356,1,1,"Dnaja1"
"ENSMUSG00000028411.16",748.817749457006,0.0363251312357136,0.0467103140456025,0.777668315401391,1,1,"Aptx"
"ENSMUSG00000028412.18",3193.62707899037,0.0752182773461282,0.0626740601286662,1.20015006514193,1,1,"Slc44a1"
"ENSMUSG00000028413.14",1362.25625899525,0.873317912655021,0.109806837947705,7.95321975368179,0.875684558042557,1,"B4galt1"
"ENSMUSG00000028414.18",2358.04222785542,-0.091906069369807,0.0699493749462976,-1.31389407611385,1,1,"Fktn"
"ENSMUSG00000028416.14",2576.45738904117,0.0619832356225949,0.0380397615750244,1.62943281072747,1,1,"Bag1"
"ENSMUSG00000028417.4",10.4347810003303,-1.06852924891714,0.181422873876025,-5.88971625290931,0.352814797712899,1,"Tal2"
"ENSMUSG00000028419.6",3076.32978104841,0.030357121448718,0.0449882711505013,0.674778573890137,1,1,"Chmp5"
"ENSMUSG00000028420.14",275.959948879608,-0.318098293007922,0.0772108361697705,-4.11986592540573,1,1,"Tmem38b"
"ENSMUSG00000028423.16",3025.27224837668,0.133501558674936,0.0360334050462205,3.70493875068681,1,1,"Nfx1"
"ENSMUSG00000028426.11",9745.79800343937,-0.0357967324863702,0.0476702643983907,-0.75092372442513,1,1,"Rad23b"
"ENSMUSG00000028430.15",2158.1778150451,0.0546821357478636,0.0552854075726219,0.989088045991777,1,1,"Nol6"
"ENSMUSG00000028431.12",2401.46588177421,-0.0923023352520072,0.0393579813443084,-2.34519993402444,1,1,"Elp1"
"ENSMUSG00000028433.15",4471.78625740896,-0.0745977020727655,0.0806515596836765,-0.924938121040003,1,1,"Ubap2"
"ENSMUSG00000028434.13",798.483702512816,-0.763866010465281,0.125684755228117,-6.07763454747449,0.969862722403422,1,"Epb41l4b"
"ENSMUSG00000028436.9",3040.30717938981,0.0565648678906925,0.036101023734132,1.56684941422348,1,1,"Dcaf12"
"ENSMUSG00000028437.15",1500.97923423342,-0.182625064767139,0.0448730262853261,-4.06981832707056,1,1,"Ubap1"
"ENSMUSG00000028438.17",219.157569428857,-0.250708798949082,0.147717548258899,-1.6972174389848,0.999999803646076,1,"Kif24"
"ENSMUSG00000028439.15",1254.04091402988,-0.38230147386661,0.112375482749635,-3.40200072571304,0.9999999806559,1,"Fam219a"
"ENSMUSG00000028443.7",619.322924530542,-0.180293833196234,0.0666176144735591,-2.70639881990661,1,1,"Nudt2"
"ENSMUSG00000028444.18",1229.11102510071,-0.764055949734326,0.131836510438995,-5.7954806842971,0.963246634644303,1,"Cntfr"
"ENSMUSG00000028445.8",428.863532597929,-0.693850892121702,0.091369171748014,-7.59392778600714,0.999596937011922,1,"Enho"
"ENSMUSG00000028447.12",1263.96615674714,0.136883663686409,0.0588581274633331,2.32565440977855,1,1,"Dctn3"
"ENSMUSG00000028452.8",22143.162448129,-0.0238854156309602,0.0499694027421503,-0.478000822907821,1,1,"Vcp"
"ENSMUSG00000028453.11",404.547821105392,-0.0909146412299433,0.0686473702218263,-1.32437179947554,1,1,"Fancg"
"ENSMUSG00000028454.17",507.802230202405,-0.328962848814439,0.0617550779747372,-5.32689552993539,1,1,"Pigo"
"ENSMUSG00000028455.16",1864.73938863939,0.14099538421729,0.0432384523351352,3.26087953205296,1,1,"Stoml2"
"ENSMUSG00000028456.19",936.649275594148,-1.0813742763341,0.115953036385746,-9.32596773694342,0.24140615747029,1,"Unc13b"
"ENSMUSG00000028458.13",1392.95059470135,-0.0623518878460727,0.0514862745378016,-1.21103902750418,1,1,"Tesk1"
"ENSMUSG00000028459.12",109.540613465895,-0.438699668755463,0.287276303325389,-1.52710009032162,0.974641933067511,1,"Cd72"
"ENSMUSG00000028461.13",674.366391715033,0.510296560262397,0.0922549247904777,5.53137473605169,0.999999944629771,1,"Ccdc107"
"ENSMUSG00000028464.17",35.5543418251955,-0.28381376165876,0.237740561205324,-1.19379612893925,0.998704376812512,1,"Tpm2"
"ENSMUSG00000028465.17",8246.82801725635,0.454393703694745,0.0962231200045703,4.7222923521204,0.999999992869303,1,"Tln1"
"ENSMUSG00000028466.17",1058.16594371017,0.201704212706839,0.0678399873153486,2.97323482342698,1,1,"Creb3"
"ENSMUSG00000028467.16",853.318921529113,0.0593906121664719,0.0653225709179171,0.909189753739191,1,1,"Gba2"
"ENSMUSG00000028468.16",1815.52891598444,0.256716201874968,0.0584887292791905,4.38915676641831,1,1,"Rgp1"
"ENSMUSG00000028469.16",1648.61623006691,1.03850015284755,0.0963649873558746,10.7767372916512,0.344753466012644,1,"Npr2"
"ENSMUSG00000028470.11",334.776109077985,0.371351364948163,0.0879564000396581,4.22199367846713,0.999999999999557,1,"Hint2"
"ENSMUSG00000028476.14",416.962452063405,0.906261945636052,0.0766182417973739,11.8282790674415,0.889418796483886,1,"Reck"
"ENSMUSG00000028478.19",5327.77794722705,0.350824162758952,0.033185990675104,10.5714536653004,1,1,"Clta"
"ENSMUSG00000028479.19",862.329135279673,-0.0149823664184872,0.075127609512276,-0.199425570915297,1,1,"Gne"
"ENSMUSG00000028483.14",714.568598075316,0.0944269390922518,0.0539720376580128,1.74955297575712,1,1,"Snapc3"
"ENSMUSG00000028484.17",10084.2792850852,-0.504684718738597,0.0619145382664816,-8.15131199987993,0.999999999999999,1,"Psip1"
"ENSMUSG00000028488.16",265.649707495541,-1.03888323919981,0.253456037889078,-4.09886956275417,0.439036626555725,1,"Sh3gl2"
"ENSMUSG00000028494.13",2406.25287760352,0.606679516481517,0.130674163378305,4.64268911923443,0.998693473606209,1,"Plin2"
"ENSMUSG00000028495.15",27465.0011574113,0.558356501844315,0.085603197859773,6.52261265705239,0.99999987599234,1,"Rps6"
"ENSMUSG00000028496.18",1459.7901589343,-0.019638386217669,0.0658583863305455,-0.298191123589079,1,1,"Mllt3"
"ENSMUSG00000028497.13",99.1940057966028,0.439603532876966,0.254091836459603,1.73009703500198,0.986290068837457,1,"Hacd4"
"ENSMUSG00000028514.17",7099.40958171864,-0.178287019223369,0.0717180897660568,-2.48594210756224,1,1,"Usp24"
"ENSMUSG00000028517.9",4020.60026269212,-0.0462955916499367,0.107362359594341,-0.431208775821066,1,1,"Plpp3"
"ENSMUSG00000028518.9",1344.63525133193,0.259811609377341,0.0842022134817694,3.08556745285079,1,1,"Prkaa2"
"ENSMUSG00000028519.17",1701.62156596013,-0.747769365731033,0.178010042706495,-4.20071448982214,0.921750655360657,1,"Dab1"
"ENSMUSG00000028521.18",666.886965036394,0.00846634297056961,0.0699136991633511,0.121097053537223,1,1,"Slc35d1"
"ENSMUSG00000028522.17",2120.80345906466,0.0536423621632676,0.0738557780483717,0.726312328984397,1,1,"Mier1"
"ENSMUSG00000028524.22",1456.73241396806,-0.666760108684366,0.127823669771495,-5.21624914913103,0.995433405964425,1,"Sgip1"
"ENSMUSG00000028527.19",3728.80681982035,0.419116024216508,0.0957677533680873,4.37637941244814,0.999999999342481,1,"Ak4"
"ENSMUSG00000028530.15",4519.35427151079,0.0197295513188648,0.0807624511662088,0.244291140672061,1,1,"Jak1"
"ENSMUSG00000028532.15",1212.37178030184,0.472848817477391,0.0910609390072647,5.19266353534602,0.999999996459528,1,"Cachd1"
"ENSMUSG00000028538.13",1411.43062983071,0.568081045116766,0.0679041168411058,8.36592936546195,0.999999999899594,1,"St3gal3"
"ENSMUSG00000028540.7",386.280399286879,-0.222535654673602,0.0579153443224363,-3.84242996872579,1,1,"Dph2"
"ENSMUSG00000028541.15",1362.45419329679,-0.0411991204558353,0.0433237608232065,-0.950959004320024,1,1,"B4galt2"
"ENSMUSG00000028542.18",1230.7752162373,0.897939153730891,0.162969792908558,5.50985024712355,0.734426550997195,1,"Slc6a9"
"ENSMUSG00000028545.14",284.426336835792,-0.70884010817872,0.11089190472477,-6.39217181757348,0.995675421489877,1,"Bend5"
"ENSMUSG00000028549.18",509.558854904243,-0.0570336928441197,0.067819197459072,-0.840966790834391,1,1,"Itgb3bp"
"ENSMUSG00000028550.16",602.108452801313,-0.00400978275274364,0.0546120055295261,-0.073423100174846,1,1,"Atg4c"
"ENSMUSG00000028551.15",2375.69047932048,-0.0500483335386852,0.0741094214819138,-0.675330241930162,1,1,"Cdkn2c"
"ENSMUSG00000028552.14",4545.44034659706,0.0143186134478553,0.0836767261175848,0.17111823218005,1,1,"Eps15"
"ENSMUSG00000028555.16",203.725477194807,0.493537433732121,0.116672748957532,4.2301003288417,0.999992904384619,1,"Ttc39a"
"ENSMUSG00000028556.16",6144.58348233235,0.255745291133,0.0541095924647979,4.72643166365335,1,1,"Dock7"
"ENSMUSG00000028557.11",4101.9916866258,0.0519255055471392,0.0484107208741688,1.07260343596424,1,1,"Rnf11"
"ENSMUSG00000028558.15",11.5691196537571,-0.476170797147166,0.248189526283763,-1.91857732385832,0.982596714881106,1,"Calr4"
"ENSMUSG00000028559.18",1839.95760550988,0.390641731440767,0.0971209069164966,4.0222207951233,0.999999999824308,1,"Osbpl9"
"ENSMUSG00000028560.12",3782.16864102896,-0.24689370478391,0.106588309758972,-2.31633004916027,0.9999999999992,1,"Usp1"
"ENSMUSG00000028563.17",888.104447910102,0.214233873123621,0.0443973434453797,4.82537594590957,1,1,"Tm2d1"
"ENSMUSG00000028565.19",11747.5827471405,0.0626210683587639,0.0829184674130531,0.755212563768467,1,1,"Nfia"
"ENSMUSG00000028567.9",3083.32789536335,0.283453265515658,0.0486175099262351,5.83027115016232,1,1,"Txndc12"
"ENSMUSG00000028568.17",3321.106158892,-0.00187369795584216,0.0385800760164727,-0.0485664661480227,1,1,"Btf3l4"
"ENSMUSG00000028573.19",25.2282228150296,0.454767703225455,0.306026829191498,1.48603867323306,0.962597728289695,1,"Fggy"
"ENSMUSG00000028576.13",755.446341105663,-0.0483739251383031,0.0671741010206795,-0.720127614709889,1,1,"Ift74"
"ENSMUSG00000028577.14",3946.96279549922,-0.0405863263170116,0.0522404583168291,-0.776913672366019,1,1,"Plaa"
"ENSMUSG00000028578.9",477.418539325934,-0.0449062506749498,0.0511445862977956,-0.878025494496674,1,1,"Caap1"
"ENSMUSG00000028580.16",4074.35508860956,0.00802912608865736,0.0354225491762588,0.226667088489462,1,1,"Pum1"
"ENSMUSG00000028581.18",754.08778745379,-0.218506636028766,0.309896261854923,-0.705096068990529,0.994204158411554,1,"Laptm5"
"ENSMUSG00000028582.15",1241.60074732393,0.156488903213222,0.0513429975091658,3.04791131809718,1,1,"Cc2d1b"
"ENSMUSG00000028583.15",2053.00337838146,0.479141399059698,0.141643670167323,3.3827236931498,0.999882117115425,1,"Pdpn"
"ENSMUSG00000028587.19",313.598405835141,0.0808054321987096,0.268031908186974,0.301476912750034,0.999725173932865,1,"Orc1"
"ENSMUSG00000028599.11",143.226858835888,0.804324864055605,0.353274517255016,2.2767701172032,0.71017301493814,1,"Tnfrsf1b"
"ENSMUSG00000028600.17",73.7398510700958,-0.8051782956852,0.142082269816691,-5.66698643485926,0.914842041366259,1,"Podn"
"ENSMUSG00000028603.16",2264.39915682824,-0.0361899208292332,0.0490498431490836,-0.737819297795439,1,1,"Scp2"
"ENSMUSG00000028607.17",611.642069017743,0.381939754935109,0.0600168989919121,6.36387019906809,1,1,"Cpt2"
"ENSMUSG00000028608.16",1629.7913371522,0.35805982002912,0.0986277585233094,3.6304162782377,0.999999999962102,1,"Czib"
"ENSMUSG00000028609.7",1300.50260350736,-0.14022639180784,0.0680090080634626,-2.0618796803651,1,1,"Magoh"
"ENSMUSG00000028610.17",109.86058678181,-1.1557287292211,0.247770616329453,-4.6645108542022,0.264831751910462,1,"Dmrtb1"
"ENSMUSG00000028613.16",2831.48263885444,-0.19178269931525,0.109503724228384,-1.75138060980704,0.999999999999921,1,"Lrp8"
"ENSMUSG00000028614.15",2701.1303868679,0.0750412097574492,0.0966251296932804,0.776622085741612,1,1,"Ndc1"
"ENSMUSG00000028617.11",1410.83583925777,-0.0786147438579399,0.078905096597195,-0.996320228327742,1,1,"Lrrc42"
"ENSMUSG00000028618.12",7065.13852160856,0.271152110506673,0.063855416459255,4.24634471971051,1,1,"Tmem59"
"ENSMUSG00000028619.16",611.947168660688,0.0657890514689306,0.0860813427206771,0.764266092856005,1,1,"Tceanc2"
"ENSMUSG00000028621.18",162.37480280186,0.111285434178327,0.10774540848402,1.03285546682791,1,1,"Cyb5rl"
"ENSMUSG00000028622.12",1370.93830889538,0.0168850366363565,0.0380339728348118,0.443946171747325,1,1,"Mrpl37"
"ENSMUSG00000028626.6",155.429876221122,-1.32324976339272,0.255191378183919,-5.18532315946444,0.10263209974209,1,"Col9a2"
"ENSMUSG00000028629.10",323.19192022953,-0.442368193128274,0.06659315280895,-6.6428480176842,1,1,"Exo5"
"ENSMUSG00000028630.10",1815.88228987054,0.144058233749921,0.0799474821659415,1.80191082754688,1,1,"Dyrk2"
"ENSMUSG00000028631.8",166.149216010013,0.239427564313995,0.123564332759051,1.93767537094119,0.999999999625263,1,"Kcnq4"
"ENSMUSG00000028633.8",2295.15701974282,-0.075599533857869,0.0716829133737079,-1.0546381320154,1,1,"Ctps1"
"ENSMUSG00000028634.18",411.473232723328,0.292878514187832,0.110884934863784,2.6412831873655,0.999999999909749,1,"Hivep3"
"ENSMUSG00000028636.15",170.171807653455,0.152604058833506,0.0613492458127063,2.48746430069234,1,1,"Ppcs"
"ENSMUSG00000028637.17",56.5171061361291,0.517780384636439,0.124228504130375,4.16796763561638,0.999948138747503,1,"Ccdc30"
"ENSMUSG00000028639.15",31489.8144505997,0.0353089981733504,0.0597573563973594,0.59087282808432,1,1,"Ybx1"
"ENSMUSG00000028641.17",1924.07161293184,0.900697245148638,0.0917305942320948,9.81894048205677,0.860495410665367,1,"P3h1"
"ENSMUSG00000028643.12",424.307836172719,-0.060411991882588,0.0668715870165526,-0.90340299337646,1,1,"Svbp"
"ENSMUSG00000028645.12",3190.39695031742,0.375008423119331,0.167459925760437,2.23939203016133,0.999905087345326,1,"Slc2a1"
"ENSMUSG00000028646.17",2874.23099475026,0.248256547849815,0.0537207715151539,4.6212394358444,1,1,"Rragc"
"ENSMUSG00000028647.14",258.164011612457,-0.163390314664732,0.0909123932720547,-1.79722817521465,1,1,"Mycbp"
"ENSMUSG00000028648.14",1809.97700106966,0.113690654992931,0.0622935245872796,1.82507982565088,1,1,"Ndufs5"
"ENSMUSG00000028649.23",13681.7998306871,0.0190488055016654,0.0597680651500049,0.318712099075937,1,1,"Macf1"
"ENSMUSG00000028651.13",821.8546740108,0.064174356084333,0.0531972486875428,1.20634727674104,1,1,"Ppie"
"ENSMUSG00000028653.17",461.479273240752,0.00588322530508915,0.0637791601857545,0.0922436935192384,1,1,"Trit1"
"ENSMUSG00000028655.12",61.9789559396629,-0.376672122904286,0.223553155008403,-1.68493315556261,0.997350530740446,1,"Mfsd2a"
"ENSMUSG00000028656.15",8348.06224514781,0.0186553020333925,0.0352065033564366,0.529882273298289,1,1,"Cap1"
"ENSMUSG00000028657.15",2719.675378994,-0.0245932705543939,0.0430349637218531,-0.571471855148921,1,1,"Ppt1"
"ENSMUSG00000028668.6",2992.53412946596,0.135256510738784,0.0390900685736963,3.46012467294054,1,1,"Eloa"
"ENSMUSG00000028669.16",1239.22577620235,0.343121453077487,0.0745768145958327,4.6009132320417,1,1,"Pithd1"
"ENSMUSG00000028670.15",2260.74964189868,0.516170962617212,0.0827199833434889,6.23997904440876,0.999999997527288,1,"Lypla2"
"ENSMUSG00000028671.17",540.261104740964,0.310186834406967,0.0904198682303185,3.43051632874377,0.999999999999988,1,"Gale"
"ENSMUSG00000028672.14",999.685319129834,0.286272133462501,0.0493489221216236,5.80098047039336,1,1,"Hmgcl"
"ENSMUSG00000028673.11",2344.28466504385,0.234069916918958,0.0781236624903858,2.99614623095485,1,1,"Fuca1"
"ENSMUSG00000028675.13",5026.07664172917,0.143478673114283,0.131074412883576,1.09463525304305,0.999999999968114,1,"Pnrc2"
"ENSMUSG00000028676.18",6283.45753330563,-0.205183456341005,0.0444676102368269,-4.6142226948611,1,1,"Srsf10"
"ENSMUSG00000028677.20",1826.51738954395,-0.101225380330519,0.0383320392917674,-2.64075124101888,1,1,"Rnf220"
"ENSMUSG00000028678.14",1821.61278306015,-0.0201355674959247,0.13116800115804,-0.153509753279415,0.999999999999964,1,"Kif2c"
"ENSMUSG00000028680.15",267.769429188123,0.562320861852725,0.0937719419837714,5.99668568184333,0.999998475455427,1,"Plk3"
"ENSMUSG00000028681.12",17.4520148816709,-0.38889705659141,0.197376680297072,-1.97032930134442,0.999019662715763,1,"Ptch2"
"ENSMUSG00000028683.15",741.686531484977,0.165073166262836,0.0613022568256531,2.69277470048636,1,1,"Eif2b3"
"ENSMUSG00000028684.15",701.397854064725,0.179182363446406,0.0922795648401976,1.94173394463552,1,1,"Urod"
"ENSMUSG00000028687.18",169.822355202655,0.0555779010748619,0.0841632742124717,0.660358114568529,1,1,"Mutyh"
"ENSMUSG00000028688.14",618.358995482417,-0.163150057263848,0.0589014919865456,-2.76987987504825,1,1,"Toe1"
"ENSMUSG00000028689.15",348.578380416833,0.294526240052506,0.0892851439973018,3.29871495823994,0.999999999999999,1,"Ccdc163"
"ENSMUSG00000028690.5",1032.47613196836,-0.125719816862781,0.0348511273442881,-3.60733859828456,1,1,"Mmachc"
"ENSMUSG00000028691.13",11341.7473926935,0.283440665201674,0.0693438701921347,4.08746532918237,1,1,"Prdx1"
"ENSMUSG00000028692.15",10974.1399291258,0.27267422035392,0.0702802034539155,3.87981546656619,1,1,"Akr1a1"
"ENSMUSG00000028693.16",5859.70828725961,-0.438351616730306,0.0966725480617959,-4.53439601540345,0.999999996872665,1,"Nasp"
"ENSMUSG00000028696.13",427.884657765796,-0.223735805944487,0.0641706621247208,-3.48657468282996,1,1,"Ipp"
"ENSMUSG00000028700.15",3063.63974237038,0.228901863718119,0.0390589631350273,5.86041833539724,1,1,"Pomgnt1"
"ENSMUSG00000028701.5",515.416745223897,0.0700165279364274,0.0855445503034588,0.818480285278868,1,1,"Lurap1"
"ENSMUSG00000028702.16",897.616879808121,-0.129605876510981,0.126763489086361,-1.02242276104189,0.999999999996705,1,"Rad54l"
"ENSMUSG00000028703.15",2126.36286954419,0.191823596970934,0.0365146833138332,5.25332769073377,1,1,"Lrrc41"
"ENSMUSG00000028706.15",421.978414580603,-0.1611333732861,0.0482481500823664,-3.33967982214909,1,1,"Nsun4"
"ENSMUSG00000028707.16",60.2080824666175,0.546946732976466,0.221331729469181,2.47116278487593,0.979668122166903,1,"Dmbx1"
"ENSMUSG00000028708.17",845.986030308753,0.122081362859453,0.0667177462771283,1.8298184466897,1,1,"Mknk1"
"ENSMUSG00000028709.4",232.531777176128,0.0332952974611862,0.0599860709376896,0.555050479898435,1,1,"Mob3c"
"ENSMUSG00000028710.19",805.350940942241,0.128590073509785,0.0459064429163223,2.80113346495125,1,1,"Atpaf1"
"ENSMUSG00000028716.16",15.2160778729588,-0.0771357674022739,0.270508663588399,-0.285150820602338,0.999711256980302,1,"Pdzk1ip1"
"ENSMUSG00000028717.13",224.716240389005,-0.522968788084915,0.100577118059626,-5.19967959088744,0.999998946805379,1,"Tal1"
"ENSMUSG00000028718.17",1329.98469269429,-0.102626485153158,0.133314873500775,-0.769805217214279,0.999999999991589,1,"Stil"
"ENSMUSG00000028719.9",3647.58118010164,-0.208340691102496,0.0500539796614541,-4.16232020933464,1,1,"Cmpk1"
"ENSMUSG00000028729.16",2686.97472214487,0.0929243396943787,0.0508999515625104,1.82562727157526,1,1,"Ebna1bp2"
"ENSMUSG00000028737.16",894.207470101578,-0.101697489462119,0.0558836390806106,-1.81980792831733,1,1,"Aldh4a1"
"ENSMUSG00000028741.14",1704.61934985422,0.142483557842683,0.0660542835440874,2.1570676449406,1,1,"Mrto4"
"ENSMUSG00000028743.8",649.931061980699,0.264047313397668,0.0620067046559819,4.25836713727368,1,1,"Akr7a5"
"ENSMUSG00000028744.16",199.397705585174,0.064251756114316,0.0680443206678534,0.944263319608258,1,1,"Slc66a1"
"ENSMUSG00000028745.19",7370.34872016704,0.184157104437983,0.0337966702036746,5.44897184628443,1,1,"Capzb"
"ENSMUSG00000028755.4",122.646922916992,0.376563112959764,0.258241066046848,1.4581844736168,0.992114418541655,1,"Cda"
"ENSMUSG00000028756.13",1659.37857714828,0.205078935086391,0.134082398440598,1.52949930394664,0.999999998472369,1,"Pink1"
"ENSMUSG00000028757.5",7162.54187374377,0.190377583193569,0.049581580343124,3.83968364614604,1,1,"Ddost"
"ENSMUSG00000028758.13",30.2405455409848,-0.837840566498581,0.337226468052156,-2.48450417115242,0.684692776049513,1,"Kif17"
"ENSMUSG00000028759.14",7642.74311541191,-0.0318095838271177,0.0501996561405957,-0.633661388795725,1,1,"Hp1bp3"
"ENSMUSG00000028760.18",8764.76454299156,0.159921829496762,0.0458674047399119,3.48661168870549,1,1,"Eif4g3"
"ENSMUSG00000028763.19",7073.43856490547,1.06647843274934,0.168444721003697,6.33132594713927,0.346546827569777,1,"Hspg2"
"ENSMUSG00000028766.11",1268.82659017318,0.519351470830167,0.147902397607337,3.51144727355254,0.999422504731559,1,"Alpl"
"ENSMUSG00000028771.14",2492.76352966177,0.0834364038623818,0.0616599332248708,1.35317051930779,1,1,"Ptpn12"
"ENSMUSG00000028772.20",1129.64939600186,-0.174447597495632,0.0476910930718668,-3.65786536351248,1,1,"Zcchc17"
"ENSMUSG00000028776.15",63.2408246473633,-0.0562095836957732,0.334351786343032,-0.168115099101353,0.998410911719509,1,"Tinagl1"
"ENSMUSG00000028779.17",871.304650617074,0.161354604709852,0.0566140396463883,2.85008110563518,1,1,"Pef1"
"ENSMUSG00000028782.15",5562.12623931063,-0.0459137215341866,0.0706147896128426,-0.650199792223644,1,1,"Adgrb2"
"ENSMUSG00000028788.15",11524.426036436,0.107171467523605,0.0639380103214622,1.67617770688793,1,1,"Ptp4a2"
"ENSMUSG00000028789.17",308.276390174446,-0.148383584190069,0.107995192402286,-1.37398323841431,0.999999999999998,1,"Azin2"
"ENSMUSG00000028790.14",9929.48320267535,-0.215481582165258,0.0417324056356466,-5.16341147564233,1,1,"Khdrbs1"
"ENSMUSG00000028792.15",3168.19249798795,0.03549268651348,0.0604146022336794,0.587485230411628,1,1,"Ak2"
"ENSMUSG00000028793.16",859.883715433628,-0.334727685399767,0.0956732036873534,-3.4986565987025,0.99999999999822,1,"Rnf19b"
"ENSMUSG00000028794.14",25.4554636838583,-0.143711500484402,0.16652401666988,-0.863007651138381,0.999999864184284,1,"A3galt2"
"ENSMUSG00000028795.16",681.968774857906,-0.0804576976862013,0.0965305449548577,-0.833494700810269,1,1,"Ccdc28b"
"ENSMUSG00000028796.18",4472.45990300281,0.086279156139306,0.0516613528646841,1.67009091622699,1,1,"Phc2"
"ENSMUSG00000028797.21",2460.49768231031,0.143148673178891,0.0383928032488527,3.72852881439879,1,1,"Tmem234"
"ENSMUSG00000028798.17",4010.41296895791,0.189477026051578,0.0452700715037124,4.18548104206197,1,1,"Eif3i"
"ENSMUSG00000028799.16",2052.83053619484,-0.0439731622773851,0.0437122880618893,-1.00596798353649,1,1,"Zfp362"
"ENSMUSG00000028800.16",4373.48610846277,-0.0756037157189286,0.0666005094647357,-1.13518224299711,1,1,"Hdac1"
"ENSMUSG00000028807.3",248.874673851894,-0.353383498997667,0.0657049566735237,-5.37833851338746,1,1,"Zbtb8a"
"ENSMUSG00000028809.17",6459.42742965958,0.12479087872657,0.0609942029370471,2.04594654438502,1,1,"Srrm1"
"ENSMUSG00000028811.13",4334.86215106713,0.173156707033004,0.0659299320760241,2.62637472208125,1,1,"Yars1"
"ENSMUSG00000028820.15",13406.1006247331,-0.426856920068286,0.0677278123254069,-6.30253518329217,1,1,"Sfpq"
"ENSMUSG00000028821.9",1262.16240477998,0.073765364701128,0.0555542024050177,1.32780890567633,1,1,"Syf2"
"ENSMUSG00000028822.12",2105.09578717473,0.182320968178525,0.0698786967499254,2.60910658982374,1,1,"Tmem50a"
"ENSMUSG00000028826.15",1911.87608999762,-0.209805095700237,0.0461054768345347,-4.55054605450009,1,1,"Maco1"
"ENSMUSG00000028830.15",3597.47334758469,0.496603410866546,0.0978799951920147,5.07359455721613,0.999999864805525,1,"AU040320"
"ENSMUSG00000028832.12",6969.85639583256,-0.770133114660792,0.099972010382601,-7.70348732323607,0.989256397527019,1,"Stmn1"
"ENSMUSG00000028833.14",2686.86522980599,-0.0471912911747924,0.0898523982674231,-0.525209032644175,1,1,"Ncdn"
"ENSMUSG00000028837.9",2849.97906481135,-0.0140900340521149,0.0444372672045047,-0.317076970266222,1,1,"Psmb2"
"ENSMUSG00000028838.12",169.30066568213,0.64232603834771,0.197021242812166,3.26018671479036,0.965269392003421,1,"Extl1"
"ENSMUSG00000028840.11",496.251934198136,0.337845030481381,0.0753781973440925,4.48199933648132,1,1,"Zfp593"
"ENSMUSG00000028842.16",2051.76003696463,0.13632448342783,0.0721569674124672,1.88927678526961,1,1,"Ago3"
"ENSMUSG00000028843.9",1839.37975986887,0.077258392356817,0.094685967363042,0.815943423386016,1,1,"Sh3bgrl3"
"ENSMUSG00000028845.16",22.27083162496,-0.541291124321372,0.20095976210816,-2.69352988201707,0.988772754126956,1,"Tekt2"
"ENSMUSG00000028847.9",1660.06094141251,0.14664520009825,0.0447754205538202,3.27512725250636,1,1,"Trappc3"
"ENSMUSG00000028848.14",335.931351441532,-0.118813692158331,0.0536398111094298,-2.21502816100416,1,1,"Gpn2"
"ENSMUSG00000028849.18",4905.53751458494,0.294975659444988,0.0458518922823751,6.43322761094362,1,1,"Map7d1"
"ENSMUSG00000028850.3",126.62135071413,-0.180195984363523,0.104130340968917,-1.73048491618127,0.999999999999998,1,"Gpatch3"
"ENSMUSG00000028851.7",4441.68502108497,-0.0618627787111177,0.0448107101921619,-1.38053555602737,1,1,"Nudc"
"ENSMUSG00000028854.10",1763.65350773767,0.0735805036168098,0.0478367262654317,1.53815926300085,1,1,"Slc9a1"
"ENSMUSG00000028857.17",1323.33978286785,0.147280757422033,0.0393941839659471,3.73864216985291,1,1,"Tmem222"
"ENSMUSG00000028859.15",40.7489606077421,0.310235570483062,0.385675054601674,0.804396257371309,0.963489423235555,1,"Csf3r"
"ENSMUSG00000028861.14",1221.91654771426,0.236796828046474,0.0566624907851421,4.17907551830684,1,1,"Mrps15"
"ENSMUSG00000028863.14",1133.98898740451,-0.373868038359458,0.0518207742672045,-7.21463628527962,1,1,"Meaf6"
"ENSMUSG00000028868.14",6518.5299014995,0.72416771479413,0.0833407828300489,8.68923581232582,0.999533005838395,1,"Wasf2"
"ENSMUSG00000028869.14",2186.18902864036,0.0257576512558812,0.0510076881414367,0.504975861373271,1,1,"Gnl2"
"ENSMUSG00000028871.8",16.5132843385338,0.16234305254187,0.341430727214537,0.475478741665398,0.993255458169151,1,"Rspo1"
"ENSMUSG00000028873.17",2199.18149976834,0.0106050464762662,0.127068434144887,0.0834593307742663,0.999999999999997,1,"Cdca8"
"ENSMUSG00000028878.12",1641.30695668996,0.235203612092625,0.0447588528514462,5.25490706549746,1,1,"Fam76a"
"ENSMUSG00000028879.5",5058.19626349495,-0.0404217018122224,0.0269042025763725,-1.50243077071242,1,1,"Stx12"
"ENSMUSG00000028882.14",1996.21303050497,-0.118136514118244,0.0516230079706436,-2.2884469302026,1,1,"Ppp1r8"
"ENSMUSG00000028884.15",1270.21153803401,-0.0653555513158739,0.0866148751806627,-0.75455343183898,1,1,"Rpa2"
"ENSMUSG00000028885.9",461.114526281696,1.16009949922229,0.192700353054621,6.02022508434878,0.20303737992075,1,"Smpdl3b"
"ENSMUSG00000028886.16",1919.40465887589,0.278135827460099,0.078916275209773,3.52444190657461,1,1,"Eya3"
"ENSMUSG00000028889.18",831.845033172413,0.354872178317538,0.0658290772221364,5.39081198297894,1,1,"Yrdc"
"ENSMUSG00000028890.14",896.547967769832,-0.210114030405308,0.0790362818054111,-2.65845034211772,1,1,"Mtf1"
"ENSMUSG00000028893.9",2941.1562325496,0.0175089241930818,0.0853381413617594,0.205171145207618,1,1,"Sesn2"
"ENSMUSG00000028894.19",1494.01932079854,0.0670406332596645,0.0914341568615144,0.733212133855008,1,1,"Inpp5b"
"ENSMUSG00000028896.14",1233.74533669946,-0.0753442840778751,0.0840626514780135,-0.896287266141984,1,1,"Rcc1"
"ENSMUSG00000028898.16",444.698630197377,-0.159297787897183,0.0490671587541315,-3.24652561798822,1,1,"Trnau1ap"
"ENSMUSG00000028899.12",921.939570596517,-0.0157040801300076,0.055542113133161,-0.282741855578261,1,1,"Taf12"
"ENSMUSG00000028901.14",865.600054509253,0.078583989465803,0.0437318371252524,1.79695148046789,1,1,"Gmeb1"
"ENSMUSG00000028902.5",2269.62306669517,-0.0633247984763104,0.0438891491864745,-1.44283495237646,1,1,"Sf3a3"
"ENSMUSG00000028906.18",3403.84319837577,-0.891680908920605,0.180852898677983,-4.93042088591725,0.725391811344159,1,"Epb41"
"ENSMUSG00000028907.8",1840.03328392098,0.481011484044429,0.0584158657720908,8.23426097836319,1,1,"Utp11"
"ENSMUSG00000028909.18",161.140201693443,-0.167471700695271,0.210762367320153,-0.794599637614042,0.999960952715443,1,"Ptpru"
"ENSMUSG00000028910.13",482.771893827475,-0.138871112336086,0.0606657238047519,-2.28911984604408,1,1,"Mecr"
"ENSMUSG00000028911.17",2652.04907048561,-0.0605344177030001,0.0336215741983755,-1.800463516248,1,1,"Srsf4"
"ENSMUSG00000028914.14",1179.24376013734,-0.00927023482017945,0.0548342444297944,-0.169059224150491,1,1,"Casp9"
"ENSMUSG00000028917.15",1499.6855763082,0.254415317180134,0.0826651905786819,3.07765959769944,1,1,"Plekhm2"
"ENSMUSG00000028919.12",505.383038749691,-0.739137170469099,0.122287203918035,-6.04427239144758,0.983545760024321,1,"Arhgef19"
"ENSMUSG00000028920.10",1318.65827963853,0.0818798020994782,0.0571056529899099,1.4338300643186,1,1,"Fbxo42"
"ENSMUSG00000028923.15",1814.5783011901,0.687225099132257,0.0735259050274703,9.34670710786219,0.999989497991555,1,"Necap2"
"ENSMUSG00000028926.16",6502.90096054149,0.577953263039359,0.077551456794792,7.45251329796001,0.999999973679486,1,"Cdk14"
"ENSMUSG00000028931.13",755.109470748047,-0.177431652156531,0.119662951113071,-1.48276179474191,0.99999999999688,1,"Kcnab2"
"ENSMUSG00000028932.9",3751.29305681933,-0.150721652455123,0.0469708410289797,-3.20883444182173,1,1,"Psmc2"
"ENSMUSG00000028933.12",529.455952647039,0.0531672482601396,0.0674881997235485,0.787800659640179,1,1,"Xrcc2"
"ENSMUSG00000028936.16",11576.3193635388,0.499456769387869,0.0982825412579055,5.08184630754747,0.999999823686866,1,"Rpl22"
"ENSMUSG00000028937.15",1081.06455504462,-0.21821655207188,0.109316123797025,-1.9961973082494,0.999999999999571,1,"Acot7"
"ENSMUSG00000028944.15",1350.98602026386,-0.362931743856494,0.0781840614978447,-4.64201701604487,1,1,"Prkag2"
"ENSMUSG00000028945.10",3551.96028518358,0.189271724022572,0.0459264901900637,4.12118851754801,1,1,"Rheb"
"ENSMUSG00000028948.17",1605.17401930891,0.00377381367297866,0.0627482167856811,0.0601421660454234,1,1,"Nol9"
"ENSMUSG00000028949.14",1013.23753362167,-0.464603730945339,0.074268026543564,-6.25577051886269,0.999999999999718,1,"Smarcd3"
"ENSMUSG00000028952.13",249.552233337526,-0.00919334311767761,0.064674940992648,-0.142146911563826,1,1,"Zbtb48"
"ENSMUSG00000028953.11",3083.151652221,-0.0870875860000074,0.0618711239185096,-1.40756431246845,1,1,"Abcf2"
"ENSMUSG00000028954.12",2272.18177650943,0.160813331447819,0.0545327298842268,2.94893235290488,1,1,"Nub1"
"ENSMUSG00000028955.4",5162.80110583688,0.196830234851943,0.0323958448172258,6.07578644614579,1,1,"Vamp3"
"ENSMUSG00000028957.13",504.845104700336,0.691723454255658,0.104497573388308,6.61951691150998,0.998411558662361,1,"Per3"
"ENSMUSG00000028958.16",162.152766630481,-0.268919762403052,0.0874525080185545,-3.07503773757976,1,1,"Tmub1"
"ENSMUSG00000028959.15",1803.38782239998,0.363259371469352,0.0676745411608322,5.36774044180139,1,1,"Fastk"
"ENSMUSG00000028960.21",5543.3272595434,0.121666758962505,0.0748492813608754,1.62549000805907,1,1,"Ube4b"
"ENSMUSG00000028961.16",3047.78175892393,0.152204386147494,0.0533091176784845,2.85512859292592,1,1,"Pgd"
"ENSMUSG00000028962.15",1225.44783546097,0.419146726468368,0.102793838934004,4.07754716445089,0.999999992008461,1,"Slc4a2"
"ENSMUSG00000028964.15",3567.25960707299,-0.0090358939981666,0.0581749790325165,-0.155322685945723,1,1,"Park7"
"ENSMUSG00000028965.14",15.4866969500806,-0.0926892984825779,0.284833917917564,-0.325415242539352,0.999339704140859,1,"Tnfrsf9"
"ENSMUSG00000028967.11",1290.23653187825,0.76430720999566,0.12027813799388,6.35449818847836,0.974976653005517,1,"Errfi1"
"ENSMUSG00000028969.11",983.090491202609,-0.0696118622512284,0.0584934367454462,-1.19007988116971,1,1,"Cdk5"
"ENSMUSG00000028970.10",373.499895277265,0.193677377379084,0.101623130022194,1.90583952036102,0.999999999999999,1,"Abcb1b"
"ENSMUSG00000028972.12",97.3601106212958,0.918151534651776,0.228575471472932,4.01684191543057,0.639858539900383,1,"Car6"
"ENSMUSG00000028973.19",1010.63778595392,0.321354998983158,0.0749957712409107,4.28497492146406,1,1,"Abcb8"
"ENSMUSG00000028974.14",483.981332555929,-0.226523841630377,0.0809746547365214,-2.79746597706961,1,1,"Dffa"
"ENSMUSG00000028975.17",967.074003214538,0.206162306045201,0.030621262437026,6.73265207367539,1,1,"Pex14"
"ENSMUSG00000028977.18",16.1604460085204,0.0262481837431238,0.2137521722032,0.122797272526295,0.999998176098707,1,"Casz1"
"ENSMUSG00000028978.13",42.9649192094336,0.567385284712642,0.125319812870034,4.52749865897952,0.999721864338921,1,"Nos3"
"ENSMUSG00000028980.15",704.283023608236,0.939537115822495,0.0752934178821585,12.4783432901527,0.789021344000281,1,"H6pd"
"ENSMUSG00000028982.10",441.749110661518,0.84259035546831,0.117584785469313,7.16581105374563,0.909664287732117,1,"Slc25a33"
"ENSMUSG00000028986.13",3554.15299227212,-0.315878603580632,0.0633186935663553,-4.98871006000154,1,1,"Klhl7"
"ENSMUSG00000028988.14",1709.65645322216,0.393348067139939,0.0857178402840399,4.58887048293001,0.999999999999265,1,"Ctnnbip1"
"ENSMUSG00000028990.14",1211.89990346319,0.252351898647129,0.0789562271980126,3.19609874486861,1,1,"Lzic"
"ENSMUSG00000028991.16",2203.95493745853,0.0474405569585764,0.0537119534192676,0.883240208902149,1,1,"Mtor"
"ENSMUSG00000028992.14",360.681705292661,0.79501913760575,0.0622126752771493,12.7790540121293,0.999507612781311,1,"Nmnat1"
"ENSMUSG00000028995.15",2583.51584910774,0.148155661865148,0.08709194852347,1.70114074121585,1,1,"Hycc1"
"ENSMUSG00000028998.7",1980.6740293206,0.0874063220066039,0.0873809126593336,1.00029078830258,1,1,"Tomm7"
"ENSMUSG00000028999.16",795.251439205578,0.234649437195342,0.0906652816767904,2.58808479779323,1,1,"Rint1"
"ENSMUSG00000029001.16",686.542381830153,0.0860654957725555,0.0663370138869712,1.29739779844777,1,1,"Fbxo44"
"ENSMUSG00000029003.12",1169.73256455254,-0.364541507089644,0.0849448425545692,-4.29150842036654,0.999999999999963,1,"Mad2l2"
"ENSMUSG00000029004.16",7024.88601122806,0.0857472048678636,0.0723662770416118,1.18490557167336,1,1,"Kmt2e"
"ENSMUSG00000029005.5",1549.92924609726,-1.2122798619386,0.173684804964936,-6.97976925605751,0.110813505975062,1,"Draxin"
"ENSMUSG00000029007.9",1112.82666831559,0.963395382969909,0.133756009172667,7.20263253164388,0.607829762331185,1,"Agtrap"
"ENSMUSG00000029009.18",555.87150860782,0.509065766410952,0.103460556570967,4.92038495909084,0.999998958159686,1,"Mthfr"
"ENSMUSG00000029012.12",1231.87927128182,0.0208957904839628,0.0338540237984091,0.617232108312772,1,1,"Orc5"
"ENSMUSG00000029014.15",2347.26090612663,-0.148284750744459,0.0473139380044049,-3.13406063833988,1,1,"Dnajc2"
"ENSMUSG00000029016.14",2584.80169032667,-0.338925928413287,0.083577998395722,-4.05520513674607,0.999999999999999,1,"Clcn6"
"ENSMUSG00000029017.14",3045.63548857876,0.310446167876462,0.0683874679628413,4.53951838142545,1,1,"Pmpcb"
"ENSMUSG00000029020.14",2821.63554257916,-0.0159523572196955,0.0797846543301631,-0.199942675112457,1,1,"Mfn2"
"ENSMUSG00000029022.19",740.056658034649,0.378446963357015,0.0756854819102036,5.00025835610084,1,1,"Miip"
"ENSMUSG00000029026.18",21.7075102022278,0.355000730024065,0.231278533550049,1.53494889722328,0.997355158475337,1,"Trp73"
"ENSMUSG00000029027.10",206.827986988624,0.151725727923923,0.057496254115688,2.63888022372094,1,1,"Dffb"
"ENSMUSG00000029028.15",1966.47670297093,0.0755137943925135,0.049198758590965,1.53487194708163,1,1,"Lrrc47"
"ENSMUSG00000029029.15",485.054076959342,-0.000760789141994452,0.0562070682920107,-0.0135354709845735,1,1,"Wrap73"
"ENSMUSG00000029030.15",1817.17824330187,0.0207396249906783,0.0704769024922917,0.294275489660554,1,1,"Tprg1l"
"ENSMUSG00000029033.17",4500.5431797019,-0.0400918071049939,0.0662800860161131,-0.604884657138908,1,1,"Acap3"
"ENSMUSG00000029034.10",1314.92931900871,0.133852675978588,0.0562778298668731,2.37842639446511,1,1,"Ints11"
"ENSMUSG00000029036.19",2082.19169717522,0.415796101078879,0.0568294062866808,7.31656598665416,1,1,"Atad3a"
"ENSMUSG00000029038.10",1507.89036082319,0.25217153213859,0.0541558219923661,4.6564066957406,1,1,"Ssu72"
"ENSMUSG00000029047.14",218.20190725516,0.0350996405322916,0.0515940907955178,0.680303499705064,1,1,"Pex10"
"ENSMUSG00000029048.4",4281.12068570375,0.197329414289343,0.0364527135631173,5.41329835288314,1,1,"Rer1"
"ENSMUSG00000029049.15",71.4455200162163,-0.0587534595792888,0.110147397977927,-0.53340760342848,1,1,"Morn1"
"ENSMUSG00000029050.16",5622.40622897421,0.393679572284337,0.0474016082565292,8.3051944177466,1,1,"Ski"
"ENSMUSG00000029055.18",33.3285448667163,0.444585453811567,0.235850382091145,1.88503173015745,0.990737262796643,1,"Plch2"
"ENSMUSG00000029056.14",943.510120645009,0.464088174722541,0.0548235375097977,8.46512640012699,1,1,"Pank4"
"ENSMUSG00000029060.18",1197.31647176893,0.434059775769594,0.0884716807903317,4.9062001749268,0.999999999920693,1,"Mib2"
"ENSMUSG00000029061.3",19.2072152717089,0.429222069595335,0.174518083054062,2.45947045763946,0.999463392129621,1,"Mmp23"
"ENSMUSG00000029062.15",3440.57587039231,-0.0173893840732113,0.0471307867610716,-0.368960190742547,1,1,"Cdk11b"
"ENSMUSG00000029063.17",3491.65911186071,0.17642538318089,0.0643290625885092,2.74254553201594,1,1,"Nadk"
"ENSMUSG00000029064.16",23488.5798333024,0.158822763515325,0.0694744387609897,2.28606040362149,1,1,"Gnb1"
"ENSMUSG00000029066.13",1358.54920183011,0.0211115943544872,0.0596640127048763,0.35384134250095,1,1,"Mrpl20"
"ENSMUSG00000029068.17",4483.60097815141,0.510889252891371,0.0672903691873693,7.59230866260824,0.999999999999818,1,"Ccnl2"
"ENSMUSG00000029071.17",3318.69944245409,0.47131452824263,0.0696074541785277,6.77103528357483,0.999999999999985,1,"Dvl1"
"ENSMUSG00000029073.10",535.237973941793,0.178483790134127,0.0773112183269366,2.30864024648206,1,1,"Cptp"
"ENSMUSG00000029075.7",15.9473198340693,-0.551571424406749,0.173292993637761,-3.18288358247024,0.995168907707829,1,"Tnfrsf4"
"ENSMUSG00000029076.15",5650.08238946941,0.234996282824346,0.0366505639758271,6.41180536756101,1,1,"Sdf4"
"ENSMUSG00000029089.9",318.92063643107,-0.124141967586024,0.0694552841448097,-1.78736534037059,1,1,"5730480H06Rik"
"ENSMUSG00000029090.13",4847.70129484623,-0.375772175867155,0.191870785579029,-1.95846477999841,0.999429787728209,1,"Adgra3"
"ENSMUSG00000029093.15",3117.14043995284,0.480157059743676,0.12855679480647,3.73498001771518,0.999973690987189,1,"Sorcs2"
"ENSMUSG00000029094.13",2762.18231110564,0.365841773717159,0.11226121144426,3.25884398547405,0.999999991928567,1,"Afap1"
"ENSMUSG00000029095.18",199.089562615459,-0.475901733777619,0.276430869577373,-1.72159402640238,0.97101651732641,1,"Ablim2"
"ENSMUSG00000029096.16",326.492010698955,-0.0716232904261196,0.202798657588082,-0.353174381319616,0.999997713956296,1,"Htra3"
"ENSMUSG00000029097.12",180.324024297269,0.138740666305738,0.0644465117493604,2.15280334869504,1,1,"Trmt44"
"ENSMUSG00000029098.18",618.892158460742,0.158580714334424,0.0717057042161121,2.21154950039235,1,1,"Acox3"
"ENSMUSG00000029101.17",1824.96476290694,-0.1939169096625,0.0736927005916608,-2.63142628924694,1,1,"Rgs12"
"ENSMUSG00000029103.17",3323.43395655581,0.0299814818622063,0.0723521678441417,0.414382633659178,1,1,"Lrpap1"
"ENSMUSG00000029104.16",3931.35767782527,0.247986068583782,0.0656320636313729,3.77842863476932,1,1,"Htt"
"ENSMUSG00000029106.15",7649.33517527547,-0.0499375891353139,0.0426381413562044,-1.17119526196344,1,1,"Add1"
"ENSMUSG00000029108.15",4552.15081081559,0.188410449897517,0.109133349248707,1.72642415168753,0.999999999999948,1,"Pcdh7"
"ENSMUSG00000029110.14",4679.64485418404,0.137700239552419,0.0919988908758925,1.49675977874753,1,1,"Rnf4"
"ENSMUSG00000029111.8",982.302344802306,-0.0993455816736606,0.0362292961558765,-2.74213391411819,1,1,"Nelfa"
"ENSMUSG00000029119.10",988.065411570307,0.555932795449421,0.117849749704306,4.71730145243668,0.999917745782412,1,"Man2b2"
"ENSMUSG00000029121.17",2375.10079767754,-1.0462171327408,0.170004502744184,-6.1540554270795,0.392865493240981,1,"Crmp1"
"ENSMUSG00000029125.15",562.801915702238,0.109327419912,0.0581360145567321,1.88054548880906,1,1,"Stx18"
"ENSMUSG00000029126.8",3954.68388065004,-0.469461243997195,0.0718056646445619,-6.53794162787892,0.999999999999926,1,"Nsg1"
"ENSMUSG00000029127.16",188.907336522838,-0.230329074321499,0.0591382482344514,-3.89475645961592,1,1,"Zbtb49"
"ENSMUSG00000029128.13",1396.60341121159,0.0887350064714984,0.0451675931891289,1.96457238932216,1,1,"Rab28"
"ENSMUSG00000029131.15",4047.290457322,0.0212701164646084,0.0411243753204989,0.517214335752014,1,1,"Dnajb6"
"ENSMUSG00000029136.10",19.081683819051,0.563888605920758,0.172899396799512,3.26136826593226,0.994171183086797,1,"Rbks"
"ENSMUSG00000029141.17",981.354364982966,0.150654048863561,0.0432941043462675,3.47978208900282,1,1,"Slc4a1ap"
"ENSMUSG00000029145.13",837.983824307085,0.141760883215918,0.08901994097181,1.59246211206554,1,1,"Eif2b4"
"ENSMUSG00000029146.15",2479.71169540266,0.10927457435169,0.0430756971415435,2.53680338573795,1,1,"Snx17"
"ENSMUSG00000029147.12",3719.85402115842,-0.388083396211028,0.0827822403019869,-4.68800306436879,0.999999999999928,1,"Ppm1g"
"ENSMUSG00000029148.16",2472.19472321154,0.00299515990518043,0.0656736221602179,0.0456067414383421,1,1,"Nrbp1"
"ENSMUSG00000029149.15",9.33045223495979,0.251203271665086,0.177025956264237,1.41901943063156,0.999988308665269,1,"Krtcap3"
"ENSMUSG00000029152.14",5369.94489085037,0.159362343895574,0.0521210535291728,3.05754264553338,1,1,"Ociad1"
"ENSMUSG00000029156.12",3760.47756873185,-0.0122557350340407,0.049512404341295,-0.247528577880412,1,1,"Sgcb"
"ENSMUSG00000029161.9",31.1469634010904,-0.625481725565654,0.388567670418095,-1.60971118593742,0.832452074447068,1,"Cgref1"
"ENSMUSG00000029162.16",123.731642093631,0.792562205140694,0.146852328425438,5.39700128447814,0.921107501332171,1,"Khk"
"ENSMUSG00000029165.18",551.460746268159,-0.103570358669469,0.0638012878859697,-1.62332708478514,1,1,"Agbl5"
"ENSMUSG00000029166.15",842.482307906154,-0.0724760999356617,0.0991125691067744,-0.731250340787583,1,1,"Mapre3"
"ENSMUSG00000029167.14",1223.10048395684,0.472243059298355,0.166704818616433,2.83280989246583,0.999226759608495,1,"Ppargc1a"
"ENSMUSG00000029168.15",1812.60966615376,-1.06160476734337,0.156004752026964,-6.80495147455433,0.346461914976071,1,"Dpysl5"
"ENSMUSG00000029169.12",7502.77194257588,0.0552717179103046,0.0638029909991673,0.866287254637105,1,1,"Dhx15"
"ENSMUSG00000029171.13",1240.52006945351,0.175923886906361,0.109740186616571,1.60309447550908,0.99999999999997,1,"Pgm2"
"ENSMUSG00000029173.13",788.403020708378,-0.0399093664435478,0.0498417433360707,-0.800721719833287,1,1,"Sepsecs"
"ENSMUSG00000029174.19",3180.51861974245,0.713553283532783,0.0800794394363094,8.91056791300722,0.999826241169675,1,"Tbc1d1"
"ENSMUSG00000029175.18",1106.71665101972,0.235312428917695,0.0541610284681434,4.34468169407273,1,1,"Slc35f6"
"ENSMUSG00000029176.14",2801.38508357287,-0.0304520546469057,0.0595180042451335,-0.511644418073639,1,1,"Anapc4"
"ENSMUSG00000029177.10",2170.33827611827,0.161389167869606,0.119808517532608,1.3470592174357,0.999999999998716,1,"Cenpa"
"ENSMUSG00000029178.16",5965.48316306384,0.589781679689102,0.116285527750726,5.07184076210567,0.999790391980812,1,"Klf3"
"ENSMUSG00000029179.15",533.153251457351,0.193681932494709,0.0484217633352318,3.99989424494556,1,1,"Zcchc4"
"ENSMUSG00000029185.15",28.4495038224568,-0.352852869645158,0.224210540921645,-1.57375682782224,0.998051226544443,1,"Fam114a1"
"ENSMUSG00000029186.13",711.711465071895,0.585702083110778,0.0715221934806753,8.18909564440343,0.999999996534303,1,"Pi4k2b"
"ENSMUSG00000029190.20",2909.16862811707,-0.307678232554371,0.0706392097463339,-4.35562959522405,1,1,"D5Ertd579e"
"ENSMUSG00000029191.17",3635.96401464754,0.0897887778899967,0.0432109098196381,2.0779191705237,1,1,"Rfc1"
"ENSMUSG00000029192.18",2123.33471824504,-0.294496627259356,0.0537391262210281,-5.48011566187542,1,1,"Tbc1d14"
"ENSMUSG00000029196.10",1041.8566114001,-0.16677886890699,0.0787181063532729,-2.11868497139039,1,1,"Tada2b"
"ENSMUSG00000029198.4",1573.29386554249,0.0222530719102457,0.0408876829025272,0.544248789135231,1,1,"Grpel1"
"ENSMUSG00000029199.12",1015.64045620628,-0.0175838616402118,0.0455357600440725,-0.386155004839998,1,1,"Lias"
"ENSMUSG00000029201.15",2766.92890501041,-0.23403445518959,0.0928951505673064,-2.51933985531378,1,1,"Ugdh"
"ENSMUSG00000029202.13",5069.12903614906,0.0446765382968718,0.0603162596215842,0.740704721698032,1,1,"Pds5a"
"ENSMUSG00000029203.17",3766.98619281599,-0.00912945496001443,0.0377258485563454,-0.241994688240853,1,1,"Ube2k"
"ENSMUSG00000029207.18",1176.26885366026,0.22127266595255,0.07697515761082,2.87459841357242,1,1,"Apbb2"
"ENSMUSG00000029208.17",1411.56465790258,0.0606116005640141,0.0418997285120062,1.44658695214806,1,1,"Guf1"
"ENSMUSG00000029209.16",820.073261459176,-0.232635489122201,0.0747704260855413,-3.11133025851763,1,1,"Gnpda2"
"ENSMUSG00000029213.12",1435.63893556356,-0.19505599697953,0.0487304674053732,-4.00275243323487,1,1,"Commd8"
"ENSMUSG00000029217.17",71.8644737595306,-0.276471488060498,0.175055994954512,-1.57933173401081,0.999982106891982,1,"Tec"
"ENSMUSG00000029221.16",3686.07738549522,0.190144024813346,0.0719135315664509,2.64406462416111,1,1,"Slc30a9"
"ENSMUSG00000029223.13",3253.2716809443,-0.966634040802789,0.140087817026665,-6.90020061215456,0.594128820979304,1,"Uchl1"
"ENSMUSG00000029227.16",6830.31805373649,-0.123788626676899,0.0587226216346185,-2.10802282376171,1,1,"Fip1l1"
"ENSMUSG00000029228.16",1084.2871866708,-0.713692657606451,0.148240502455817,-4.81442416737064,0.973281378472802,1,"Lnx1"
"ENSMUSG00000029229.9",1415.19773765415,0.246850236403382,0.0569067644355306,4.33780129395756,1,1,"Chic2"
"ENSMUSG00000029233.16",719.212339867633,0.553132041040606,0.0623709929111681,8.8684180774291,0.99999999999961,1,"Srd5a3"
"ENSMUSG00000029234.14",2409.14306571863,0.336388866218013,0.0410094844701489,8.20270897242984,1,1,"Tmem165"
"ENSMUSG00000029238.12",3625.541232047,0.168213101755242,0.08148115685474,2.06444174639203,1,1,"Clock"
"ENSMUSG00000029245.17",1149.83368817915,-1.09739026962457,0.245297728895119,-4.47370741901071,0.345673101458148,1,"Epha5"
"ENSMUSG00000029246.15",1697.62737189754,0.130887689587172,0.0608866920146864,2.14969290096431,1,1,"Ppat"
"ENSMUSG00000029247.18",7378.63046114613,0.0744696643230638,0.0553618719504749,1.34514353831247,1,1,"Paics"
"ENSMUSG00000029249.16",2689.81943551908,0.569692446586326,0.0599338584518226,9.50535242185799,0.999999999999651,1,"Rest"
"ENSMUSG00000029250.6",4328.97272092877,-0.205570719416625,0.0557104656786445,-3.6899838641167,1,1,"Polr2b"
"ENSMUSG00000029253.13",1609.86033800208,-0.238269291611159,0.0595910981469681,-3.9984041076659,1,1,"Cenpc1"
"ENSMUSG00000029263.16",624.165070322228,0.39723907537192,0.060744971709925,6.53945609307142,1,1,"Pigg"
"ENSMUSG00000029265.5",2233.55553357912,-0.0908125351332135,0.0469653244294411,-1.93360817233673,1,1,"Dr1"
"ENSMUSG00000029267.18",1180.8275299666,-0.167658507436555,0.064047778988838,-2.61770993598036,1,1,"Mtf2"
"ENSMUSG00000029270.11",475.331932859251,-0.245275216261569,0.0857391936316509,-2.86071288838229,1,1,"Dipk1a"
"ENSMUSG00000029276.14",486.892992521175,-0.0429531182694384,0.0506949043035498,-0.84728670187924,1,1,"Glmn"
"ENSMUSG00000029279.16",207.312044471363,-0.340200134071598,0.122810475704265,-2.77012308698178,0.999999961174811,1,"Brdt"
"ENSMUSG00000029283.18",873.202528146807,-0.108499771151356,0.101415212332777,-1.06985696381853,1,1,"Cdc7"
"ENSMUSG00000029287.15",247.651507846806,1.08555803702029,0.192876648678696,5.6282502026913,0.32866973511103,1,"Tgfbr3"
"ENSMUSG00000029290.13",1660.99965326537,-0.250677710154466,0.0629103522759969,-3.98468139321023,1,1,"Zfp326"
"ENSMUSG00000029291.12",2493.36163788393,-0.450933313879778,0.0801398483222475,-5.62683013906573,0.999999999996342,1,"Rufy3"
"ENSMUSG00000029298.16",736.395273916262,-0.505541835083763,0.221857439014778,-2.27867876474536,0.987083737681178,1,"Gbp9"
"ENSMUSG00000029304.15",5239.85617515335,0.19483166480155,0.284925752242283,0.68379801849528,0.997656249602118,1,"Spp1"
"ENSMUSG00000029307.8",686.755106702046,1.26859520047875,0.231574426062079,5.47813168341255,0.123051774103082,1,"Dmp1"
"ENSMUSG00000029309.8",25577.9264052041,0.816084373831305,0.122482033361771,6.66289047815581,0.933396196708217,1,"Sparcl1"
"ENSMUSG00000029310.14",1862.39808273683,0.478116832963778,0.0672591172738547,7.10858025413952,0.999999999999996,1,"Nudt9"
"ENSMUSG00000029311.17",865.5673072327,0.920218800408975,0.144248574498422,6.37939614730155,0.709896154417673,1,"Hsd17b11"
"ENSMUSG00000029312.13",468.646715663174,0.0139708889601619,0.060126739596531,0.232357334755067,1,1,"Klhl8"
"ENSMUSG00000029313.19",2255.33506050108,1.05828958496114,0.106142817198217,9.97043052837795,0.291447194304119,1,"Aff1"
"ENSMUSG00000029314.15",53.4105496836141,0.394787051270352,0.295790525819021,1.3346845717158,0.979627266556522,1,"Gpat3"
"ENSMUSG00000029319.9",1124.77022343051,0.227209758768682,0.047054471792706,4.8286539007309,1,1,"Coq2"
"ENSMUSG00000029326.14",696.689999150871,0.144351608626496,0.0499213658671094,2.89157970979318,1,1,"Enoph1"
"ENSMUSG00000029328.16",8826.55633727353,-0.228757262348062,0.0500941529458558,-4.56654617147263,1,1,"Hnrnpdl"
"ENSMUSG00000029330.9",92.2813164561778,0.462797480355428,0.239103898853015,1.93554970276718,0.98767143909697,1,"Cds1"
"ENSMUSG00000029338.14",1247.00977955395,1.12116530728924,0.10749465275314,10.4299635244554,0.129834205735254,1,"Antxr2"
"ENSMUSG00000029344.16",522.636199451218,0.162005210443366,0.0694192052412287,2.33372320931081,1,1,"Tpst2"
"ENSMUSG00000029345.14",1395.15919830801,0.0302725884788553,0.0632570887874259,0.478564364234113,1,1,"Tfip11"
"ENSMUSG00000029346.13",323.88677894349,-0.209667822864438,0.0549209196905266,-3.81763131509621,1,1,"Srrd"
"ENSMUSG00000029348.12",501.379458411811,-0.647144087151008,0.0965498991691909,-6.70269045042682,0.99987123255362,1,"Asphd2"
"ENSMUSG00000029352.15",12.8792855127411,1.32523247498862,0.252476092182412,5.24894243860189,0.098843156885277,1,"Crybb3"
"ENSMUSG00000029359.14",93.5346012872696,0.0928743511869662,0.175280081927465,0.529862550072288,0.999999886448608,1,"Tesc"
"ENSMUSG00000029363.15",1140.61539672044,-0.101961322141608,0.110860509193318,-0.919726265768888,1,1,"Rfc5"
"ENSMUSG00000029364.16",4460.97235132702,0.281198260220783,0.0556361761368192,5.05423412869473,1,1,"Wsb2"
"ENSMUSG00000029366.11",2749.28374677025,-0.440287993864193,0.0842595000295057,-5.22538103964556,0.999999999984602,1,"Dck"
"ENSMUSG00000029376.9",815.941678969295,-0.0899442876832489,0.0521526200118523,-1.72463603291278,1,1,"Mthfd2l"
"ENSMUSG00000029381.17",273.359886715155,-0.850630410992676,0.152269812287998,-5.5863365049917,0.836692137172139,1,"Shroom3"
"ENSMUSG00000029385.15",2456.27763026463,0.397412135968147,0.150779286819428,2.63572102210621,0.999967855658798,1,"Ccng2"
"ENSMUSG00000029387.11",1185.59039250764,-0.144747227905775,0.0429336059840379,-3.37142023336196,1,1,"Gtf2h3"
"ENSMUSG00000029388.15",1271.46521335572,0.0360019430251304,0.0492437189357002,0.731097159256794,1,1,"Eif2b1"
"ENSMUSG00000029389.18",600.83120095106,-0.0673825550275761,0.0522832217106983,-1.28879883111312,1,1,"Ddx55"
"ENSMUSG00000029390.14",10204.2116985309,0.0947235589995315,0.0546408534302015,1.73356660910379,1,1,"Tmed2"
"ENSMUSG00000029392.13",971.343260399867,0.150398278862382,0.0672746895007401,2.23558488308932,1,1,"Rilpl1"
"ENSMUSG00000029394.12",8763.18319128772,-0.0810311226698362,0.0577183008253882,-1.40390693265512,1,1,"Cdk2ap1"
"ENSMUSG00000029397.16",1381.47915562174,0.122761629943805,0.0496527048557535,2.47240568868184,1,1,"Rchy1"
"ENSMUSG00000029401.9",433.222119695102,-0.0381551432924989,0.0541534488724474,-0.704574576263262,1,1,"Rilpl2"
"ENSMUSG00000029402.9",333.741096535126,-0.174044373342584,0.0640936692540781,-2.71546902163835,1,1,"Snrnp35"
"ENSMUSG00000029403.15",35.4536087198875,-0.102681841122156,0.222287245473451,-0.461933121279421,0.999973253027116,1,"Cdkl2"
"ENSMUSG00000029404.16",980.796023434363,0.171279870119065,0.0804790377281759,2.12825444928375,1,1,"Arl6ip4"
"ENSMUSG00000029405.17",7633.10469085059,-0.0312183467602204,0.0844641268510716,-0.369604800571313,1,1,"G3bp2"
"ENSMUSG00000029406.16",1735.25726089665,-0.15026948795907,0.116231783499489,-1.29284334658541,0.999999999999867,1,"Pitpnm2"
"ENSMUSG00000029407.11",3465.42146666573,0.12112729934895,0.0330559209507154,3.66431476919202,1,1,"Uso1"
"ENSMUSG00000029413.15",55.7202621151417,-0.576969150320168,0.264841407852637,-2.17854585126358,0.94490043663008,1,"Naaa"
"ENSMUSG00000029414.12",2611.7161414248,-0.155863470698363,0.137366894768081,-1.13465089941437,0.999999999600493,1,"Kntc1"
"ENSMUSG00000029415.5",1624.56989562599,0.122380516496527,0.0620507323739542,1.97226546431379,1,1,"Sdad1"
"ENSMUSG00000029416.18",605.901840874307,0.0678389625958573,0.12402671185661,0.546970580614016,0.999999999999972,1,"Slc15a4"
"ENSMUSG00000029419.9",282.725236898264,-0.89111635946364,0.152630586624384,-5.8383865198437,0.762194743354232,1,"Ajm1"
"ENSMUSG00000029422.16",2681.40146477721,0.106613042224744,0.0462124440184042,2.30702020828601,1,1,"Rsrc2"
"ENSMUSG00000029426.9",15022.3194381297,0.421887490779817,0.0911462603985934,4.62868678248403,0.999999999887107,1,"Scarb2"
"ENSMUSG00000029427.13",1672.40167437901,0.00726962785653402,0.0451334034969257,0.161069790737789,1,1,"Zcchc8"
"ENSMUSG00000029428.14",1309.36741538958,0.343141204201049,0.12776861562067,2.68564547353158,0.999999863361925,1,"Stx2"
"ENSMUSG00000029430.14",16634.4779080443,0.165774123721923,0.0559973870146068,2.96039034247582,1,1,"Ran"
"ENSMUSG00000029431.6",21.0607732087301,-0.612630638753377,0.125644841411619,-4.87589169495917,0.998975547269293,1,"B3gnt4"
"ENSMUSG00000029432.13",2771.89754236168,0.34028127282743,0.0496326994498886,6.85598963181507,1,1,"Nipsnap2"
"ENSMUSG00000029433.17",1615.63172478817,-0.0667730143255605,0.0327582126960068,-2.03835950835315,1,1,"Diablo"
"ENSMUSG00000029434.13",1702.5291431172,-0.35764457447597,0.0709485097434889,-5.04090326588983,1,1,"Vps33a"
"ENSMUSG00000029436.10",820.585410787931,0.484543377284227,0.152718096753016,3.1727960705787,0.999631211640151,1,"Mmp17"
"ENSMUSG00000029438.10",2087.85017444226,-0.655440405246816,0.0827035425465303,-7.92517932201097,0.999984514128259,1,"Bcl7a"
"ENSMUSG00000029439.15",2805.96196351244,0.0552748518724656,0.0572712958161706,0.965140583685879,1,1,"Sfswap"
"ENSMUSG00000029440.16",1039.25000291623,0.152593587010502,0.065033971073686,2.34636735987731,1,1,"Psmd9"
"ENSMUSG00000029442.20",33.0417573778904,-0.279128169933643,0.228610299679449,-1.22097810258343,0.999192771157311,1,"Cfap251"
"ENSMUSG00000029446.15",1601.77633090894,0.549127703531491,0.10877915304318,5.04809688409242,0.999982997523155,1,"Psph"
"ENSMUSG00000029447.14",15008.09063679,0.0250933719170721,0.0519715654455866,0.482828864243938,1,1,"Cct6a"
"ENSMUSG00000029452.19",26.9816279928866,0.533479331248512,0.164814288475442,3.23685122317537,0.997676843711856,1,"Tmem116"
"ENSMUSG00000029454.16",1295.78078215906,0.101393787597721,0.0576392333261051,1.7591106221706,1,1,"Mapkapk5"
"ENSMUSG00000029455.15",2203.16214957417,0.94021352660105,0.127349600488344,7.38293267505857,0.680632174318104,1,"Aldh2"
"ENSMUSG00000029456.13",152.427487578304,0.831579664139073,0.11382836867864,7.30555725073058,0.930509847825756,1,"Acad10"
"ENSMUSG00000029458.15",1577.50435022376,0.0909568604398429,0.0402112880355199,2.26197331355061,1,1,"Brap"
"ENSMUSG00000029461.18",5440.77174509434,-0.231830795111162,0.0657204633537128,-3.52752831128762,1,1,"Fam168a"
"ENSMUSG00000029462.19",2676.66981198031,0.234773187173554,0.0402363710822857,5.83484993448911,1,1,"Vps29"
"ENSMUSG00000029463.6",1000.15585995798,-0.152724305609029,0.0466313789942501,-3.27514023610282,1,1,"Fam216a"
"ENSMUSG00000029464.11",636.906454731344,0.139210532218288,0.0645258560247159,2.1574379759482,1,1,"Gpn3"
"ENSMUSG00000029465.15",4541.93977828344,0.0402084621469529,0.0687020820680205,0.58525827655621,1,1,"Arpc3"
"ENSMUSG00000029466.12",1531.62141909239,-0.0888641462149679,0.0448831688729362,-1.97989911243882,1,1,"Anapc7"
"ENSMUSG00000029467.16",16622.9854394215,0.0878913615385958,0.0777593702884108,1.13029929656844,1,1,"Atp2a2"
"ENSMUSG00000029468.18",3006.16716826587,0.400782429683917,0.0766219833572711,5.23064546391547,0.999999999999997,1,"P2rx7"
"ENSMUSG00000029469.15",774.919663967393,-0.372576728528667,0.0920307926564429,-4.0483920411239,0.999999999995369,1,"Ift81"
"ENSMUSG00000029470.16",476.201642909465,0.597539301235049,0.0986592839741472,6.05659474876819,0.99997741412701,1,"P2rx4"
"ENSMUSG00000029471.14",5136.73502539953,0.749372956340746,0.117383601284466,6.38396631335859,0.983624036647176,1,"Camkk2"
"ENSMUSG00000029472.14",8456.02429458007,-0.0439430087577454,0.0566011692011785,-0.776362209083667,1,1,"Anapc5"
"ENSMUSG00000029474.8",1243.24953735529,-0.0352696071647063,0.0627986180706243,-0.561630307295003,1,1,"Rnf34"
"ENSMUSG00000029475.18",3183.02274421513,0.129425604929767,0.05406592394335,2.39384801904761,1,1,"Kdm2b"
"ENSMUSG00000029478.17",8477.04511826013,-0.148995206324156,0.0872216006622072,-1.70823746861957,1,1,"Ncor2"
"ENSMUSG00000029480.14",792.4501863614,-0.255068212055026,0.0835261055718785,-3.05375439581014,1,1,"Dhx37"
"ENSMUSG00000029482.5",1435.75004394324,-0.383884816994263,0.244001732152219,-1.57328726156246,0.994215821799936,1,"Aacs"
"ENSMUSG00000029486.15",833.08344198071,0.00830089533569752,0.0400908439600458,0.20705214746714,1,1,"Mrpl1"
"ENSMUSG00000029499.12",163.27932408617,0.270773460880122,0.133266892543329,2.03181342126729,0.99999997774143,1,"Pxmp2"
"ENSMUSG00000029500.17",1580.6255780228,-0.0887372011580834,0.0465377991338494,-1.90677691703603,1,1,"Pgam5"
"ENSMUSG00000029501.16",2189.01640451191,0.0514712138965433,0.0508686485581925,1.0118455149769,1,1,"Ankle2"
"ENSMUSG00000029502.15",2495.78804033208,0.190762129151656,0.0623914817785559,3.05750278265104,1,1,"Golga3"
"ENSMUSG00000029504.6",748.39036974866,-0.133536481477533,0.0941111046258826,-1.41892374984203,1,1,"Ddx51"
"ENSMUSG00000029505.19",5016.12300508959,-0.145095026268578,0.0785919081544872,-1.84618276455849,1,1,"Ep400"
"ENSMUSG00000029507.17",822.25275849323,0.12417677042162,0.0460600101452844,2.69597792162738,1,1,"Pus1"
"ENSMUSG00000029510.16",1159.72852063388,-0.134530383453882,0.0635754310648594,-2.11607504975679,1,1,"Gpc2"
"ENSMUSG00000029512.12",1622.19434208089,-0.0232925627189584,0.0613424265805151,-0.379713748173716,1,1,"Ulk1"
"ENSMUSG00000029513.15",1499.8943874339,0.191900867294741,0.0920747344130049,2.08418594436517,1,1,"Prkab1"
"ENSMUSG00000029516.20",2014.40717161287,0.344841583365863,0.130471067513301,2.64305021747988,0.999999743631517,1,"Cit"
"ENSMUSG00000029518.16",2510.44103346448,-0.0768232035234032,0.0650481019335797,-1.18102144781791,1,1,"Rab35"
"ENSMUSG00000029521.8",685.579312740329,0.139164845227512,0.0681791699308714,2.04116367753692,1,1,"Chek2"
"ENSMUSG00000029524.17",266.49445106606,0.0711524279540697,0.0993740306605361,0.716006259191881,1,1,"Sirt4"
"ENSMUSG00000029528.20",2729.10828371208,0.291546212305368,0.0870874347045967,3.3477414198076,1,1,"Pxn"
"ENSMUSG00000029534.18",725.808826842101,-0.306555727464388,0.064893974812534,-4.72394745968277,1,1,"St7"
"ENSMUSG00000029535.5",513.956512071304,-0.0925927694833503,0.0403624274091224,-2.29403371964747,1,1,"Triap1"
"ENSMUSG00000029536.9",928.016175685744,-0.175402813000838,0.0373857098047842,-4.69170744428108,1,1,"Gatc"
"ENSMUSG00000029538.15",2765.18807435904,-0.00973500769381921,0.0659776888165209,-0.147549995588532,1,1,"Srsf9"
"ENSMUSG00000029545.14",1041.28094320426,0.925907385580999,0.102911938037309,8.99708433481574,0.764225593368733,1,"Acads"
"ENSMUSG00000029547.11",2502.58337115872,-0.071940101717606,0.0579329960087813,-1.24178113810481,1,1,"Ints1"
"ENSMUSG00000029550.12",3164.68925688514,0.0701490369157153,0.0586452566370612,1.19615875073832,1,1,"Sppl3"
"ENSMUSG00000029551.14",377.861854827951,0.101378388491053,0.0615877845214488,1.64607948278683,1,1,"Psmg3"
"ENSMUSG00000029552.20",21.8803058095889,-0.316067241910546,0.360398064252921,-0.876994837821148,0.971263425047199,1,"Tes"
"ENSMUSG00000029554.16",907.495542141089,-0.343903874299521,0.0850626759035368,-4.04294681123736,0.999999999999994,1,"Mad1l1"
"ENSMUSG00000029557.8",210.971051519783,-0.270775832398285,0.0435079273044291,-6.22359761023871,1,1,"Mrm2"
"ENSMUSG00000029559.16",882.065264980267,-0.236312655886622,0.0730068966682443,-3.23685386821011,1,1,"2210016L21Rik"
"ENSMUSG00000029560.13",1089.96203096536,-0.251963608248967,0.0649509967324089,-3.87928778502091,1,1,"Snx8"
"ENSMUSG00000029569.10",2297.19277604534,0.247580197083015,0.0475800126239046,5.20344958796055,1,1,"Tmem168"
"ENSMUSG00000029571.15",6532.53520011951,0.182940593307077,0.0923219790174045,1.98154973771294,1,1,"Tmem106b"
"ENSMUSG00000029575.18",768.275662989032,0.00118919196455239,0.0682944994975944,0.0174127048781473,1,1,"Mmab"
"ENSMUSG00000029576.18",61.9988330736948,-0.75838649058072,0.20015346154204,-3.78902510472661,0.886311133665803,1,"Radil"
"ENSMUSG00000029577.14",3466.74537904613,0.136567371564338,0.0413061913640077,3.30622037652535,1,1,"Ube3b"
"ENSMUSG00000029578.16",2788.81131774749,-0.00469419469399462,0.0684853466731326,-0.0685430522298312,1,1,"Wipi2"
"ENSMUSG00000029580.15",115994.584054035,-0.279983607380513,0.090822814591052,-3.08274532826576,0.999999999999999,1,"Actb"
"ENSMUSG00000029581.15",17362.7197942161,-0.381140634302422,0.0722493585225406,-5.27534973453795,1,1,"Fscn1"
"ENSMUSG00000029587.17",1252.43301069648,0.0174258598503873,0.0672453102893597,0.259138663728415,1,1,"Zfp12"
"ENSMUSG00000029591.15",605.92935168283,0.11853027373417,0.10710775531509,1.10664511066895,1,1,"Ung"
"ENSMUSG00000029592.12",1179.95047835382,0.340537156328478,0.0654718048268836,5.20127950083101,1,1,"Usp30"
"ENSMUSG00000029594.13",824.291065563253,-0.328379785558845,0.111275775403724,-2.95104468486009,0.999999999208317,1,"Rbm19"
"ENSMUSG00000029596.14",58.9388715629071,0.846104038826182,0.197645149558526,4.28092488338874,0.781906393764945,1,"Sdsl"
"ENSMUSG00000029598.13",3162.13906621759,0.833588709464181,0.10163518482742,8.2017729478196,0.949220211567484,1,"Plbd2"
"ENSMUSG00000029599.14",2194.39044459668,-0.0490003654279162,0.0506115581521792,-0.968165518251413,1,1,"Ddx54"
"ENSMUSG00000029600.11",199.583373018785,0.117604865255077,0.0669396951514088,1.75687781351664,1,1,"Rita1"
"ENSMUSG00000029601.14",14.8651762654111,0.0930430936446708,0.156623442782889,0.594055985435378,0.999999996496476,1,"Iqcd"
"ENSMUSG00000029610.14",835.970069088078,-0.060255931534939,0.0536462441823307,-1.12320876239059,1,1,"Aimp2"
"ENSMUSG00000029613.16",2009.16365561553,-0.446357812547807,0.0512970755462395,-8.70142805987951,1,1,"Eif2ak1"
"ENSMUSG00000029614.14",26954.5052186031,0.581924883817876,0.0890930475160071,6.53165314289337,0.999998651010923,1,"Rpl6"
"ENSMUSG00000029616.10",3370.13834169693,0.0352253699253214,0.0423438642040292,0.831888411402223,1,1,"Erp29"
"ENSMUSG00000029617.11",2245.30218596921,-0.171142190760301,0.0512300998863162,-3.34065697978492,1,1,"Ccz1"
"ENSMUSG00000029621.15",3605.77440813498,0.0416430004160965,0.0587752640774649,0.708512349025123,1,1,"Arpc1a"
"ENSMUSG00000029622.17",4097.39517340007,0.729824460347891,0.124581371947461,5.85821498783684,0.984946021752744,1,"Arpc1b"
"ENSMUSG00000029623.15",5042.20930338705,-0.0302203875406902,0.0650826139345849,-0.464338871992219,1,1,"Pdap1"
"ENSMUSG00000029624.11",623.003877325259,-0.18165138798881,0.0473385748470077,-3.83728045417261,1,1,"Ptcd1"
"ENSMUSG00000029625.17",713.027157671624,-0.237097288169617,0.0632515068433449,-3.74848442357011,1,1,"Cpsf4"
"ENSMUSG00000029627.13",149.203579330997,-0.103428421856956,0.0936271622991398,-1.10468393270856,1,1,"Zkscan14"
"ENSMUSG00000029629.18",3528.55593599463,-0.167314212362653,0.0537221487073963,-3.11443634307981,1,1,"Phf14"
"ENSMUSG00000029632.8",3629.95026286146,0.0986983246991523,0.0551459584355694,1.78976533365483,1,1,"Ndufa4"
"ENSMUSG00000029633.10",7.68695808600516,-0.17984302729235,0.237629239344897,-0.756821962600842,0.999721515067399,1,"Gm5578"
"ENSMUSG00000029634.16",1355.934592086,0.320480149414915,0.087330704949921,3.66973047565219,0.999999999999996,1,"Rnf6"
"ENSMUSG00000029635.16",2119.46988095414,-0.238568589778564,0.0787644276169475,-3.02888749396856,1,1,"Cdk8"
"ENSMUSG00000029636.12",2940.19197462916,-0.278399174349694,0.0705676921774376,-3.94513644643045,1,1,"Wasf3"
"ENSMUSG00000029638.18",480.017075351554,-0.330835769649914,0.144297978946044,-2.29272628810429,0.9999982357137,1,"Glcci1"
"ENSMUSG00000029640.18",2480.73828229067,0.183404270307633,0.123227049023734,1.48834425364116,0.999999999982843,1,"Usp12"
"ENSMUSG00000029641.10",546.88222012163,1.18530292926956,0.194026896146881,6.10896196768652,0.169779409130112,1,"Rasl11a"
"ENSMUSG00000029642.12",2790.55787349467,0.157912169363036,0.073670023588123,2.14350643140685,1,1,"Polr1d"
"ENSMUSG00000029647.16",2562.46571418643,0.0580937279234327,0.0814972840698352,0.712830232154142,1,1,"Pan3"
"ENSMUSG00000029648.14",354.02344350419,1.14596205123293,0.268343429364897,4.27050535183642,0.293242244931622,1,"Flt1"
"ENSMUSG00000029649.11",3413.23614976782,-0.00024508829290138,0.0684799359869347,-0.00357897958532176,1,1,"Pomp"
"ENSMUSG00000029650.11",115.096448882307,-0.000147214670664016,0.149629395223779,-0.000983861964046893,0.999999999999843,1,"Slc46a3"
"ENSMUSG00000029655.18",2917.90242653384,-0.0457518648654482,0.0629767927991443,-0.726487692241925,1,1,"N4bp2l2"
"ENSMUSG00000029657.16",4437.51179990697,-0.35891459985675,0.107482328921152,-3.3392893832813,0.999999998773571,1,"Hsph1"
"ENSMUSG00000029660.11",13.4401920123064,-0.986897177981789,0.277679302049274,-3.55408981043415,0.518817860975112,1,"Tex26"
"ENSMUSG00000029661.17",122.41117547694,-1.40809141426665,0.393229884144156,-3.58083520872604,0.149683104341632,1,"Col1a2"
"ENSMUSG00000029669.15",4184.99593490196,-0.243017883101055,0.0829393853988597,-2.93006611915882,1,1,"Tspan12"
"ENSMUSG00000029670.13",949.653369458804,-0.0639362872319574,0.0505822407159741,-1.26400662222475,1,1,"Ing3"
"ENSMUSG00000029672.17",4312.21542211221,-0.00316664226316682,0.0765261851009055,-0.0413798526477096,1,1,"Fam3c"
"ENSMUSG00000029673.20",869.995031736209,-0.20998031220609,0.131841281742567,-1.59267499094933,0.999999998964912,1,"Auts2"
"ENSMUSG00000029674.14",1210.53921724156,-0.686746074823236,0.0716612549155761,-9.583227025989,0.999993824979272,1,"Limk1"
"ENSMUSG00000029676.16",976.964114273692,0.249575252837493,0.0695195402028072,3.59000148892549,1,1,"Pot1a"
"ENSMUSG00000029681.13",700.574902299157,-0.211714461155144,0.0582987439583628,-3.63154412565648,1,1,"Bcl7b"
"ENSMUSG00000029684.15",3310.20382241106,0.192811864685391,0.0519163882132854,3.7138921123186,1,1,"Wasl"
"ENSMUSG00000029686.16",4376.45834587776,-0.0350658218680468,0.0899798028300697,-0.389707698451729,1,1,"Cul1"
"ENSMUSG00000029687.17",3375.0584843721,-0.147516748401293,0.0980608862027426,-1.50433831585306,1,1,"Ezh2"
"ENSMUSG00000029695.14",26.3275968061924,-0.304072115998132,0.291321424039359,-1.04376846639693,0.991553566004963,1,"Aass"
"ENSMUSG00000029701.16",2190.69530681824,-0.272285322677708,0.064306496872607,-4.2341806181281,1,1,"Rbm28"
"ENSMUSG00000029703.11",849.134840419295,-0.082050781600348,0.0611468820372673,-1.34186370370185,1,1,"Lrwd1"
"ENSMUSG00000029705.18",4885.82999364275,0.0412258356869899,0.0512904774017051,0.803771728699475,1,1,"Cux1"
"ENSMUSG00000029708.10",1207.95114613335,0.436685166689792,0.0932679235973222,4.68205091147038,0.999999999228228,1,"Gcc1"
"ENSMUSG00000029713.16",10971.2863968566,0.114217698842593,0.0493369994660366,2.31505158559998,1,1,"Gnb2"
"ENSMUSG00000029714.12",1104.71628329312,0.131570005406805,0.0659807864563777,1.99406543136297,1,1,"Gigyf1"
"ENSMUSG00000029715.6",430.472327814546,0.0227661161884356,0.042775950633674,0.53221765621063,1,1,"Pop7"
"ENSMUSG00000029720.10",378.976916778633,-0.446306526598816,0.100272469294964,-4.45093782707145,0.99999998323131,1,"Gm20605"
"ENSMUSG00000029722.16",1118.60442177617,0.13465537268448,0.0678805516263461,1.98371064256668,1,1,"Agfg2"
"ENSMUSG00000029725.11",417.764881980325,-0.154184739663233,0.112679685313722,-1.36834549398991,0.99999999999997,1,"Ppp1r35"
"ENSMUSG00000029726.17",1414.32486174429,-0.0819901199445008,0.0609793574389333,-1.34455532803225,1,1,"Mepce"
"ENSMUSG00000029727.8",24.6857135200727,-0.984753717590744,0.309905355862703,-3.17759502687337,0.519618680136721,1,"Cyp3a13"
"ENSMUSG00000029729.13",3422.23868934917,-0.269780382314447,0.0676816228142929,-3.9860211841356,1,1,"Zkscan1"
"ENSMUSG00000029730.17",4565.5487103122,-0.210905078197079,0.0998741607325722,-2.11170814002441,0.999999999999999,1,"Mcm7"
"ENSMUSG00000029735.18",246.753054831762,-0.199642776925155,0.0831117959827757,-2.40209917935751,1,1,"Tpk1"
"ENSMUSG00000029752.13",9046.2173824222,0.600888466361036,0.0976124578473274,6.15585837722545,0.999978313458081,1,"Asns"
"ENSMUSG00000029761.17",13276.3357282951,0.136219188248143,0.116927232684533,1.1649911241435,0.999999999999925,1,"Cald1"
"ENSMUSG00000029762.7",170.806811778654,0.138304389274789,0.18686982974852,0.740110853961347,0.999997998878759,1,"Akr1b8"
"ENSMUSG00000029763.18",7387.54285368077,-0.27735810413333,0.0600162125699371,-4.62138632640511,1,1,"Exoc4"
"ENSMUSG00000029765.13",358.06468925844,-0.103616590920856,0.241422920806731,-0.429191191021192,0.999899981730781,1,"Plxna4"
"ENSMUSG00000029767.17",19657.3291963693,0.510639699092513,0.0881066529931068,5.79569966336667,0.999999986054185,1,"Calu"
"ENSMUSG00000029769.18",798.594777402218,0.607814159883658,0.156488411305878,3.88408416196137,0.993897574184854,1,"Ccdc136"
"ENSMUSG00000029771.13",46.4004293127006,0.675000946972725,0.245430533961428,2.75027290238796,0.907281643957446,1,"Irf5"
"ENSMUSG00000029772.18",3992.67647864361,0.255929979642642,0.0929997201333857,2.75194354644908,0.999999999999999,1,"Ahcyl2"
"ENSMUSG00000029775.15",5926.59035408043,-0.0850221805854516,0.074124973047567,-1.14701128499422,1,1,"Klhdc10"
"ENSMUSG00000029776.12",2448.959352493,0.135520743886668,0.0643698749048339,2.10534421710506,1,1,"Hibadh"
"ENSMUSG00000029777.11",8922.35074275777,0.281955321344146,0.0684771852622432,4.11750746273168,1,1,"Gars1"
"ENSMUSG00000029778.13",2666.49736684442,-0.801323057873556,0.156209016399694,-5.12981309493173,0.898289639011419,1,"Adcyap1r1"
"ENSMUSG00000029780.15",1486.83900739279,-0.160313469506882,0.0632428082472622,-2.53488853436267,1,1,"Nt5c3"
"ENSMUSG00000029781.8",10026.7491855804,0.513815880799574,0.0666688065941945,7.70699082596622,0.999999999999848,1,"Fkbp9"
"ENSMUSG00000029782.21",3305.93424438878,-0.0394265449749426,0.0591519356270807,-0.666530089961967,1,1,"Tmem209"
"ENSMUSG00000029787.11",1990.48957438505,-0.378208988025472,0.0636987581843119,-5.93746250014995,1,1,"Avl9"
"ENSMUSG00000029790.17",897.97758383101,0.299559862850183,0.0853401489066196,3.51018678415907,1,1,"Cep41"
"ENSMUSG00000029797.15",25.028600770524,1.00034887533285,0.233854062205336,4.2776630258169,0.499404837923607,1,"Sspo"
"ENSMUSG00000029798.12",568.232125875521,-0.715920129970125,0.125805833381275,-5.69067515176671,0.988029721771542,1,"Herc6"
"ENSMUSG00000029802.14",2415.89363038629,0.223149004746294,0.0874029250616133,2.55310682782057,1,1,"Abcg2"
"ENSMUSG00000029804.18",1892.58758106158,-0.209644938344302,0.106575193263312,-1.96710821650905,0.99999999999994,1,"Herc3"
"ENSMUSG00000029810.16",4695.20245795296,-0.0152639050192944,0.0852766238832836,-0.178992839118324,1,1,"Tmem176b"
"ENSMUSG00000029814.11",108.493694613444,-1.30117974762723,0.311614519223966,-4.17560693534961,0.166893560819062,1,"Igf2bp3"
"ENSMUSG00000029815.13",570.933362036296,0.446828168579239,0.0865151925594867,5.16473645102282,0.999999999919161,1,"Malsu1"
"ENSMUSG00000029817.12",3944.36941998321,-0.151791837123465,0.068573810385709,-2.21355407071121,1,1,"Tra2a"
"ENSMUSG00000029821.16",339.611637563715,-0.234212835446246,0.0691508889884494,-3.38698227705167,1,1,"Gsdme"
"ENSMUSG00000029822.16",867.647420619848,0.703929051556303,0.0963863749517605,7.30320080933229,0.998935816430911,1,"Osbpl3"
"ENSMUSG00000029823.17",6748.60802860548,0.0324205754460216,0.0425072143291296,0.762707600526158,1,1,"Luc7l2"
"ENSMUSG00000029826.15",1826.50190267482,-0.0763270511968635,0.051982372203233,-1.46832566429349,1,1,"Zc3hav1"
"ENSMUSG00000029833.18",2841.95036922571,-0.307788294619931,0.0430945726978207,-7.14215910152175,1,1,"Trim24"
"ENSMUSG00000029836.16",15227.4898821337,-0.192273413903347,0.0532815783636854,-3.60862834413315,1,1,"Cbx3"
"ENSMUSG00000029838.12",21727.9942628646,0.257909530526704,0.0945107740193678,2.72889025830908,0.999999999999998,1,"Ptn"
"ENSMUSG00000029840.9",14825.8437346024,0.114978929254442,0.0389126228875161,2.95479771658697,1,1,"Mtpn"
"ENSMUSG00000029843.5",29.0740039216889,-0.915850840783621,0.194836527460155,-4.70061159846382,0.667091577942773,1,"Slc13a4"
"ENSMUSG00000029844.10",298.998539917165,0.310005758161239,0.0958776844553778,3.23334631955487,0.999999999999691,1,"Hoxa1"
"ENSMUSG00000029860.17",2422.57467514787,0.264544680420271,0.105391662175751,2.51011014494786,0.999999999998506,1,"Zyx"
"ENSMUSG00000029862.17",20.2677286541964,-0.973993430903935,0.201397477328856,-4.8361749304016,0.551372829601366,1,"Clcn1"
"ENSMUSG00000029863.14",1249.86698896715,-0.096427657033501,0.0611902427546175,-1.57586655474127,1,1,"Casp2"
"ENSMUSG00000029869.8",267.428416201665,-0.687438313109336,0.193808616191147,-3.54699562186305,0.946598812284811,1,"Ephb6"
"ENSMUSG00000029910.15",2849.29413308882,-0.0341116174398655,0.13887676739248,-0.245625082440626,0.999999999998285,1,"Mad2l1"
"ENSMUSG00000029911.15",1239.43092475931,-0.0956447593680449,0.0512359566145571,-1.86675072913288,1,1,"Ssbp1"
"ENSMUSG00000029913.15",547.673161308415,0.692459178309003,0.0954020486003916,7.25832608909156,0.999367113895936,1,"Prdm5"
"ENSMUSG00000029915.15",37.3845738029427,0.0703234346111119,0.363800499236647,0.193302193808611,0.996327754195095,1,"Clec5a"
"ENSMUSG00000029916.12",941.746181488268,0.00437651192968124,0.0531803477016666,0.0822956621914693,1,1,"Agk"
"ENSMUSG00000029918.10",1512.49311263047,-0.0143872248048186,0.0737783400549663,-0.195006078939968,1,1,"Mrps33"
"ENSMUSG00000029919.6",85.8038080314629,0.168001429131918,0.308355541291958,0.544830258045697,0.996589988547969,1,"Hpgds"
"ENSMUSG00000029920.10",2624.88737699592,-0.328102107162043,0.0673913271604728,-4.86861026465266,1,1,"Smarcad1"
"ENSMUSG00000029922.16",1866.27752820299,-0.0730292400102264,0.0609267333188087,-1.19864033458169,1,1,"Mkrn1"
"ENSMUSG00000029924.13",1993.2654072635,0.133388993228996,0.0615367997118799,2.16762967612117,1,1,"Slc37a3"
"ENSMUSG00000029925.14",71.4895730485985,0.053484358009263,0.381839989303672,0.140070080419806,0.99630846616471,1,"Tbxas1"
"ENSMUSG00000029992.15",4684.409058835,0.0485407834620755,0.0607344269253307,0.799230122344835,1,1,"Gfpt1"
"ENSMUSG00000029993.17",1075.2731175089,0.0368356022679351,0.0525008195503479,0.701619566769049,1,1,"Nfu1"
"ENSMUSG00000029994.18",193.627530397023,1.08773797517928,0.371020452613468,2.9317466665712,0.406531106017629,1,"Anxa4"
"ENSMUSG00000029998.15",7145.76480066274,0.228483011590084,0.092314086988619,2.47506116393972,1,1,"Pcyox1"
"ENSMUSG00000030002.16",7494.79363877518,0.39580489375441,0.0732760136569395,5.40156149333494,1,1,"Dusp11"
"ENSMUSG00000030004.7",25.9971169172844,1.17475671934107,0.236660723526677,4.96388543833996,0.230127440396277,1,"Nat8"
"ENSMUSG00000030007.9",10319.9393410038,0.0805150814672299,0.0944723720038404,0.852260610794835,1,1,"Cct7"
"ENSMUSG00000030008.10",346.284691315098,-0.173951254009359,0.070894919531001,-2.45364907894837,1,1,"Pradc1"
"ENSMUSG00000030016.16",4121.516994141,-0.158300190264429,0.0684791423941922,-2.31165556007101,1,1,"Zfp638"
"ENSMUSG00000030019.7",1399.67010830073,0.0869852764458007,0.0414260089659705,2.09977448026082,1,1,"Fbxl14"
"ENSMUSG00000030020.14",1299.93934779316,-0.111537903847727,0.119072994166788,-0.936718729785973,0.999999999999957,1,"Prickle2"
"ENSMUSG00000030022.15",2794.59769447263,-0.295759339195619,0.109652882563824,-2.69723268810075,0.999999999932953,1,"Adamts9"
"ENSMUSG00000030029.15",9411.50144283021,0.702141308716318,0.152245655140837,4.61189718725825,0.974793019431638,1,"Lrig1"
"ENSMUSG00000030030.6",56.3901522571416,0.765934472700756,0.141550161710282,5.41104625700416,0.950894286469956,1,"1700003E16Rik"
"ENSMUSG00000030031.15",477.140795694857,-1.00336137190908,0.194423865739186,-5.16069037149514,0.493103076273471,1,"Kbtbd8"
"ENSMUSG00000030032.15",223.273633757685,0.455838498267787,0.0963620995848018,4.73047495054458,0.999999991838736,1,"Wdr54"
"ENSMUSG00000030034.13",441.984370930399,0.133065622678958,0.0955889756744857,1.39206034733643,1,1,"Ino80b"
"ENSMUSG00000030035.15",1524.99496389817,-0.349456714955342,0.0811498255921262,-4.30631504634125,0.999999999999999,1,"Wbp1"
"ENSMUSG00000030036.9",1966.27643607884,0.584632327148601,0.0609329588375152,9.59468140563452,0.999999999995345,1,"Mogs"
"ENSMUSG00000030037.10",976.364725730604,0.336539018172983,0.0597733930916649,5.63024785387182,1,1,"Mrpl53"
"ENSMUSG00000030042.16",2109.01642856901,0.224868037950886,0.0561987139580038,4.00130220273235,1,1,"Pole4"
"ENSMUSG00000030045.11",1095.2555871728,0.00817032029284544,0.0508188829837619,0.160773315215451,1,1,"Mrpl19"
"ENSMUSG00000030051.11",445.30895591785,0.197386089556038,0.0482896948537285,4.08754062650279,1,1,"Aplf"
"ENSMUSG00000030055.17",193.524401396338,-0.478251666549152,0.206709890730433,-2.31363707299731,0.994199606963667,1,"Rab43"
"ENSMUSG00000030056.9",838.760707787881,-0.135317698460532,0.104448893204506,-1.29553980237576,1,1,"Isy1"
"ENSMUSG00000030057.16",15354.8630666124,0.364660709008414,0.0639224339160527,5.70473754937604,1,1,"Cnbp"
"ENSMUSG00000030058.18",6129.94203518958,0.210362503290266,0.0566052459813046,3.71630755495249,1,1,"Copg1"
"ENSMUSG00000030059.16",2066.90401278,0.0401925750606385,0.0507178701339108,0.792473638078998,1,1,"Tmf1"
"ENSMUSG00000030060.15",515.074868186771,-0.0268178161539164,0.0602215251656103,-0.445319444835828,1,1,"Hmces"
"ENSMUSG00000030061.17",3396.74217255803,0.184005276134333,0.0420358698585383,4.3773395615116,1,1,"Uba3"
"ENSMUSG00000030062.8",8015.95108478321,0.0157569894576069,0.0725990593081338,0.217041234525218,1,1,"Rpn1"
"ENSMUSG00000030064.17",444.954385580046,0.30991251252245,0.118223785395332,2.62140576438256,0.999999997344601,1,"Frmd4b"
"ENSMUSG00000030067.18",935.954450551003,0.0257467454005417,0.159332673832787,0.161591121150467,0.99999999957658,1,"Foxp1"
"ENSMUSG00000030079.16",1354.2136290443,0.0649700960051721,0.0457318082141069,1.42067629823416,1,1,"Ruvbl1"
"ENSMUSG00000030082.15",8607.32682484845,0.166172850619669,0.0534606180152112,3.10832266421589,1,1,"Sec61a1"
"ENSMUSG00000030083.12",319.745928001343,0.495930264792936,0.111061570118609,4.46536334992657,0.99999716924112,1,"Abtb1"
"ENSMUSG00000030084.13",3604.3595817717,0.259432349321717,0.130488870445374,1.98815690898575,0.999999993079,1,"Plxna1"
"ENSMUSG00000030086.17",455.973164050042,-0.263621790043384,0.0773873965095622,-3.40652098317858,1,1,"Chchd6"
"ENSMUSG00000030087.12",389.659893137699,0.382867056898584,0.162405004657967,2.35748311885413,0.999927641035312,1,"Klf15"
"ENSMUSG00000030089.16",226.422373799313,0.777605190173729,0.106142788671008,7.32602939785136,0.98192524933058,1,"Slc41a3"
"ENSMUSG00000030091.18",3498.57125851824,-0.0934027008189248,0.108181452540775,-0.863389228238734,1,1,"Nup210"
"ENSMUSG00000030094.9",743.008709717745,0.122883327029942,0.0683830276694749,1.79698576120219,1,1,"Xpc"
"ENSMUSG00000030095.11",3293.62208568812,0.270947722755992,0.0471810486327442,5.7427236275531,1,1,"Tmem43"
"ENSMUSG00000030096.9",316.407669270411,-0.358454524884744,0.299814609007985,-1.19558725330558,0.983817762124567,1,"Slc6a6"
"ENSMUSG00000030101.16",1883.14176571486,0.296683375638815,0.0699556040493253,4.2410237131199,1,1,"Sumf1"
"ENSMUSG00000030102.12",3472.64461573317,0.920051477593789,0.15625767764657,5.88804013633684,0.695550398284477,1,"Itpr1"
"ENSMUSG00000030103.12",3777.06394027327,0.980037892378479,0.14918190257537,6.56941542814379,0.553223794980033,1,"Bhlhe40"
"ENSMUSG00000030104.10",3585.17937278226,0.407627828568259,0.086161506848279,4.73097376634844,0.999999999996903,1,"Edem1"
"ENSMUSG00000030105.9",5801.56903502967,0.160440225627358,0.0760076190786696,2.11084398606538,1,1,"Arl8b"
"ENSMUSG00000030107.11",478.427957795173,-1.26335806568304,0.251494685527708,-5.02339865763826,0.147510244939484,1,"Usp18"
"ENSMUSG00000030108.15",89.9865737642318,1.33857280380751,0.287613717932895,4.65406453290182,0.119562051698215,1,"Slc6a13"
"ENSMUSG00000030110.14",80.1906085983947,0.171038089140586,0.319802784315165,0.534823639846826,0.995355695072611,1,"Ret"
"ENSMUSG00000030116.15",32.0856885972653,-0.561092846031952,0.216046708237776,-2.59709046533783,0.978899788818149,1,"Mfap5"
"ENSMUSG00000030120.15",8074.74905435883,-0.0160244873358573,0.0398693859723121,-0.401924608194009,1,1,"Mlf2"
"ENSMUSG00000030122.14",8546.83003183588,-0.182984582784942,0.0780775466831842,-2.34362618394555,1,1,"Ptms"
"ENSMUSG00000030123.16",6515.14470390668,0.954170779670103,0.0764492491107287,12.4811007402844,0.725571069052967,1,"Plxnd1"
"ENSMUSG00000030124.3",103.260698619127,0.165089154461876,0.238487582121783,0.692233754869359,0.999768633707116,1,"Lag3"
"ENSMUSG00000030126.18",1403.64074052894,0.0886686618693066,0.0511682638600035,1.73288392414299,1,1,"Tmcc1"
"ENSMUSG00000030127.16",2233.21437710547,0.296161274010298,0.0481525316195544,6.15048189678212,1,1,"Cops7a"
"ENSMUSG00000030134.12",225.394851781945,-0.10142582201934,0.239378973250271,-0.423703973002254,0.999915003989935,1,"Rasgef1a"
"ENSMUSG00000030137.9",40.2618971120358,0.224481609692165,0.165987574187588,1.35240008651775,0.999998509664466,1,"Tuba8"
"ENSMUSG00000030138.9",2416.78223825886,0.136233273757401,0.0542249882049409,2.51237074026671,1,1,"Bms1"
"ENSMUSG00000030144.5",78.8036846116735,0.181467900384023,0.40081860759551,0.452743203397266,0.981032782110262,1,"Clec4d"
"ENSMUSG00000030145.15",282.99662362791,-0.228048295815854,0.0812062107888743,-2.80826175240156,1,1,"Zfp248"
"ENSMUSG00000030154.11",10.2324207838212,-0.495700791378441,0.212929052769065,-2.32800918865713,0.991067173132448,1,"Klrb1f"
"ENSMUSG00000030156.6",11.3701264384058,-0.0571548035311935,0.315265577356106,-0.181290973821207,0.99900740929654,1,"Cd69"
"ENSMUSG00000030157.6",120.727915854908,-0.146206221565948,0.186093067268872,-0.785661839592902,0.999997762732185,1,"Clec2d"
"ENSMUSG00000030161.9",3416.59612697677,0.0961574629310192,0.102314360311511,0.93982372208802,1,1,"Gabarapl1"
"ENSMUSG00000030166.15",480.590058518088,0.232878509836489,0.0816116238871704,2.85349682734469,1,1,"Rad52"
"ENSMUSG00000030168.14",3555.4105195543,0.342467162276485,0.0629412427971232,5.4410613304912,1,1,"Adipor2"
"ENSMUSG00000030170.15",162.51155953484,-0.09977195656039,0.103080238925788,-0.967905755750334,1,1,"Wnt5b"
"ENSMUSG00000030172.16",2802.69492309225,-0.283728298922813,0.0939832654434716,-3.01892360926177,0.999999999999987,1,"Erc1"
"ENSMUSG00000030177.15",592.437345783484,0.137297530332861,0.0641445621596008,2.14043912235687,1,1,"Ccdc77"
"ENSMUSG00000030180.16",3900.8338764224,0.187458034281782,0.0723780626133552,2.58998414040433,1,1,"Kdm5a"
"ENSMUSG00000030188.13",589.113200417686,0.0253404977908134,0.0836867408521283,0.302801824193264,1,1,"Magohb"
"ENSMUSG00000030189.16",8598.63275602462,0.565589818398489,0.102587437618018,5.5132463733469,0.999988548787218,1,"Ybx3"
"ENSMUSG00000030199.17",1960.07430844424,0.322046201602376,0.0547335924594136,5.88388569307197,1,1,"Etv6"
"ENSMUSG00000030201.16",5345.05299628926,0.157603415817736,0.0550953854553942,2.86055564390839,1,1,"Lrp6"
"ENSMUSG00000030203.18",1575.23401008109,0.165820957870233,0.0820166439481418,2.02179642921112,1,1,"Dusp16"
"ENSMUSG00000030204.11",1931.64435704481,0.118091268271428,0.044983178985926,2.62523171846915,1,1,"Ddx47"
"ENSMUSG00000030207.16",3672.09060282243,0.00348584969674027,0.0722736466836178,0.0482312690267281,1,1,"Fam234b"
"ENSMUSG00000030208.16",1737.88060641606,1.05637342441612,0.152306511702941,6.93583887257869,0.355642288623134,1,"Emp1"
"ENSMUSG00000030213.13",5572.27811962029,-0.457379291403776,0.185569743196649,-2.46472988281871,0.998272618295964,1,"Atf7ip"
"ENSMUSG00000030216.13",4024.24945732273,0.0116491989768263,0.0784269344589675,0.148535691942939,1,1,"Wbp11"
"ENSMUSG00000030218.3",152.023812229867,-1.10353887811358,0.400152661310244,-2.75779467391318,0.397914743178011,1,"Mgp"
"ENSMUSG00000030220.14",124.924193659826,0.278904944440203,0.259642829698388,1.07418696970831,0.997259435881707,1,"Arhgdib"
"ENSMUSG00000030222.14",49.5671844531314,-0.61392891602831,0.167335715748854,-3.66884566920385,0.989477184498954,1,"Rerg"
"ENSMUSG00000030223.15",3095.0417500028,-0.404083878333313,0.0856764608937737,-4.71639320903227,0.999999999998243,1,"Ptpro"
"ENSMUSG00000030224.11",6097.83329063194,-0.105152651170494,0.0462523218015695,-2.27345670605721,1,1,"Strap"
"ENSMUSG00000030226.13",632.783002907352,-0.772919055473624,0.150394809713996,-5.13926682006829,0.934465377068176,1,"Lmo3"
"ENSMUSG00000030231.12",1950.67701909758,0.640652595645147,0.0704320243226287,9.09604120861986,0.999999831999176,1,"Plekha5"
"ENSMUSG00000030232.20",4447.62620812987,0.252326558452369,0.0461319058209886,5.46967557402686,1,1,"Aebp2"
"ENSMUSG00000030235.18",95.5229949428131,-0.475405414854964,0.191017416887205,-2.48880663659948,0.996986584970329,1,"Slco1c1"
"ENSMUSG00000030243.17",1438.35068099562,-0.586332766010271,0.0987795906650613,-5.93576833091352,0.999985915206063,1,"Recql"
"ENSMUSG00000030245.11",2603.33017622573,0.129688124582965,0.0719857087612814,1.80158154742959,1,1,"Golt1b"
"ENSMUSG00000030246.13",4929.42915308987,0.0246752095972872,0.0965683769805705,0.255520599691261,1,1,"Ldhb"
"ENSMUSG00000030254.17",960.922735112566,0.117189730930845,0.0996623284820366,1.17586788022886,1,1,"Rad18"
"ENSMUSG00000030255.14",2735.6768246674,0.591027950025816,0.075089584910493,7.87097106383427,0.999999974308212,1,"Sspn"
"ENSMUSG00000030256.12",1344.67762960723,0.609124642420379,0.163568015618969,3.72398381257697,0.991568490770296,1,"Bhlhe41"
"ENSMUSG00000030257.17",4237.0849882739,-0.782214050454325,0.107720067174482,-7.26154439903304,0.978400300290921,1,"Srgap3"
"ENSMUSG00000030259.13",1107.44099030425,0.246727129343458,0.0739779128078195,3.33514585609367,1,1,"Rassf8"
"ENSMUSG00000030264.15",1566.98308705599,0.0364868151611054,0.0403019045050027,0.905337244213266,1,1,"Thumpd3"
"ENSMUSG00000030265.15",4764.84954354579,-0.314350861440797,0.0792818757018788,-3.96497760248308,1,1,"Kras"
"ENSMUSG00000030268.18",3064.52146100531,-0.133254464593606,0.119176879420321,-1.11812345852449,0.999999999999824,1,"Bcat1"
"ENSMUSG00000030269.15",630.392633835058,0.027245047051434,0.0788712801526274,0.345436856086409,1,1,"Mtmr14"
"ENSMUSG00000030271.15",462.071185107916,0.204235420228724,0.0581048586538104,3.51494565102657,1,1,"Ogg1"
"ENSMUSG00000030272.16",2433.48627859419,0.142377128537534,0.0897273511393047,1.58677512185207,1,1,"Camk1"
"ENSMUSG00000030275.7",7735.29772194553,0.0306928649413918,0.0756600361178523,0.405668124365985,1,1,"Etnk1"
"ENSMUSG00000030276.20",150.574442797893,-0.0477067713683513,0.123335766618742,-0.386804028354755,0.999999999999994,1,"Ttll3"
"ENSMUSG00000030279.16",1049.20797099614,-0.30398352481259,0.0676430439873894,-4.49393621122758,1,1,"C2cd5"
"ENSMUSG00000030281.17",711.424840725592,1.1481983928597,0.217984680481969,5.26733525640891,0.248297531670831,1,"Il17rc"
"ENSMUSG00000030282.15",1903.13048731122,-0.240269126403976,0.0685082270823757,-3.50715726616412,1,1,"Cmas"
"ENSMUSG00000030283.8",2248.78968043811,-0.197789800607366,0.12915411199976,-1.5314247262041,0.999999999737198,1,"St8sia1"
"ENSMUSG00000030284.14",2084.02834713649,0.363945321678976,0.0917164250272451,3.96815861031285,0.999999999997969,1,"Creld1"
"ENSMUSG00000030286.7",3672.14599536603,0.25943590659806,0.0330845390413737,7.84160559932914,1,1,"Emc3"
"ENSMUSG00000030287.16",3882.99935421411,0.975907921552085,0.0806742255495244,12.0968985435502,0.617390395522471,1,"Itpr2"
"ENSMUSG00000030291.13",1255.02541519079,0.176652457460277,0.0730373932086152,2.41865775460672,1,1,"Med21"
"ENSMUSG00000030298.11",3614.40944908366,-0.0865642285730919,0.0462201827782497,-1.87286642695466,1,1,"Sec13"
"ENSMUSG00000030301.18",1157.28010185189,0.0466804528811343,0.183287416793301,0.254684438778344,0.999999906640741,1,"Ccdc91"
"ENSMUSG00000030304.12",2931.51760800707,0.0536246811534652,0.0478865452250945,1.11982772825641,1,1,"Ergic2"
"ENSMUSG00000030306.15",289.057244974627,-0.496858391046366,0.151713729368942,-3.27497315577874,0.999544054537689,1,"Tmtc1"
"ENSMUSG00000030309.17",607.920111426304,0.170448992463544,0.0777728758935178,2.1916251714404,1,1,"Caprin2"
"ENSMUSG00000030313.16",1963.01572491947,-0.203816613287753,0.0646966535269151,-3.15034243931892,1,1,"Dennd5b"
"ENSMUSG00000030314.17",830.765332023798,-0.0427814707233698,0.0687187331101378,-0.622559072135433,1,1,"Atg7"
"ENSMUSG00000030315.16",1706.39676595483,-0.178168200728124,0.0828258462390876,-2.15111838657003,1,1,"Vgll4"
"ENSMUSG00000030316.14",540.634819011601,-0.106534946241259,0.0582475779194805,-1.82900216706915,1,1,"Tamm41"
"ENSMUSG00000030317.9",1447.05199189242,0.575175878590692,0.208312640160358,2.76111847148558,0.979292861816724,1,"Timp4"
"ENSMUSG00000030319.9",1623.06541243065,-0.134203443752753,0.0583663995262675,-2.29932709301959,1,1,"Cand2"
"ENSMUSG00000030322.13",293.90472060085,-0.0758509790341135,0.0572221899686541,-1.32555183706992,1,1,"Mbd4"
"ENSMUSG00000030323.14",984.774459007419,-0.201884793167527,0.0885350816087693,-2.2802801951394,1,1,"Ift122"
"ENSMUSG00000030325.17",15.2920780209663,1.23544843117165,0.268103909681368,4.60809554265708,0.189918023344072,1,"Klrb1c"
"ENSMUSG00000030327.9",2559.60518683436,0.0976504560509873,0.0590348060797025,1.65411665652209,1,1,"Necap1"
"ENSMUSG00000030330.16",1324.46001420557,-0.0241507268008491,0.0490453154764221,-0.492416585891048,1,1,"Ing4"
"ENSMUSG00000030335.7",2055.21669226289,0.201389602837231,0.0635781498659324,3.16759143293572,1,1,"Mrpl51"
"ENSMUSG00000030337.17",373.484704288125,0.588806015753906,0.14477244495736,4.0671138484076,0.997746287998543,1,"Vamp1"
"ENSMUSG00000030339.8",2612.41455513319,0.342845817942639,0.0644881073719482,5.31641928898931,1,1,"Ltbr"
"ENSMUSG00000030340.17",66.810489273124,-0.0392860545990231,0.092309510772048,-0.42559054067611,1,1,"Scnn1a"
"ENSMUSG00000030341.18",3806.25509983373,0.622259408643924,0.10776501658945,5.77422458917752,0.99977188891776,1,"Tnfrsf1a"
"ENSMUSG00000030342.9",9388.47800720958,0.0086582141398658,0.0905505752211597,0.0956174394112801,1,1,"Cd9"
"ENSMUSG00000030344.12",51.348365628266,0.672906259002085,0.157042584127915,4.28486491570965,0.98136685252307,1,"Akap3"
"ENSMUSG00000030346.17",836.532022337366,0.0450998734450709,0.12343647123053,0.365369108461002,0.999999999999995,1,"Rad51ap1"
"ENSMUSG00000030347.7",599.860967373607,-0.45219263765358,0.0778860117864781,-5.80582606916953,0.999999999998993,1,"D6Wsu163e"
"ENSMUSG00000030353.16",56.4206866437786,0.765936287559843,0.200864866591723,3.81319192627491,0.878047063951606,1,"Tead4"
"ENSMUSG00000030357.11",7062.66858021445,-0.0600798719303521,0.0584228263136967,-1.02836298277933,1,1,"Fkbp4"
"ENSMUSG00000030374.16",4073.07257678313,-0.147925027534194,0.0497807814042362,-2.9715288382678,1,1,"Strn4"
"ENSMUSG00000030380.18",107.537230232696,-0.247214197193866,0.0888197268083748,-2.78332534986536,1,1,"Mzf1"
"ENSMUSG00000030386.20",1306.84592956322,-0.374830847683494,0.0537434530463062,-6.97444668024092,1,1,"Zfp606"
"ENSMUSG00000030393.9",778.217086006789,-0.824558333903742,0.0845883624192453,-9.74789333096418,0.980963310131237,1,"Zik1"
"ENSMUSG00000030397.12",2230.9758988908,0.120516569957478,0.036431004681963,3.30807703519486,1,1,"Mark4"
"ENSMUSG00000030400.18",1089.46254220679,0.453770695714293,0.0891585266781906,5.08948176490328,0.999999999550821,1,"Ercc2"
"ENSMUSG00000030401.17",678.463630817076,-0.537809562925091,0.10001566750547,-5.37725314781986,0.999998092185534,1,"Rtn2"
"ENSMUSG00000030403.10",1926.36407297752,0.453927908015573,0.0852635013393782,5.3238243900961,0.99999999992458,1,"Vasp"
"ENSMUSG00000030406.8",62.4108617424736,-0.0326728107256897,0.271113009403409,-0.120513621967411,0.999889893035625,1,"Gipr"
"ENSMUSG00000030407.3",613.710570340369,0.129908803689977,0.049706072171717,2.61353991603254,1,1,"Qpctl"
"ENSMUSG00000030409.17",290.37945247423,-0.109197641078347,0.121361809327302,-0.899769389428354,0.999999999999893,1,"Dmpk"
"ENSMUSG00000030410.17",2372.99402876025,0.0501429143840092,0.0526577451768245,0.952241958246208,1,1,"Dmwd"
"ENSMUSG00000030411.17",1701.9513387554,-0.543072657345643,0.08772306511794,-6.19076244788648,0.999999904940458,1,"Nova2"
"ENSMUSG00000030417.16",1993.50710271676,0.194364757205202,0.0666028128899717,2.91826649313285,1,1,"Pdcd5"
"ENSMUSG00000030421.10",2089.9916843824,-0.206263142067675,0.0530470965822356,-3.88830219478493,1,1,"Uri1"
"ENSMUSG00000030423.8",1906.68100689971,0.0577638907773974,0.040845076928163,1.41421916964413,1,1,"Pop4"
"ENSMUSG00000030432.13",16695.34348993,0.547287607396846,0.113635515803478,4.81616687817325,0.999966103120982,1,"Rpl28"
"ENSMUSG00000030435.18",8762.24071718469,-0.0452707021758662,0.0329704467055386,-1.37306911793407,1,1,"U2af2"
"ENSMUSG00000030446.18",245.993839355057,-0.466818797907251,0.0675993548877016,-6.905669420703,0.999999999999998,1,"Zfp273"
"ENSMUSG00000030447.16",5846.04516092458,0.106270811922342,0.0714960830341084,1.48638649017518,1,1,"Cyfip1"
"ENSMUSG00000030451.17",4212.42335283219,-0.218789340913342,0.0650750875999726,-3.362105976073,1,1,"Herc2"
"ENSMUSG00000030452.17",1958.64795941301,-0.150247405673647,0.0736531931496865,-2.03993064317384,1,1,"Nipa2"
"ENSMUSG00000030465.21",2282.24740576403,0.00447294269964054,0.126847924284415,0.0352622459127627,0.999999999999999,1,"Psd3"
"ENSMUSG00000030469.11",785.372751675339,0.0688306271235155,0.0656512063684241,1.0484289768759,1,1,"Zfp719"
"ENSMUSG00000030471.18",1081.7405607002,0.0358770941621492,0.046854481739236,0.765713178982955,1,1,"Zdhhc13"
"ENSMUSG00000030486.10",123.354940344386,-0.116380523329284,0.110396540101913,-1.05420444537344,0.999999999999999,1,"Zfp108"
"ENSMUSG00000030491.17",9.16855215142705,-0.137286574501171,0.200797508228413,-0.683706564451008,0.999991329055985,1,"Tdrd12"
"ENSMUSG00000030493.14",273.76421607664,-0.142006552358475,0.0624093156471179,-2.27540633775614,1,1,"Faap24"
"ENSMUSG00000030494.15",24.0805363189767,0.647942590936665,0.251351223951769,2.57783742107815,0.919341998460799,1,"Rhpn2"
"ENSMUSG00000030498.16",815.401123931646,-0.399806092996912,0.0989215849018167,-4.04164665774142,0.999999999349893,1,"Gas2"
"ENSMUSG00000030499.10",885.129522751409,0.411235543330056,0.095280678035938,4.31604341831978,0.999999999677994,1,"Kctd15"
"ENSMUSG00000030505.18",1527.68217842093,0.182025894422914,0.0588919119452235,3.09084708596691,1,1,"Prmt3"
"ENSMUSG00000030509.18",1272.22954793318,0.0100236215347768,0.0709664577397583,0.141244495695903,1,1,"Asb7"
"ENSMUSG00000030510.12",41.7381047980403,-0.455529961775812,0.117191263159315,-3.88706418461027,0.999998307795089,1,"Cers3"
"ENSMUSG00000030512.14",1520.93937736691,0.141134332739328,0.0589899007240656,2.39251687165072,1,1,"Snrpa1"
"ENSMUSG00000030515.10",1270.77305558424,-0.270633006648371,0.0641854634065587,-4.21642210377368,1,1,"Tars3"
"ENSMUSG00000030516.15",10267.5947810572,0.379258595207828,0.0585934430679839,6.47271393093913,1,1,"Tjp1"
"ENSMUSG00000030518.18",238.879146337435,0.593291361447713,0.230976710246563,2.56861984402837,0.960865646606836,1,"Entrep2"
"ENSMUSG00000030521.12",1617.22055991698,-0.110935070240001,0.0595299440752502,-1.86351712509206,1,1,"Mphosph10"
"ENSMUSG00000030522.15",1740.34110240674,-0.332982653661986,0.0961557885546086,-3.46294964314997,0.999999999997995,1,"Mtmr10"
"ENSMUSG00000030525.9",50.2159794085495,-0.431550526809075,0.211750934422896,-2.03801002335701,0.996368290681006,1,"Chrna7"
"ENSMUSG00000030527.16",1046.74070972088,0.183034591609615,0.0974032747478791,1.87914207282441,1,1,"Crtc3"
"ENSMUSG00000030528.13",1237.46485148463,-0.0756464554795152,0.112208552475568,-0.674159445163383,1,1,"Blm"
"ENSMUSG00000030530.16",2126.83242391231,0.872261727461224,0.0997343532084434,8.74585034544927,0.899865418726288,1,"Furin"
"ENSMUSG00000030532.7",107.565646342651,0.889446316572774,0.24241930842657,3.6690407308962,0.675820552529476,1,"Hddc3"
"ENSMUSG00000030533.17",806.157514377472,0.0139341265257201,0.0600661767244933,0.23197958128136,1,1,"Unc45a"
"ENSMUSG00000030534.14",448.725871779776,0.22899872797629,0.0549813554466799,4.16502514563086,1,1,"Vps33b"
"ENSMUSG00000030536.11",5776.91755185246,0.655203472225415,0.115206561002509,5.68720623655403,0.998618094700625,1,"Iqgap1"
"ENSMUSG00000030538.16",727.583771591599,0.491592997295836,0.105433328561364,4.66259582243693,0.999999289623456,1,"Cib1"
"ENSMUSG00000030539.14",2956.43259915442,0.570921550502627,0.178668573496228,3.1954223360645,0.991836728575337,1,"Sema4b"
"ENSMUSG00000030541.17",5986.89025777889,0.554098582577022,0.0756993470935419,7.31972736689949,0.999999998073996,1,"Idh2"
"ENSMUSG00000030545.10",342.841987611127,-0.0811876136408655,0.0738739562745177,-1.09900183684721,1,1,"Pex11a"
"ENSMUSG00000030551.15",1063.79537852661,-0.441843806834816,0.0662132465521515,-6.6730424777889,1,1,"Nr2f2"
"ENSMUSG00000030554.17",187.087187707304,0.0226887409447135,0.155718886502496,0.145703205656752,0.999999999852021,1,"Synm"
"ENSMUSG00000030555.17",457.759310227337,1.13801757249396,0.196912620229228,5.77930236857943,0.241680308207231,1,"Ttc23"
"ENSMUSG00000030556.14",569.13719730322,-0.0109344861524268,0.0806947781563397,-0.135504259411211,1,1,"Lrrc28"
"ENSMUSG00000030557.18",4420.51045278199,0.414153414603389,0.0700994447820383,5.90808409240794,1,1,"Mef2a"
"ENSMUSG00000030559.9",81.9296897410489,0.694342126866573,0.157843730759235,4.39892115782337,0.973594229833608,1,"Rab38"
"ENSMUSG00000030577.15",30.8818310298369,-0.517694860391317,0.411231436724804,-1.25888931185423,0.87968014567713,1,"Cd22"
"ENSMUSG00000030579.11",352.732369120582,0.201827643190583,0.358747754986843,0.562589285605384,0.987359472741209,1,"Tyrobp"
"ENSMUSG00000030583.17",2568.82049820179,0.709240763789502,0.0884626978627869,8.01739920807745,0.999493336959721,1,"Sipa1l3"
"ENSMUSG00000030584.15",1097.9042131852,-0.524340742109116,0.109243254265207,-4.79975395859397,0.999993320159002,1,"Dpf1"
"ENSMUSG00000030588.13",855.337753543233,0.250018062016385,0.0448951028054124,5.56893840069887,1,1,"Yif1b"
"ENSMUSG00000030590.16",336.831570412124,0.126175625801617,0.0699209235298694,1.80454747208418,1,1,"Fam98c"
"ENSMUSG00000030591.18",4183.54590654301,0.22560617792088,0.041149578467392,5.48258782528371,1,1,"Psmd8"
"ENSMUSG00000030592.20",30.9707297290379,-0.12900386926526,0.219290139449755,-0.588279389073116,0.999964478878513,1,"Ryr1"
"ENSMUSG00000030595.16",524.063703606405,-0.00619506254881647,0.0613194036891108,-0.101029399767575,1,1,"Nfkbib"
"ENSMUSG00000030600.16",571.199904958038,-0.825653660910766,0.0933330212813951,-8.84631880094673,0.969119155198558,1,"Lrfn1"
"ENSMUSG00000030602.14",954.507301884999,0.0729237609200123,0.047382295401905,1.53905082692723,1,1,"Pak4"
"ENSMUSG00000030603.17",3916.54694738718,-0.171048983728346,0.0499858318380791,-3.42194932921054,1,1,"Psmc4"
"ENSMUSG00000030604.10",552.897006538886,-0.203665626044237,0.0494469226753698,-4.11887363307414,1,1,"Zfp626"
"ENSMUSG00000030605.16",3734.23826117673,-0.448603677096567,0.101724398899222,-4.40999093581273,0.999999970282437,1,"Mfge8"
"ENSMUSG00000030609.19",2515.86574328319,-0.41157178957201,0.0658791981175391,-6.24737096583507,1,1,"Aen"
"ENSMUSG00000030610.14",306.808860955365,0.0350988831228726,0.0384391667777739,0.913102079599898,1,1,"Det1"
"ENSMUSG00000030611.11",574.081474941028,-0.0819773946548825,0.0516697393107891,-1.58656489752726,1,1,"Mrps11"
"ENSMUSG00000030612.7",480.180820880635,0.0216193880620753,0.0423305410067911,0.510727894042434,1,1,"Mrpl46"
"ENSMUSG00000030613.14",896.894044806414,0.00570615297075158,0.0490897307526289,0.116239239516424,1,1,"Ccdc90b"
"ENSMUSG00000030614.9",562.956595283503,-0.153982423653373,0.0643867628698375,-2.39152298997636,1,1,"Tmem126b"
"ENSMUSG00000030615.13",928.347569909397,0.0788560138806987,0.0629736942731999,1.25220561999422,1,1,"Tmem126a"
"ENSMUSG00000030616.17",147.428701506028,1.0137278201674,0.187479148191768,5.40714970141896,0.470814258864266,1,"Sytl2"
"ENSMUSG00000030619.11",1240.91325670687,0.0511089068520133,0.0523421480436287,0.976438850186519,1,1,"Eed"
"ENSMUSG00000030621.18",120.271956839715,-0.0487506860765486,0.161684680599262,-0.301517038570759,0.999999998033866,1,"Me3"
"ENSMUSG00000030629.16",2065.13154611807,0.146168511366226,0.0668026798374283,2.1880635884959,1,1,"Zfand6"
"ENSMUSG00000030630.17",30.2625128164795,0.588648777749876,0.225127010063387,2.61474079713551,0.966164864140095,1,"Fah"
"ENSMUSG00000030641.11",1052.54885703724,0.030886661823693,0.0984004552195107,0.31388738756128,1,1,"Ddias"
"ENSMUSG00000030643.15",283.720413361275,-0.335749867939127,0.172315997988593,-1.94845442012502,0.999942096684513,1,"Rab30"
"ENSMUSG00000030647.9",4060.94954346985,0.35335858804316,0.0678884270525707,5.20499006067013,1,1,"Ndufc2"
"ENSMUSG00000030649.19",1141.71199490341,-0.0389615272962947,0.0586285378366622,-0.664548848290241,1,1,"Anapc15"
"ENSMUSG00000030652.12",806.729482633697,0.286265393342675,0.0599973123050192,4.77130361919107,1,1,"Coq7"
"ENSMUSG00000030654.10",11787.7061528502,0.741606467524253,0.0615294911977396,12.0528620193027,0.999986625165292,1,"Arl6ip1"
"ENSMUSG00000030655.16",6074.69800838368,0.120859407731347,0.0803496145291969,1.50416910447567,1,1,"Smg1"
"ENSMUSG00000030657.12",11811.470336874,-0.119433785783241,0.0993343035935147,-1.20234180401541,1,1,"Xylt1"
"ENSMUSG00000030659.15",335.346097565861,0.152091912901107,0.0911739101307667,1.66815169693796,1,1,"Nucb2"
"ENSMUSG00000030660.10",2156.97608911478,0.0927006050400229,0.0383915474154949,2.41460975867331,1,1,"Pik3c2a"
"ENSMUSG00000030662.11",12803.2721582849,0.61962711797284,0.0617200149340528,10.0393222301535,0.999999999642826,1,"Ipo5"
"ENSMUSG00000030663.13",4005.43855517614,-0.127273659486037,0.0386473556447351,-3.29320486131049,1,1,"1110004F10Rik"
"ENSMUSG00000030671.10",3712.29468737661,0.773033642127599,0.0872416624062353,8.86083117637095,0.995360259085971,1,"Pde3b"
"ENSMUSG00000030672.13",38.2266780431334,0.487250005685199,0.228341428761891,2.13386597573273,0.987633281959404,1,"Mylpf"
"ENSMUSG00000030677.9",2187.16399164788,0.0985007373322302,0.140028611667325,0.703432935307856,0.999999999939459,1,"Kif22"
"ENSMUSG00000030678.8",5646.13530745035,-0.300220727274019,0.0442096229582906,-6.79084568437195,1,1,"Maz"
"ENSMUSG00000030680.7",189.638703292498,-0.0455223471701517,0.122411670505855,-0.371879143402217,0.999999999999997,1,"Pagr1a"
"ENSMUSG00000030681.19",951.446251804871,0.942581297492592,0.170881613642931,5.51599014895882,0.631570039530199,1,"Mvp"
"ENSMUSG00000030682.5",1829.14707407414,0.0232674491400233,0.0437011072281033,0.532422417092912,1,1,"Cdipt"
"ENSMUSG00000030685.6",873.988802096891,0.347414760282851,0.0972900291815707,3.57091845079496,0.999999999990109,1,"Kctd13"
"ENSMUSG00000030688.16",337.81342987417,0.11434821223207,0.111143667732696,1.02883245230922,0.999999999999999,1,"Stard10"
"ENSMUSG00000030689.16",1453.28826443723,-0.0094453685682111,0.0481137936907646,-0.196313111971965,1,1,"Ino80e"
"ENSMUSG00000030691.16",3978.16313157253,-0.688892877693419,0.0984232357710051,-6.99929109520663,0.999213618193294,1,"Fchsd2"
"ENSMUSG00000030695.17",50501.9872715398,0.548217425824663,0.104564477705799,5.24286486054203,0.999992220159663,1,"Aldoa"
"ENSMUSG00000030697.8",2373.2068679669,0.108593486990582,0.060649533814328,1.79050818960998,1,1,"Ppp4c"
"ENSMUSG00000030699.17",17.3410388528578,0.223892236433834,0.165160345186042,1.35560528274286,0.999998693555506,1,"Tbx6"
"ENSMUSG00000030703.9",36.1137314363595,0.276575157240455,0.135543294720321,2.04049309714021,0.999999952809635,1,"Gdpd3"
"ENSMUSG00000030704.15",12739.7481167488,0.17914470521582,0.0482311050236205,3.71429817185582,1,1,"Rab6a"
"ENSMUSG00000030706.18",854.250518910473,0.339790420677466,0.0524310667044194,6.4807077565871,1,1,"Mrpl48"
"ENSMUSG00000030711.17",27.5498989581827,0.869810423729178,0.237986209452259,3.65487742223007,0.707826683878301,1,"Sult1a1"
"ENSMUSG00000030714.15",355.497828158172,-0.401028218744628,0.100698977354808,-3.98244579318441,0.999999998643981,1,"Sgf29"
"ENSMUSG00000030718.10",3637.9403384543,0.167970004712327,0.0701618289402689,2.39403686091657,1,1,"Ppme1"
"ENSMUSG00000030720.17",298.013342942534,-0.450844583276427,0.0905425942446419,-4.97936454149156,0.999999999340893,1,"Cln3"
"ENSMUSG00000030722.8",607.924611949142,-0.551328237500789,0.084623896002513,-6.51504200993555,0.999999942714248,1,"Nfatc2ip"
"ENSMUSG00000030725.5",115.288979299708,0.0966154479473864,0.104685331828343,0.922912945490883,1,1,"Lipt2"
"ENSMUSG00000030726.17",1176.64058112344,-0.079785287074094,0.0655131611710337,-1.21785127824622,1,1,"Pold3"
"ENSMUSG00000030727.13",473.96752391193,0.116534129594465,0.0681960519509343,1.70881049944517,1,1,"Rabep2"
"ENSMUSG00000030729.18",437.215467724962,-0.881412029290064,0.214737961171475,-4.10459345185936,0.709609754915153,1,"Pgm2l1"
"ENSMUSG00000030730.13",15.3400008973289,0.665601198945399,0.325774917184857,2.04313212538617,0.8476655596732,1,"Atp2a1"
"ENSMUSG00000030731.14",83.5502418893722,-0.759980931557261,0.180675124069846,-4.20633961354561,0.90798635080976,1,"Syt3"
"ENSMUSG00000030733.11",2377.17916976495,0.156355592317677,0.0390433006019592,4.00467147774467,1,1,"Sh2b1"
"ENSMUSG00000030735.7",21.30055139165,0.282373665740875,0.120394933106832,2.34539493028591,0.999999998743452,1,"Gm9755"
"ENSMUSG00000030737.18",93.2967380183427,-0.365637766520243,0.369352928559952,-0.989941430668511,0.957164640018611,1,"Slco2b1"
"ENSMUSG00000030738.12",14113.9159766603,0.292322188224895,0.070310360775721,4.1575976143453,1,1,"Eif3c"
"ENSMUSG00000030739.20",2973.82825943294,0.147063811015411,0.0900756872872296,1.6326693189302,1,1,"Myh14"
"ENSMUSG00000030741.16",1069.86534494316,0.0807507084395047,0.0534240035726193,1.51150612158335,1,1,"Spns1"
"ENSMUSG00000030742.8",9.43438366594349,-0.244459969802625,0.191648993251133,-1.27556093906682,0.99995965000691,1,"Lat"
"ENSMUSG00000030744.14",20995.1495074864,0.533134886116342,0.0831527585456124,6.41151172181374,0.999999990146136,1,"Rps3"
"ENSMUSG00000030745.10",31.3121012074554,0.282751596045517,0.383558149593861,0.737180519681082,0.969669507500359,1,"Il21r"
"ENSMUSG00000030747.6",1066.57143763411,0.551944288161226,0.109359249543925,5.04707457725863,0.999979082032236,1,"Dgat2"
"ENSMUSG00000030750.14",1051.88599163673,-0.160198104330644,0.0514571485474643,-3.11323322128657,1,1,"Nsmce1"
"ENSMUSG00000030751.19",3560.83043464551,-0.0164727824599921,0.0440223161365253,-0.374191635190331,1,1,"Psma1"
"ENSMUSG00000030752.9",71.5969730069114,-0.0518526321394922,0.0951113436873748,-0.545178210392323,1,1,"Kdm8"
"ENSMUSG00000030753.16",4562.46062355076,0.147074963147614,0.0704568409110409,2.08744759551896,1,1,"Thap12"
"ENSMUSG00000030754.10",6376.16417517795,0.219220571069676,0.0633124526806643,3.46251901147129,1,1,"Copb1"
"ENSMUSG00000030757.14",711.430465322249,-0.321400907543207,0.0823913842533165,-3.9009043294508,1,1,"Zkscan2"
"ENSMUSG00000030759.17",2727.99989320673,-0.0382917267727986,0.0782112633194079,-0.489593507988978,1,1,"Far1"
"ENSMUSG00000030760.15",1345.26917215879,-0.103630334177703,0.0649450399139423,-1.59566202923306,1,1,"Acer3"
"ENSMUSG00000030761.17",768.307447191543,-0.179732535953603,0.105914463490961,-1.69695932009269,0.999999999999995,1,"Myo7a"
"ENSMUSG00000030763.8",1033.45782106484,0.0266571058768358,0.0368804987540307,0.722796783596167,1,1,"Lcmt1"
"ENSMUSG00000030766.16",912.398164289284,0.196761162719103,0.049033503465621,4.01279021102498,1,1,"Arhgap17"
"ENSMUSG00000030768.13",528.328401553688,-0.40227176103851,0.1148482078674,-3.50263855665002,0.999999902743567,1,"Disp1"
"ENSMUSG00000030770.16",3730.93778854239,0.60383215277628,0.110814167867995,5.44905190729386,0.999824929517389,1,"Parva"
"ENSMUSG00000030774.14",831.641074791995,0.621744440626395,0.169665542481296,3.66452982458083,0.987106975561014,1,"Pak1"
"ENSMUSG00000030779.17",5260.3304721473,-0.197084975225742,0.0479993960203843,-4.10598864914974,1,1,"Rbbp6"
"ENSMUSG00000030780.16",627.036132463473,0.201623296139806,0.0471689810393585,4.27448911757429,1,1,"Rusf1"
"ENSMUSG00000030786.19",280.624157908756,-0.0948364196657698,0.419468000739347,-0.226087376149343,0.989057925713514,1,"Itgam"
"ENSMUSG00000030788.17",3022.94906865138,-0.0297888800054047,0.0732754952106612,-0.406532633041429,1,1,"Rnf141"
"ENSMUSG00000030789.10",202.654103012462,-0.0365346163096111,0.402733849265324,-0.0907165274939229,0.996658924652439,1,"Itgax"
"ENSMUSG00000030793.5",56.2735757030404,-1.07465341766397,0.384032052041039,-2.79834303400573,0.422933837881434,1,"Pycard"
"ENSMUSG00000030795.19",13027.3631155287,-0.206116768622623,0.0573468803434652,-3.59421065955352,1,1,"Fus"
"ENSMUSG00000030796.18",3504.28535462635,1.06600233908881,0.206480986289187,5.1627142927137,0.374615563291431,1,"Tead2"
"ENSMUSG00000030798.16",40.7114908556457,0.296668744998807,0.322357732174442,0.920309070912146,0.985467926772696,1,"Cd37"
"ENSMUSG00000030801.11",627.441554382917,0.115036834149279,0.0354003556214845,3.24959543851201,1,1,"Kat8"
"ENSMUSG00000030802.15",1312.53642437519,-0.0518986843103963,0.0413359199376116,-1.25553475981004,1,1,"Bckdk"
"ENSMUSG00000030805.15",1523.86193651543,0.617882860084073,0.055821599129951,11.0688849784769,0.999999999996185,1,"Stx4a"
"ENSMUSG00000030806.7",1163.60365723957,-0.54670850547292,0.110044894591924,-4.9680496991729,0.999980986422612,1,"Stx1b"
"ENSMUSG00000030811.15",1289.58704392942,-0.239908055601237,0.0587706405226918,-4.08210721318593,1,1,"Fbxl19"
"ENSMUSG00000030814.18",3244.56127921143,0.193704008076757,0.0865236995509305,2.23873931745992,1,1,"Bcl7c"
"ENSMUSG00000030815.12",1003.86069663733,0.0596515404175274,0.0695010972548308,0.858281995157727,1,1,"Phkg2"
"ENSMUSG00000030816.9",2570.2500495382,-0.00433852956211432,0.0413845305082733,-0.104834572455691,1,1,"Rnf40"
"ENSMUSG00000030822.16",1569.73944130259,-0.211507705092502,0.0449710382889542,-4.70319817242139,1,1,"Prr14"
"ENSMUSG00000030824.18",5456.78598238932,0.376648057795245,0.0680419637746564,5.53552597398042,1,1,"Nucb1"
"ENSMUSG00000030826.20",490.333737176965,0.59861608138062,0.0809190307794286,7.39771689817127,0.999999648106018,1,"Bcat2"
"ENSMUSG00000030830.20",77.1777249846203,0.986049250804216,0.173209037061221,5.69282796979985,0.532097240552919,1,"Itgal"
"ENSMUSG00000030835.7",6893.46128479474,0.408872117453787,0.0727509186823955,5.62016432038166,1,1,"Nomo1"
"ENSMUSG00000030839.13",318.782451468892,-0.0954620062625281,0.0754033627637588,-1.26601789049666,1,1,"Sergef"
"ENSMUSG00000030842.13",2254.62424339295,0.166413492992597,0.050824947917069,3.27424817560331,1,1,"Lamtor1"
"ENSMUSG00000030844.12",294.411428179687,0.704597042249975,0.149905479123378,4.70027544270122,0.975614879087391,1,"Rgs10"
"ENSMUSG00000030846.17",4179.76945014052,0.218064793876718,0.0577433114207098,3.77645113367205,1,1,"Tial1"
"ENSMUSG00000030849.19",767.621995952244,-0.158490407461809,0.102786275692524,-1.54194133792646,1,1,"Fgfr2"
"ENSMUSG00000030850.18",2102.85773719649,-0.0770869092178617,0.0718921379629241,-1.07225784907964,1,1,"Ate1"
"ENSMUSG00000030852.19",2411.68233259012,-0.495641103722104,0.0801683401057833,-6.18250425377523,0.999999999842538,1,"Tacc2"
"ENSMUSG00000030861.16",2460.45371974749,0.0138822821558887,0.0748473882682244,0.185474503213658,1,1,"Acadsb"
"ENSMUSG00000030867.8",3033.59489422816,-0.0194511485856936,0.13052654523659,-0.149020634465095,0.999999999999974,1,"Plk1"
"ENSMUSG00000030868.7",2063.136420016,-0.0184054357983541,0.0261670270578601,-0.703382763263719,1,1,"Dctn5"
"ENSMUSG00000030869.12",1457.96752135899,0.305293800115177,0.0737890596763337,4.13738569720645,1,1,"Ndufab1"
"ENSMUSG00000030870.13",2668.55854803567,-0.219545898318662,0.0670184228892079,-3.27590368220998,1,1,"Ubfd1"
"ENSMUSG00000030871.12",390.84051055991,0.105521369764513,0.0504213254855583,2.09279245930845,1,1,"Ears2"
"ENSMUSG00000030872.15",1691.05571702547,0.282188043678914,0.0547656750861324,5.15264430202137,1,1,"Gga2"
"ENSMUSG00000030876.8",5620.00024310501,0.164158680329695,0.0424870278561789,3.86373650059453,1,1,"Mettl9"
"ENSMUSG00000030878.12",716.030253323696,0.258486612558607,0.117757330407657,2.19507874086282,0.999999999848232,1,"Cdr2"
"ENSMUSG00000030879.11",2587.72777881482,0.458481127820358,0.0585612170239502,7.82909152371013,1,1,"Mrpl17"
"ENSMUSG00000030880.15",1093.57837626578,0.0499025370331901,0.0465317005667289,1.07244172092157,1,1,"Polr3e"
"ENSMUSG00000030881.16",1570.73654405089,0.235012821626455,0.0497714407985316,4.72184083594761,1,1,"Arfip2"
"ENSMUSG00000030882.20",350.115123894061,0.676761383588429,0.133075296073632,5.08555234184087,0.992429533344838,1,"Dnhd1"
"ENSMUSG00000030884.13",5607.57190558872,0.245092980335983,0.0371097322488009,6.60454725711212,1,1,"Uqcrc2"
"ENSMUSG00000030888.15",1209.2542306622,0.331428506845769,0.0795028016636879,4.16876512412449,1,1,"Rrp8"
"ENSMUSG00000030890.17",5476.62689655205,0.3614101895039,0.0553281580901236,6.53212038823346,1,1,"Ilk"
"ENSMUSG00000030894.6",7347.68327930647,0.55253499993725,0.0898067512982527,6.15248844824877,0.999999686211741,1,"Tpp1"
"ENSMUSG00000030895.10",17.877533841322,0.322189620444642,0.186776323602004,1.72500247478469,0.999857736728765,1,"Hpx"
"ENSMUSG00000030917.14",20.7853881736923,0.190801571445407,0.375012722015377,0.508786929734035,0.985276135832904,1,"Ldaf1"
"ENSMUSG00000030922.13",86.8033464847858,-0.0126910887285231,0.0916848463638629,-0.13842078851457,1,1,"Lyrm1"
"ENSMUSG00000030924.17",446.962458064539,0.444237754139995,0.17781736940386,2.49828099262361,0.999112383806017,1,"Rexo5"
"ENSMUSG00000030929.18",1121.3661312302,-0.0739605067011526,0.0786002176498565,-0.940970762073807,1,1,"Eri2"
"ENSMUSG00000030934.10",4059.21571765305,0.429363981015275,0.0683632340231464,6.2806271112028,1,1,"Oat"
"ENSMUSG00000030942.9",2347.0483270511,0.163485256243738,0.042969608963843,3.80467172464388,1,1,"Thumpd1"
"ENSMUSG00000030946.14",528.845143571543,0.0490981555601274,0.0924987395351382,0.530798103918768,1,1,"Lhpp"
"ENSMUSG00000030956.16",1167.67307879034,0.182632674040929,0.0889224131940693,2.0538429792986,1,1,"Fam53b"
"ENSMUSG00000030960.17",604.712159015565,-0.103847787268375,0.0492010979364181,-2.11068028202493,1,1,"Eef1akmt2"
"ENSMUSG00000030965.20",1312.79679262057,0.164540720777522,0.0562332661027331,2.92603884108245,1,1,"Abraxas2"
"ENSMUSG00000030966.14",267.673577546096,-0.723470217847911,0.100996651850479,-7.16330892749772,0.99690938454531,1,"Trim21"
"ENSMUSG00000030967.16",2256.39192264805,0.0703027515550365,0.0412290902016491,1.70517348821402,1,1,"Zranb1"
"ENSMUSG00000030970.17",1793.65607547226,0.00867766058425413,0.0579803693227284,0.149665493435422,1,1,"Ctbp2"
"ENSMUSG00000030978.11",8311.02657704629,-0.102216900083291,0.106861373105926,-0.956537400862041,1,1,"Rrm1"
"ENSMUSG00000030979.14",404.200835270996,-0.151640564740681,0.0700361399260817,-2.165175934892,1,1,"Uros"
"ENSMUSG00000030980.19",2748.62392173103,0.0425619385616257,0.057598520548691,0.738941524125536,1,1,"Knop1"
"ENSMUSG00000030982.20",3142.58467475732,-0.0632306955367441,0.045466093136341,-1.39072199027815,1,1,"Vps35l"
"ENSMUSG00000030983.5",1612.61015291057,-0.0665407265334084,0.0439889970365863,-1.51266750815131,1,1,"Bccip"
"ENSMUSG00000030986.14",975.574224413505,0.137840714473856,0.0651211722227279,2.11668048607006,1,1,"Dhx32"
"ENSMUSG00000030987.6",1511.89795680772,0.120255258811922,0.06800406959528,1.76835385775601,1,1,"Stim1"
"ENSMUSG00000030990.19",805.803775080719,-0.116897942813237,0.0756743730046154,-1.54474940685808,1,1,"Pgap2"
"ENSMUSG00000030994.17",28.7147079600789,-0.299497186702288,0.199907273140631,-1.49818054139329,0.999770956694066,1,"D7Ertd443e"
"ENSMUSG00000031004.9",25683.8905876689,-0.0838049925037262,0.144041377053175,-0.581811936390944,0.999999999899568,1,"Mki67"
"ENSMUSG00000031007.3",4579.79732569444,0.248561547141988,0.0559819808707617,4.44002772456033,1,1,"Atp6ap2"
"ENSMUSG00000031010.18",13635.2327180644,0.054346062751449,0.0803638075631405,0.676250471442013,1,1,"Usp9x"
"ENSMUSG00000031012.18",8247.67082425343,-0.270941911221143,0.0721665784372768,-3.75439596955024,1,1,"Cask"
"ENSMUSG00000031015.9",2109.07957623794,0.948390690992556,0.0933445174313632,10.1601113497631,0.709830847864609,1,"Swap70"
"ENSMUSG00000031016.10",1370.70060219687,0.0488305058054781,0.0923067677808878,0.529002444559526,1,1,"Wee1"
"ENSMUSG00000031021.14",2068.00813607805,-0.168714497688473,0.0470194262843516,-3.58818707544763,1,1,"Tmem9b"
"ENSMUSG00000031023.6",231.590182518372,0.101316002432432,0.0765998184970691,1.32266635117821,1,1,"Akip1"
"ENSMUSG00000031024.14",1991.61157328238,0.467302018994587,0.0945331284903455,4.94326197024477,0.999999991249126,1,"Dennd2b"
"ENSMUSG00000031027.16",137.759503666661,-1.16698603940625,0.174611930880437,-6.68331215124886,0.169453619976359,1,"Stk33"
"ENSMUSG00000031029.7",8057.277535468,0.315570158915611,0.0659745232331577,4.78321241974525,1,1,"Eif3f"
"ENSMUSG00000031059.10",2361.08774992472,0.165635597824394,0.0658826050347629,2.51410213267973,1,1,"Ndufb11"
"ENSMUSG00000031060.17",2264.71568031154,-0.213654469280018,0.04055719434448,-5.26797952208688,1,1,"Rbm10"
"ENSMUSG00000031065.15",5141.6966484018,0.0953432085818835,0.0538060831158056,1.77197824224964,1,1,"Cdk16"
"ENSMUSG00000031066.11",155.857983500649,-0.274361697057507,0.175484602010917,-1.56345168700579,0.999982256440056,1,"Usp11"
"ENSMUSG00000031068.9",6471.84596777464,0.116464269222744,0.046501210681788,2.50454273158003,1,1,"Glrx3"
"ENSMUSG00000031070.16",20.2104972246128,0.582335062377417,0.291601229871318,1.99702539881056,0.923973242547106,1,"Mrgprf"
"ENSMUSG00000031072.15",443.975655402157,0.0179375793794968,0.0649395518718397,0.276219635991593,1,1,"LTO1"
"ENSMUSG00000031077.8",511.991819403035,-0.00969525852800921,0.0650727411913881,-0.148991088288322,1,1,"Fadd"
"ENSMUSG00000031078.16",6640.1061142124,0.27041578949166,0.0612449911693093,4.41531273543834,1,1,"Cttn"
"ENSMUSG00000031079.13",76.5805869659494,-1.16126287434083,0.137472958549763,-8.44720944825283,0.120387556445678,1,"Zfp300"
"ENSMUSG00000031090.15",262.448252189805,0.468782958615818,0.0875632703866606,5.3536483567342,0.999999999347033,1,"Nadsyn1"
"ENSMUSG00000031093.15",1764.09506188871,-0.0948056218612015,0.0742474626059225,-1.27688702797015,1,1,"Dock11"
"ENSMUSG00000031095.16",3078.58490128005,0.135560488876731,0.0815941116368917,1.66140038977322,1,1,"Cul4b"
"ENSMUSG00000031101.7",31.3287797036244,0.222725269882309,0.381425792376115,0.583928182975851,0.979889461207223,1,"Sash3"
"ENSMUSG00000031103.13",42.5425358882422,0.280158057487622,0.307454839663597,0.911216937727044,0.990407121722017,1,"Elf4"
"ENSMUSG00000031105.17",259.552640267968,-0.145106325149647,0.080086228605249,-1.8118761199867,1,1,"Slc25a14"
"ENSMUSG00000031107.7",698.935907554742,-0.0961632969977292,0.0743574754083488,-1.29325661568833,1,1,"Rbmx2"
"ENSMUSG00000031109.18",727.867825724726,-0.247919979526407,0.0584251174550807,-4.24338007907329,1,1,"Enox2"
"ENSMUSG00000031119.5",3110.62935113335,1.0891966803226,0.210924551093796,5.16391607650381,0.33618984046541,1,"Gpc4"
"ENSMUSG00000031125.3",471.358714282526,-0.4504199371953,0.266150517482362,-1.69235040929481,0.980534835379563,1,"3830403N18Rik"
"ENSMUSG00000031129.10",882.470909570322,-0.169876198731997,0.0908169660397005,-1.87053373548876,1,1,"Slc9a9"
"ENSMUSG00000031133.13",294.247305539899,0.0660947330263977,0.136469547554015,0.484318547331866,0.999999999996134,1,"Arhgef6"
"ENSMUSG00000031134.17",3272.28584506546,-0.651099645830352,0.0756207474331733,-8.6100662573553,0.999998023305358,1,"Rbmx"
"ENSMUSG00000031139.17",14.8625283796954,-1.20181775779105,0.334606300790873,-3.59173678125737,0.273204485644871,1,"Mcf2"
"ENSMUSG00000031143.5",716.376066792145,0.120760704288732,0.0518159634106706,2.33056950676832,1,1,"Ccdc22"
"ENSMUSG00000031148.15",2082.13018160087,-0.132566142902264,0.0579550458055207,-2.28739605084803,1,1,"Gpkow"
"ENSMUSG00000031149.8",1621.97795047188,-0.059128297248677,0.061433499272199,-0.962476465595618,1,1,"Praf2"
"ENSMUSG00000031150.14",176.988614857524,-0.943848891237426,0.235959572553384,-4.00004492728892,0.594047505349916,1,"Ccdc120"
"ENSMUSG00000031153.17",1184.10452839381,-0.139583568400298,0.0576970890591227,-2.41924801886046,1,1,"Gripap1"
"ENSMUSG00000031154.16",2765.52891450253,0.176519820673694,0.0421382627496782,4.18906260379806,1,1,"Otud5"
"ENSMUSG00000031155.18",374.515542961462,-0.276081987871544,0.10260683252967,-2.690678398943,0.999999999999139,1,"Pim2"
"ENSMUSG00000031156.19",612.168232887496,0.310008557090611,0.0486451534725003,6.37285597764355,1,1,"Slc35a2"
"ENSMUSG00000031157.11",1605.67055676703,-0.134572857236129,0.0516426027212709,-2.60584963082622,1,1,"Pqbp1"
"ENSMUSG00000031158.13",959.973133626975,0.0324323861917774,0.0552705074554499,0.586793711237754,1,1,"Timm17b"
"ENSMUSG00000031161.16",1283.6030489088,-0.130693611673966,0.0341083883970052,-3.83171465484547,1,1,"Hdac6"
"ENSMUSG00000031165.7",21.4760696270645,0.629008993335701,0.278539875033732,2.25823679018857,0.908555687526377,1,"Was"
"ENSMUSG00000031166.14",2127.14246331577,-0.115298512951233,0.0600745515030458,-1.9192571574236,1,1,"Wdr13"
"ENSMUSG00000031167.17",9368.51344285847,0.290311808812072,0.111564920959256,2.6021782323325,0.999999999899917,1,"Rbm3"
"ENSMUSG00000031168.15",706.94432011621,0.198063857522688,0.0701220317778701,2.82455959276975,1,1,"Ebp"
"ENSMUSG00000031169.14",467.51563219118,-0.109858963811804,0.0909198522135524,-1.20830556954457,1,1,"Porcn"
"ENSMUSG00000031171.12",635.50261447733,-0.135792197451736,0.0381429545849327,-3.56008596946439,1,1,"Ftsj1"
"ENSMUSG00000031174.19",329.655957515795,-0.257636391725864,0.063391416749805,-4.06421570829866,1,1,"Rpgr"
"ENSMUSG00000031176.9",4565.38394526694,0.385450485871303,0.0706647478281714,5.45463611939246,1,1,"Dynlt3"
"ENSMUSG00000031189.13",273.445073253698,-0.836365948758079,0.246144265856133,-3.39786891174998,0.746907336483845,1,"Aff2"
"ENSMUSG00000031196.14",117.279145623675,-0.00685759118386936,0.0978846826531145,-0.070057857858838,1,1,"F8"
"ENSMUSG00000031197.12",3381.29149157288,-0.026845511698777,0.0520948799099307,-0.515319581217799,1,1,"Vbp1"
"ENSMUSG00000031198.5",3756.67601640287,0.454356657450043,0.0620191513613306,7.32607021342342,1,1,"Fundc2"
"ENSMUSG00000031200.17",171.41730261908,0.0717789045473597,0.0584806248672973,1.2273963335761,1,1,"Mtcp1"
"ENSMUSG00000031201.18",1135.8424014571,-0.144119611194934,0.0492982748198396,-2.92342098626411,1,1,"Brcc3"
"ENSMUSG00000031202.6",845.505222456272,-0.663009357343477,0.0973637224923926,-6.8096138928468,0.99973106548475,1,"Rab39b"
"ENSMUSG00000031207.17",16620.8452961023,0.195823851121794,0.0658449367492253,2.97401532736832,1,1,"Msn"
"ENSMUSG00000031214.14",1221.56736029205,-0.0443305457577121,0.0546213801384248,-0.811596954257965,1,1,"Ophn1"
"ENSMUSG00000031216.14",110.554762910422,-0.000349187205832429,0.220236010519553,-0.00158551367239477,0.999999957809862,1,"Stard8"
"ENSMUSG00000031217.9",736.901904106761,0.161393404599514,0.081162459815175,1.98852283391907,1,1,"Efnb1"
"ENSMUSG00000031221.8",2130.47081393418,0.449516192159564,0.0717057418393814,6.26890093636387,0.999999999999992,1,"Igbp1"
"ENSMUSG00000031226.14",1626.49332138906,-0.0715539142303943,0.0551086980294521,-1.29841416671019,1,1,"Pbdc1"
"ENSMUSG00000031227.9",2012.35550063035,-0.551876934261299,0.0873877788836166,-6.31526446044922,0.999999853568749,1,"Magee1"
"ENSMUSG00000031229.17",9348.15464647862,-0.147199795578235,0.0962513353206283,-1.52932730842527,1,1,"Atrx"
"ENSMUSG00000031231.5",4092.80174574694,0.291436412716142,0.0799521421019905,3.64513576564807,1,1,"Cox7b"
"ENSMUSG00000031232.18",4280.72929019078,0.344269622762941,0.0558067641102544,6.16895869616783,1,1,"Magt1"
"ENSMUSG00000031242.8",1328.71613176239,-0.373261463355346,0.071740314912349,-5.20295267467657,1,1,"Chmp1b2"
"ENSMUSG00000031245.9",1900.04677854355,-0.515563647395489,0.108731003023144,-4.74164344171228,0.999995812479309,1,"Hmgn5"
"ENSMUSG00000031246.15",11185.3123346906,0.20789465547472,0.0706344551713545,2.94324710186241,1,1,"Sh3bgrl"
"ENSMUSG00000031255.15",13.998674757703,0.552817409818974,0.309592196834832,1.7856309541093,0.925690479014009,1,"Sytl4"
"ENSMUSG00000031256.12",5439.15715759169,-0.295254927889247,0.0701316950884222,-4.21000700919876,1,1,"Cstf2"
"ENSMUSG00000031258.5",21.8203081855217,-0.739421293802633,0.167880751397578,-4.40444355679301,0.939688682609955,1,"Xkrx"
"ENSMUSG00000031262.13",1047.52684675363,0.0961775084596933,0.112054046688137,0.858313566553914,1,1,"Cenpi"
"ENSMUSG00000031264.14",31.5982310776839,-0.68094951013366,0.343493557338893,-1.98242294676237,0.823514439426526,1,"Btk"
"ENSMUSG00000031266.8",791.331051641482,0.305909864844055,0.085739347914014,3.56790519506685,1,1,"Gla"
"ENSMUSG00000031273.17",154.488058064316,0.728919958709672,0.311557301202951,2.33960159461918,0.807871903129803,1,"Col4a6"
"ENSMUSG00000031274.17",1160.99517952322,0.142729318418833,0.192285424097756,0.74227840767728,0.99999587124731,1,"Col4a5"
"ENSMUSG00000031278.13",2373.1623393149,-0.0468712399691705,0.129567704696311,-0.361750947730612,0.999999999999906,1,"Acsl4"
"ENSMUSG00000031283.18",806.68980014523,0.906102883874798,0.133753256348169,6.7744360669332,0.758665850521796,1,"Chrdl1"
"ENSMUSG00000031290.15",2089.52515309631,-0.549847470934039,0.0910454507249811,-6.03926353876759,0.999999617835014,1,"Lrch2"
"ENSMUSG00000031292.15",984.458453866859,-1.16032968698275,0.14049405883637,-8.2589235202761,0.126896510377486,1,"Cdkl5"
"ENSMUSG00000031295.14",628.440173531151,0.0541572512876927,0.0863383358693805,0.62726772229692,1,1,"Phka2"
"ENSMUSG00000031297.15",39.2085405608424,0.209886826145917,0.171761121210976,1.22196935293704,0.999997888255564,1,"Slc7a3"
"ENSMUSG00000031299.11",8599.2767749271,0.247860322918457,0.0428278047642419,5.7873693102618,1,1,"Pdha1"
"ENSMUSG00000031303.9",405.262110434826,0.442865094460296,0.0780825874139135,5.67175229622811,0.999999999999517,1,"Map3k15"
"ENSMUSG00000031304.19",42.8937156357113,0.237422450129363,0.294552358632956,0.806044980360239,0.995199652421995,1,"Il2rg"
"ENSMUSG00000031309.16",4374.73172211423,-0.0775770518544024,0.0910867703544218,-0.851682978247526,1,1,"Rps6ka3"
"ENSMUSG00000031310.17",2320.01227017783,-0.140798467268411,0.066084586200131,-2.13057954001582,1,1,"Zmym3"
"ENSMUSG00000031311.18",15912.117003128,-0.0489957913260783,0.0499965828003505,-0.979982802459348,1,1,"Nono"
"ENSMUSG00000031312.6",9.84863505890487,0.110899022889932,0.150946088767537,0.734692921131076,0.99999999807132,1,"Itgb1bp2"
"ENSMUSG00000031314.20",3909.88731872085,-0.201284523665836,0.0436644858080207,-4.60979947298182,1,1,"Taf1"
"ENSMUSG00000031320.10",29000.5173623425,0.549342124945578,0.075510872935921,7.27500694385765,0.999999998799978,1,"Rps4x"
"ENSMUSG00000031327.11",1085.42097550377,0.692246193563358,0.0801041724392419,8.64182442042478,0.999938962137043,1,"Chic1"
"ENSMUSG00000031328.17",19037.103198673,0.506381936915163,0.0993435962898499,5.09727809166197,0.999999663150487,1,"Flna"
"ENSMUSG00000031329.5",18.290042279221,0.339238308335576,0.141891399673509,2.39083065722207,0.999998394289287,1,"Tsx"
"ENSMUSG00000031333.8",2868.7906894953,-0.0771698336045496,0.0700813666573259,-1.1011462430789,1,1,"Abcb7"
"ENSMUSG00000031337.17",480.383326058378,0.433172102811608,0.0804909549578958,5.38162459419443,0.999999999999053,1,"Mtm1"
"ENSMUSG00000031342.18",47441.6919077159,-0.329553246131353,0.0700119806837161,-4.70709788400549,1,1,"Gpm6b"
"ENSMUSG00000031347.13",1134.98034419469,-0.00643829049188363,0.046983229775533,-0.137033799563018,1,1,"Cetn2"
"ENSMUSG00000031349.5",1966.96996334986,-0.112421093265173,0.10095274596702,-1.11360114267619,1,1,"Nsdhl"
"ENSMUSG00000031352.11",1311.98845092194,-0.0457166136440942,0.0526191640282446,-0.868820599649868,1,1,"Hccs"
"ENSMUSG00000031353.14",7994.32478984519,0.249817042417396,0.0656350240560698,3.80615450379032,1,1,"Rbbp7"
"ENSMUSG00000031355.17",40.0836370434479,-1.30805454544669,0.255058967160119,-5.12843974870146,0.113566381082016,1,"Arhgap6"
"ENSMUSG00000031357.4",1768.84656772933,-0.0132294644915556,0.0330521531109473,-0.400260293093397,1,1,"Syap1"
"ENSMUSG00000031358.18",1423.28397274368,0.146191946235614,0.0454028566739305,3.21988431885509,1,1,"Msl3"
"ENSMUSG00000031360.15",1156.03967736414,0.134969562072946,0.143329816086806,0.941671215089009,0.999999999206389,1,"Ctps2"
"ENSMUSG00000031365.14",1900.13381213276,-0.0161831072756545,0.0579110099603222,-0.279447850879175,1,1,"Zfp275"
"ENSMUSG00000031367.16",673.241133913694,-1.07572446123434,0.142617326043677,-7.54273334857576,0.297722360371383,1,"Ap1s2"
"ENSMUSG00000031370.13",1248.7132810596,-0.0495389794229338,0.0591699318300833,-0.837232322071851,1,1,"Zrsr2"
"ENSMUSG00000031371.15",736.351747491688,-0.0995934056707342,0.08353411207337,-1.19224833063718,1,1,"Haus7"
"ENSMUSG00000031373.5",227.163836747213,-0.319112651864831,0.177251418307964,-1.80033906025164,0.999938823924298,1,"Car5b"
"ENSMUSG00000031378.15",927.923085100531,0.116579932826776,0.0594818283515016,1.95992517475858,1,1,"Abcd1"
"ENSMUSG00000031380.11",20.3508883583863,-0.467606105401339,0.193352609534275,-2.4184111428734,0.997051794303347,1,"Vegfd"
"ENSMUSG00000031381.17",578.741176071318,0.335596058452909,0.0831787061549068,4.03463907971731,0.999999999999999,1,"Piga"
"ENSMUSG00000031385.15",1634.46984923322,-1.02731531234646,0.245420691324455,-4.18593602194817,0.45568924482434,1,"Plxnb3"
"ENSMUSG00000031386.15",7212.24952084463,-0.208388689753264,0.0597446320816702,-3.48799017572656,1,1,"Hcfc1"
"ENSMUSG00000031388.15",1517.15195969034,0.225382852132725,0.0752930332614666,2.9934091159543,1,1,"Naa10"
"ENSMUSG00000031389.18",45.6691209728176,-0.677623275239307,0.143568747225054,-4.71985225431469,0.987630433504595,1,"Arhgap4"
"ENSMUSG00000031392.19",3302.4436946449,0.403375990161237,0.0427367997173943,9.43861011654225,1,1,"Irak1"
"ENSMUSG00000031393.18",3825.89556267225,-0.0311839587847801,0.0607368628824332,-0.513427222033876,1,1,"Mecp2"
"ENSMUSG00000031398.14",1382.31630646168,-0.088832861153896,0.0745712870111446,-1.19124752588245,1,1,"Plxna3"
"ENSMUSG00000031399.16",698.031454562127,0.117964427086376,0.0529896438028976,2.22617890252595,1,1,"Fam3a"
"ENSMUSG00000031400.11",2873.97751635112,0.491704323891592,0.0505697794810446,9.72328392446127,1,1,"G6pdx"
"ENSMUSG00000031402.13",1457.19590458857,0.255024408921954,0.0575176336544176,4.43384737373261,1,1,"Mpp1"
"ENSMUSG00000031403.15",2046.27499758059,0.0203757794679824,0.0877556978668525,0.232187538396624,1,1,"Dkc1"
"ENSMUSG00000031422.17",12580.9206640304,0.0645596995014507,0.0683805055776697,0.944124337134664,1,1,"Morf4l2"
"ENSMUSG00000031425.16",2413.39039008304,-0.296553049412662,0.272494284413661,-1.0882908977367,0.995082532131057,1,"Plp1"
"ENSMUSG00000031429.15",639.864933761837,0.087723679111519,0.0399184646709147,2.1975714706141,1,1,"Psmd10"
"ENSMUSG00000031431.14",626.284295214934,0.482599937905164,0.131706802831488,3.66419902032415,0.999957247679335,1,"Tsc22d3"
"ENSMUSG00000031432.4",1665.90494279967,-0.0469201632643501,0.0917209821550715,-0.511553214563521,1,1,"Prps1"
"ENSMUSG00000031433.16",570.377905185439,-0.273843578077079,0.0976086112503254,-2.80552683384444,0.999999999999949,1,"Rbm41"
"ENSMUSG00000031434.16",808.491853361908,0.00185668672268463,0.084707186039759,0.0219188809059618,1,1,"Morc4"
"ENSMUSG00000031438.12",311.040064507992,-0.634792741390791,0.170273296482162,-3.72808158710484,0.984016775445516,1,"Rnf128"
"ENSMUSG00000031441.16",3134.53828089581,0.0566551872130578,0.0773939362042749,0.732036513345453,1,1,"Atp11a"
"ENSMUSG00000031442.22",874.410220790507,-1.04909282056024,0.0982679478005207,-10.6758393152755,0.308684994544728,1,"Mcf2l"
"ENSMUSG00000031446.15",3645.95421951194,0.310583001743502,0.0503627484757095,6.16691922390415,1,1,"Cul4a"
"ENSMUSG00000031447.8",21317.6360759014,0.28544421284078,0.0687728537883495,4.15053610715709,1,1,"Lamp1"
"ENSMUSG00000031453.17",8009.94818020908,-0.208891897875444,0.0551781588785848,-3.78577143784544,1,1,"Rasa3"
"ENSMUSG00000031458.9",479.881223802714,-0.0496160998314071,0.0573499833589616,-0.86514584530658,1,1,"Coprs"
"ENSMUSG00000031467.11",3392.35283355829,-0.0188865217879887,0.0405322484785938,-0.465962844325381,1,1,"Agpat5"
"ENSMUSG00000031478.17",196.21230546336,0.0915252783026729,0.160715399481984,0.569486673944601,0.999999992107852,1,"Nek3"
"ENSMUSG00000031479.10",2248.85199406948,0.142034377086918,0.0538113784324851,2.63948594561877,1,1,"Vps36"
"ENSMUSG00000031480.16",85.3362246933395,-0.144881713915809,0.119660959540011,-1.210768445053,0.999999999999554,1,"Thsd1"
"ENSMUSG00000031482.10",1149.30029317532,0.145723326469866,0.0513341681477144,2.83871993504495,1,1,"Slc25a15"
"ENSMUSG00000031483.9",5327.7059348256,-0.00490791760956734,0.113098490648614,-0.0433950761095103,1,1,"Erlin2"
"ENSMUSG00000031485.16",1795.27291177705,0.0391376294664405,0.102458981489205,0.381983393720968,1,1,"Plpbp"
"ENSMUSG00000031486.16",822.878609977445,1.04132049015272,0.126809685048936,8.21167949238952,0.372270253185206,1,"Adgra2"
"ENSMUSG00000031487.6",308.412748265566,0.0602004866160651,0.0624643428947905,0.963757622768265,1,1,"Brf2"
"ENSMUSG00000031493.11",80.2808474703946,-0.320630158006638,0.0949855177947943,-3.37556888092481,0.999999999999573,1,"Ggn"
"ENSMUSG00000031497.11",25.5972626700607,-0.721162572934095,0.207942085275851,-3.4680933971467,0.910029695190831,1,"Tnfsf13b"
"ENSMUSG00000031502.12",13260.7369925959,-0.36877160972502,0.119070384789373,-3.0970892584025,0.999999942510997,1,"Col4a1"
"ENSMUSG00000031503.14",4764.86161090378,0.0181394358210532,0.104781278921677,0.173117144662953,1,1,"Col4a2"
"ENSMUSG00000031504.7",16.0878914347305,-0.807144039350563,0.34630797852685,-2.3307116480078,0.711199300191408,1,"Rab20"
"ENSMUSG00000031505.12",1284.14582819057,0.0293858588622351,0.0555020903352557,0.529454993221557,1,1,"Naxd"
"ENSMUSG00000031506.12",22.5565666709578,0.285742695259161,0.195096539087889,1.46462206144229,0.999874405947017,1,"Ptpn7"
"ENSMUSG00000031508.15",1669.49768671956,0.0354525829208993,0.0640648143573588,0.55338618048812,1,1,"Ankrd10"
"ENSMUSG00000031511.17",4220.57285693218,0.0945005435530383,0.109821799688884,0.860489846467187,1,1,"Arhgef7"
"ENSMUSG00000031513.9",2318.51114262882,0.203620400203783,0.0440801255189045,4.61932441903907,1,1,"Leprotl1"
"ENSMUSG00000031516.12",1380.91505042767,-0.0636315951019389,0.0395651875303752,-1.60827229880024,1,1,"Dctn6"
"ENSMUSG00000031517.9",11540.7107477301,-0.490864592063306,0.1488717048434,-3.29723228856452,0.999686849301471,1,"Gpm6a"
"ENSMUSG00000031519.5",13.1235828901088,-1.02751177628095,0.190263084640383,-5.40047891172928,0.442513900061254,1,"Asb5"
"ENSMUSG00000031521.6",920.495365530517,0.675779370825617,0.0831611716562199,8.12614056977482,0.999951645154495,1,"Aga"
"ENSMUSG00000031523.17",217.413507578359,0.213560004919812,0.190649667442741,1.12016982659543,0.999981467632983,1,"Dlc1"
"ENSMUSG00000031527.8",3101.53205376283,0.0117387638417605,0.0947855995409173,0.123845435367986,1,1,"Eri1"
"ENSMUSG00000031529.6",8765.65972048721,-0.113646608122838,0.0563839789274378,-2.01558333208611,1,1,"Tnks"
"ENSMUSG00000031532.8",4843.96891729894,0.348085109496378,0.0526473119631682,6.61164068053268,1,1,"Saraf"
"ENSMUSG00000031533.5",873.047368344226,0.155932191478298,0.052260105526097,2.98377107946004,1,1,"Mrps31"
"ENSMUSG00000031534.16",610.762109362769,0.369144397509059,0.0701948880215103,5.25885015153724,1,1,"Smim19"
"ENSMUSG00000031536.7",1105.89506245828,-0.0107132843751172,0.0457759506877521,-0.234037397676236,1,1,"Polb"
"ENSMUSG00000031537.16",1532.13174673911,0.127402893226983,0.0662127771024011,1.92414362910574,1,1,"Ikbkb"
"ENSMUSG00000031539.7",1277.62590086192,-0.270265834143404,0.0717531586545737,-3.76660539007751,1,1,"Ap3m2"
"ENSMUSG00000031540.15",6695.16498452221,-0.00657049492792678,0.0862918306552348,-0.0761427226428669,1,1,"Kat6a"
"ENSMUSG00000031543.19",278.768966103494,-0.415898641092669,0.147349102531927,-2.82253935684851,0.999963157848269,1,"Ank1"
"ENSMUSG00000031545.7",3633.64185612667,0.228893142325802,0.103776722689175,2.20563086205147,0.999999999999946,1,"Gpat4"
"ENSMUSG00000031546.7",968.245477610577,0.024105713365409,0.0465646413465431,0.517682788234309,1,1,"Gins4"
"ENSMUSG00000031554.19",52.7281203279903,-0.656757549009178,0.149390937543483,-4.39623420140874,0.989208066634069,1,"Adam5"
"ENSMUSG00000031555.17",10180.8234982637,0.0454115270546877,0.0675588893782889,0.67217693293344,1,1,"Adam9"
"ENSMUSG00000031556.7",1574.46378828318,-0.113480270889444,0.0431648566807739,-2.62899681860843,1,1,"Tm2d2"
"ENSMUSG00000031557.17",5981.83284005621,0.371709057347603,0.083617908663533,4.44532831888094,0.999999999999971,1,"Plekha2"
"ENSMUSG00000031561.17",79.6629792405966,-0.637715771548976,0.292165255757607,-2.18272282203895,0.892511877378984,1,"Tenm3"
"ENSMUSG00000031562.17",780.601722832509,-0.0623396127793969,0.0816538611339204,-0.763461909990439,1,1,"Dctd"
"ENSMUSG00000031563.9",2192.78717505086,0.0894798313316062,0.0590719302929716,1.51476057897252,1,1,"Wwc2"
"ENSMUSG00000031565.20",8757.98436794037,0.815558317255669,0.100418543591037,8.12159077487822,0.96687506729023,1,"Fgfr1"
"ENSMUSG00000031568.17",1948.44177557588,0.0101298814039589,0.0528691978537103,0.191602706588974,1,1,"Rwdd4a"
"ENSMUSG00000031570.18",979.108762164768,0.0612282647830093,0.0634807591891418,0.96451689559318,1,1,"Plpp5"
"ENSMUSG00000031574.9",54.2768603875551,-0.336909205665314,0.148976800094637,-2.26148773131987,0.999995725772498,1,"Star"
"ENSMUSG00000031575.19",3275.18557135081,0.0268511125660551,0.0422566109815078,0.635429863928406,1,1,"Ash2l"
"ENSMUSG00000031576.17",115.586996494767,-0.26131013224139,0.088316418430874,-2.95879449013118,1,1,"Kcnu1"
"ENSMUSG00000031577.11",775.086963216303,0.0203158025901858,0.0373140467430198,0.544454551662537,1,1,"Tti2"
"ENSMUSG00000031578.6",2324.706875999,0.0566676186853421,0.0457723092007512,1.23803276860701,1,1,"Mak16"
"ENSMUSG00000031583.14",959.175195378652,0.250567568024883,0.0676064031044914,3.70626976911654,1,1,"Wrn"
"ENSMUSG00000031584.17",2607.61204057528,-0.10253630874056,0.0662149381865117,-1.5485374078541,1,1,"Gsr"
"ENSMUSG00000031585.14",1955.50008211642,0.339539773817347,0.0724894316838216,4.68399000972064,1,1,"Gtf2e2"
"ENSMUSG00000031586.18",192.795209256847,0.101613490310168,0.20518078681104,0.495238817871131,0.999994064967697,1,"Rbpms"
"ENSMUSG00000031590.9",1249.64482550985,0.0495098335399692,0.0499195347851134,0.991792767162038,1,1,"Frg1"
"ENSMUSG00000031591.15",7699.99399150402,0.372827374720896,0.071150441346967,5.23998681754895,1,1,"Asah1"
"ENSMUSG00000031592.11",6524.42455612015,-0.164984953871101,0.0816225450776575,-2.02131596992143,1,1,"Pcm1"
"ENSMUSG00000031596.16",2651.67777769249,-0.234196225376802,0.0818654790284877,-2.86074457947416,1,1,"Slc7a2"
"ENSMUSG00000031600.12",2633.17076164083,0.0910184672687545,0.0622272788745503,1.46267792702694,1,1,"Vps37a"
"ENSMUSG00000031601.17",3381.77103698693,-0.222222573229663,0.0363186932260198,-6.11868306623038,1,1,"Cnot7"
"ENSMUSG00000031604.11",5861.73924301841,0.172349679116256,0.109012121453923,1.58101389843242,0.999999999999984,1,"Msmo1"
"ENSMUSG00000031605.9",1697.77338656027,-0.058621799705869,0.0883320579220372,-0.66365259776478,1,1,"Klhl2"
"ENSMUSG00000031608.14",1662.65220021476,0.686998175662957,0.080428490813253,8.54172655381659,0.999950223435966,1,"Galnt7"
"ENSMUSG00000031609.4",1037.44187599798,-0.0410686263465214,0.101976658415627,-0.402725751015861,1,1,"Sap30"
"ENSMUSG00000031616.8",714.632172284912,1.13806068596874,0.148463468856146,7.66559406658796,0.176203573138882,1,"Ednra"
"ENSMUSG00000031617.17",2673.55982789154,-0.199006860981187,0.0377536404184671,-5.27119659919851,1,1,"Tmem184c"
"ENSMUSG00000031622.17",2848.17361511127,0.296540321276172,0.0549101929066153,5.40046038047056,1,1,"Sin3b"
"ENSMUSG00000031626.19",563.598353888309,-0.484060886520978,0.183158488039858,-2.64285260105248,0.997575517671191,1,"Sorbs2"
"ENSMUSG00000031627.10",1022.38715169032,0.305682518137789,0.0857908734507902,3.56311232002002,1,1,"Irf2"
"ENSMUSG00000031628.10",4244.95029070052,-0.103957877356946,0.0592208921196612,-1.75542572284946,1,1,"Casp3"
"ENSMUSG00000031629.15",294.931600408102,-0.157219048373667,0.127333566575607,-1.23470230671907,0.99999999998188,1,"Cenpu"
"ENSMUSG00000031631.16",1223.57648375512,-0.0752515505795777,0.0872025826599891,-0.86295093888435,1,1,"Cfap97"
"ENSMUSG00000031633.5",14755.8553312811,0.152216749743222,0.0430145455537749,3.53872737195206,1,1,"Slc25a4"
"ENSMUSG00000031634.14",1602.9642458723,0.535334276369289,0.043265382480482,12.3732703995114,1,1,"Ufsp2"
"ENSMUSG00000031636.8",95.9915722936052,-0.576867184368604,0.158164042864421,-3.64727136409315,0.996266636898551,1,"Pdlim3"
"ENSMUSG00000031637.14",76.8684510991079,0.392220835743884,0.147715885062909,2.65523803060751,0.999980600249044,1,"Lrp2bp"
"ENSMUSG00000031639.13",1592.87802807696,0.22472436833862,0.154722390963797,1.45243598511351,0.999999728912183,1,"Tlr3"
"ENSMUSG00000031641.15",556.311909061654,0.319628624252456,0.0539857980510047,5.92060571097749,1,1,"Cbr4"
"ENSMUSG00000031642.10",2230.35137727631,-0.140160178448697,0.0674642096729057,-2.07754866066394,1,1,"Sh3rf1"
"ENSMUSG00000031644.20",1960.80621057364,0.0294073572263912,0.0673771288445375,0.436459043754212,1,1,"Nek1"
"ENSMUSG00000031647.11",1262.91042086661,-0.254328996321552,0.12726553302387,-1.99841221954298,0.999999997674136,1,"Mfap3l"
"ENSMUSG00000031652.12",2912.59008763954,0.813100648201325,0.0711526930776452,11.4275456491019,0.995689592579785,1,"N4bp1"
"ENSMUSG00000031657.17",1844.78386376465,-0.160160433190938,0.0679099867335561,-2.35842238961591,1,1,"Heatr3"
"ENSMUSG00000031659.14",74.6916813768371,0.275247194297329,0.251411904786927,1.09480573137777,0.998028974570594,1,"Adcy7"
"ENSMUSG00000031660.15",3240.82329699927,-0.24589929855027,0.0439368698956795,-5.59665035616135,1,1,"Brd7"
"ENSMUSG00000031662.9",24.7390316605271,-0.846859767462829,0.193115150167284,-4.38525805318353,0.786110965599292,1,"Snx20"
"ENSMUSG00000031665.8",1660.6887545842,0.476665196428588,0.0896041786164177,5.31967597704479,0.999999997398059,1,"Sall1"
"ENSMUSG00000031666.16",1847.63930450029,0.111011263449714,0.0703825051789307,1.57725649531079,1,1,"Rbl2"
"ENSMUSG00000031667.17",1769.97872973007,-0.0369667841552006,0.0609943362119458,-0.606069127906348,1,1,"Aktip"
"ENSMUSG00000031668.15",2036.15870497587,0.272297252615301,0.0704758888876282,3.86369376694874,1,1,"Eif2ak3"
"ENSMUSG00000031669.11",383.712034147071,-0.13852831452721,0.0933573735576245,-1.48384974049965,1,1,"Gins3"
"ENSMUSG00000031671.12",171.00347908003,-0.0796141787297186,0.0924061867318842,-0.861567623829328,1,1,"Setd6"
"ENSMUSG00000031672.9",6245.72158915084,0.402418131675085,0.0411970901514775,9.76812027731654,1,1,"Got2"
"ENSMUSG00000031681.17",1706.9988031439,-0.0906808869921575,0.0508625069468007,-1.78286310360212,1,1,"Smad1"
"ENSMUSG00000031683.17",2083.4542090317,-0.0275108111133891,0.0555036015330817,-0.495658125842373,1,1,"Lsm6"
"ENSMUSG00000031684.12",1100.09521044812,0.890851071677929,0.167335016172585,5.32375764531631,0.742889034004287,1,"Slc10a7"
"ENSMUSG00000031691.15",2614.45101259129,-0.0566200461461035,0.0840540496502723,-0.673614732207255,1,1,"Tnpo2"
"ENSMUSG00000031696.10",7732.18027316658,0.130737105771603,0.0610710452422935,2.14073797579387,1,1,"Vps35"
"ENSMUSG00000031697.13",1288.75457756155,0.00597815302749773,0.0757076145678337,0.0789636955492941,1,1,"Orc6"
"ENSMUSG00000031698.15",26.6733495500607,1.13276584001003,0.226776783921883,4.99506969108542,0.279123519574011,1,"Mylk3"
"ENSMUSG00000031700.12",9913.15526092894,0.139159021593686,0.0787424387035887,1.76726837376125,1,1,"Gpt2"
"ENSMUSG00000031701.7",6743.46527381068,0.0769142154787198,0.0580057446047595,1.3259758322697,1,1,"Dnaja2"
"ENSMUSG00000031703.9",6390.73475475326,0.0714047856357302,0.0434093813110478,1.6449159946345,1,1,"Itfg1"
"ENSMUSG00000031706.8",423.149966951199,0.0704250434446273,0.0555841944293219,1.26699764506215,1,1,"Rfx1"
"ENSMUSG00000031708.18",5640.4023662167,0.194241608421359,0.0518244404952233,3.74806957036541,1,1,"Tecr"
"ENSMUSG00000031709.16",834.838345044575,-0.483005121547786,0.178713894900184,-2.70267245765952,0.998091263335853,1,"Tbc1d9"
"ENSMUSG00000031711.8",1666.0941095203,0.469525832413344,0.04918547746388,9.54602570968527,1,1,"Zfp330"
"ENSMUSG00000031714.11",4128.93683479245,-0.148953033611303,0.0883724780143701,-1.68551382690753,1,1,"Gab1"
"ENSMUSG00000031715.15",9090.2985244441,-0.0483696155082998,0.0681605491687733,-0.709642397224985,1,1,"Smarca5"
"ENSMUSG00000031723.9",428.010205658674,0.12839819830947,0.052844693284851,2.42972738279244,1,1,"Txnl4b"
"ENSMUSG00000031728.11",732.873129916732,-0.59043976411036,0.046648948149737,-12.6570863337609,1,1,"Zfp821"
"ENSMUSG00000031729.7",3298.21618698455,0.104013269324057,0.0350477704005789,2.96775709653528,1,1,"Ist1"
"ENSMUSG00000031730.19",619.481569167037,0.242440286896038,0.0667232917623237,3.63351807880881,1,1,"Dhodh"
"ENSMUSG00000031731.17",5521.12288504134,0.027923583956244,0.0434285970899611,0.642976882223507,1,1,"Ap1g1"
"ENSMUSG00000031732.13",1382.28494040985,-0.13633657489371,0.0751119716299423,-1.81511111924216,1,1,"Phlpp2"
"ENSMUSG00000031734.14",257.863270290972,0.149652901285451,0.0881397990248351,1.69790381803893,1,1,"Irx3"
"ENSMUSG00000031736.14",232.188412619617,0.000234565395985163,0.116376162095292,0.00201557940872027,1,1,"Crnde"
"ENSMUSG00000031737.12",380.391253287647,-0.284099080359948,0.0656317469764894,-4.32868380696491,1,1,"Irx5"
"ENSMUSG00000031740.9",3567.19725576199,0.861338671664511,0.337957365712405,2.5486607455613,0.659204273721504,1,"Mmp2"
"ENSMUSG00000031748.17",7455.39531772632,-0.603341422098305,0.124918833518714,-4.82986756362816,0.999251670259269,1,"Gnao1"
"ENSMUSG00000031749.13",1775.26599494943,0.111449231326727,0.0531377440757726,2.09736475014453,1,1,"St3gal2"
"ENSMUSG00000031750.16",104.86468166232,1.22476507085595,0.269651118479483,4.54203593800091,0.202270043122075,1,"Il34"
"ENSMUSG00000031751.15",7737.25139806872,0.342506245962529,0.0446715448513515,7.66721292272852,1,1,"Amfr"
"ENSMUSG00000031753.17",1739.03965729022,0.394890593594199,0.0520480966497285,7.58703236069747,1,1,"Cog4"
"ENSMUSG00000031754.11",4234.5447218904,0.0899479675107641,0.0674691755265006,1.33317128612953,1,1,"Nudt21"
"ENSMUSG00000031755.7",396.141325254517,0.0614038875220051,0.0900755210882129,0.6816933921689,1,1,"Bbs2"
"ENSMUSG00000031756.6",829.340495763078,0.153418454176582,0.107777324083629,1.42347618556142,0.999999999999998,1,"Cenpn"
"ENSMUSG00000031758.11",126.154365088603,0.0716151055027863,0.165656435881634,0.43231103652355,0.999999989593181,1,"Cdyl2"
"ENSMUSG00000031760.10",1051.09708651488,-0.109896598537815,0.139404021909504,-0.788331620798973,0.999999999914337,1,"Mt3"
"ENSMUSG00000031762.8",2761.95599652651,0.983525385440228,0.136912035234343,7.18362986684695,0.547889099120407,1,"Mt2"
"ENSMUSG00000031765.9",3194.88283520946,0.944006067051891,0.119121292833077,7.92474665612227,0.680843258828363,1,"Mt1"
"ENSMUSG00000031770.17",1120.81789724635,0.728972405020596,0.0801815630630869,9.09152150659672,0.999637799576901,1,"Herpud1"
"ENSMUSG00000031772.18",80.6453167057157,0.514110808177355,0.393044992692012,1.30802024637472,0.891869697261606,1,"Cntnap4"
"ENSMUSG00000031774.9",1726.15201716828,-0.103558614048483,0.0535183150552018,-1.93501260160501,1,1,"Psme3ip1"
"ENSMUSG00000031775.6",105.302769818873,0.0627923077421179,0.229278287774917,0.273869402774681,0.999979992457482,1,"Pllp"
"ENSMUSG00000031776.18",7660.24559252514,-0.0605207839662277,0.0608105376620381,-0.995235140043971,1,1,"Arl2bp"
"ENSMUSG00000031778.14",1819.94644605446,0.373074962546603,0.1718268633485,2.17122605439133,0.999868156031452,1,"Cx3cl1"
"ENSMUSG00000031781.15",1008.5144666454,-0.316767105253604,0.0821717252961649,-3.85494042034417,1,1,"Ciapin1"
"ENSMUSG00000031782.16",1243.26033706279,0.355453862580786,0.0523711801406733,6.78720360369973,1,1,"Coq9"
"ENSMUSG00000031783.11",1726.06945689531,0.209511156597087,0.0507475894111203,4.12849475272172,1,1,"Polr2c"
"ENSMUSG00000031785.17",5796.26441771898,-0.497141563892887,0.144374338944429,-3.44342053807942,0.999752102581138,1,"Adgrg1"
"ENSMUSG00000031787.9",738.365286426985,-0.157144101789182,0.0680717031742706,-2.30850844714253,1,1,"Katnb1"
"ENSMUSG00000031788.15",739.238865529823,0.0286026748785779,0.0969715141885548,0.294959557122743,1,1,"Kifc3"
"ENSMUSG00000031789.18",11.9158091642231,-0.190925806294336,0.279263095007391,-0.683677183658239,0.998127320857179,1,"Cngb1"
"ENSMUSG00000031790.9",14265.9097580097,0.496268060534222,0.112914458722828,4.39507983430549,0.999995924556651,1,"Mmp15"
"ENSMUSG00000031791.9",1519.7680781399,0.442879372378681,0.0898028365403536,4.93168578455392,0.999999999724456,1,"Tmem38a"
"ENSMUSG00000031792.16",683.850795630115,0.108180138892558,0.0579892865653888,1.8655193967695,1,1,"Usb1"
"ENSMUSG00000031796.8",1378.22956644905,0.279399624774339,0.0581729604542109,4.8029122567049,1,1,"Cfap20"
"ENSMUSG00000031799.11",13861.407043269,0.511197830688962,0.0698440114072223,7.31913617773822,0.999999999998706,1,"Tpm4"
"ENSMUSG00000031803.9",15.3180560618715,0.00976829350703574,0.36735765697945,0.0265906898126317,0.999477696138774,1,"B3gnt3"
"ENSMUSG00000031805.18",72.7496245758482,0.721790313579838,0.190340900404463,3.79209256678979,0.928079921608634,1,"Jak3"
"ENSMUSG00000031807.11",1557.26929766684,0.573757383084517,0.0648001051521231,8.85426623517938,0.999999999976128,1,"Pgls"
"ENSMUSG00000031808.8",5244.60814733552,0.987763616653983,0.121185977067696,8.15080787855683,0.540213632987302,1,"Slc27a1"
"ENSMUSG00000031812.17",3485.15434198963,0.30689909539923,0.0698618027044294,4.39294555134306,1,1,"Map1lc3b"
"ENSMUSG00000031813.9",774.065040412868,0.665433380730703,0.0789739994735386,8.42598051468403,0.999988644147273,1,"Mvb12a"
"ENSMUSG00000031816.16",511.969464134919,0.38423223135863,0.0587808369688599,6.53669207810333,1,1,"Mthfsd"
"ENSMUSG00000031818.13",8951.81047126556,0.335600409187234,0.0582263187827337,5.76372362538488,1,1,"Cox4i1"
"ENSMUSG00000031819.14",1986.05177185775,-0.0261471967130405,0.062758253949403,-0.41663359108303,1,1,"Emc8"
"ENSMUSG00000031820.10",1585.02958016447,0.102829050569338,0.032132514929352,3.20015569261924,1,1,"Babam1"
"ENSMUSG00000031821.12",711.266084530281,0.162018093198443,0.112603550690589,1.43883645058081,0.99999999999995,1,"Gins2"
"ENSMUSG00000031822.21",1256.10454889552,-0.51597743406536,0.116031721049536,-4.44686530026631,0.999984867795854,1,"Gse1"
"ENSMUSG00000031823.15",788.11567752196,0.265769344302106,0.0983391997616291,2.70257786260537,0.999999999999959,1,"Zdhhc7"
"ENSMUSG00000031824.16",982.878404132803,-0.0770761834635665,0.119081487386073,-0.647255800674364,0.999999999999995,1,"6430548M08Rik"
"ENSMUSG00000031826.21",3172.3450082181,0.125223653798723,0.0748332853894442,1.67336838342777,1,1,"Usp10"
"ENSMUSG00000031827.15",6235.89357058403,0.749412878316766,0.115006233621175,6.51628050689228,0.985330463787735,1,"Cotl1"
"ENSMUSG00000031828.10",284.34591702298,0.641025234321781,0.076600423684189,8.36842935705713,0.999998609253067,1,"Klhl36"
"ENSMUSG00000031832.16",333.583179550017,-0.0535284393174075,0.0530025173479158,-1.00992258473384,1,1,"Taf1c"
"ENSMUSG00000031833.11",1320.37668329932,0.198448789603554,0.0743271213938556,2.6699377815533,1,1,"Mast3"
"ENSMUSG00000031834.16",3978.40864187564,0.236157933039285,0.070841849106081,3.33359357525597,1,1,"Pik3r2"
"ENSMUSG00000031835.17",7198.28211488913,0.404926029252617,0.0544961187099856,7.43036456242929,1,1,"Mbtps1"
"ENSMUSG00000031837.15",1171.5512593273,-0.145358672026245,0.142788663839508,-1.01799868503305,0.999999998920431,1,"Necab2"
"ENSMUSG00000031838.11",372.887205583445,-0.58398844004092,0.154283442176562,-3.78516600227655,0.996495443017951,1,"Ifi30"
"ENSMUSG00000031839.8",6797.38555609893,0.124658535943846,0.0530258009871602,2.35090340217644,1,1,"Hsbp1"
"ENSMUSG00000031840.15",1340.86380970239,0.280830393648401,0.104061679837104,2.69869171906515,0.999999999997594,1,"Rab3a"
"ENSMUSG00000031841.20",4109.83913950062,0.906787897901751,0.122727448781111,7.3886315319651,0.776224716242957,1,"Cdh13"
"ENSMUSG00000031843.3",1127.81128892708,0.368843438921009,0.0695099270735766,5.30634190610769,1,1,"Mphosph6"
"ENSMUSG00000031847.9",34.2855584402275,-0.23003653094768,0.137402927200271,-1.67417489303114,0.999999989508233,1,"1700030J22Rik"
"ENSMUSG00000031848.16",1426.43134517417,0.335887156499406,0.0699043702969312,4.8049521807101,1,1,"Lsm4"
"ENSMUSG00000031858.18",2132.54303307942,0.141153770398205,0.0440582212825785,3.20380093179159,1,1,"Mau2"
"ENSMUSG00000031860.18",133.231171228218,-0.0308356287067555,0.113876633976334,-0.270780998963878,1,1,"Pbx4"
"ENSMUSG00000031861.17",259.832613781939,0.478127845517614,0.0957707252478304,4.99242168502264,0.999999974699057,1,"Lpar2"
"ENSMUSG00000031862.12",1813.64910801844,0.0678446722350099,0.0583529472465491,1.16266059276076,1,1,"Atp13a1"
"ENSMUSG00000031864.17",1607.03849537217,-0.237323426553455,0.0560824285806847,-4.23168954268845,1,1,"Ints10"
"ENSMUSG00000031865.17",4588.31324794396,-0.0440337293886153,0.0509072833807172,-0.864978966944729,1,1,"Dctn1"
"ENSMUSG00000031871.10",72.8074290417815,-0.659502419178714,0.371717351704217,-1.77420401860469,0.820173732174361,1,"Cdh5"
"ENSMUSG00000031875.8",1116.97443096535,0.694302874745167,0.0853908806408967,8.13087849117041,0.999828185745671,1,"Cmtm3"
"ENSMUSG00000031878.19",1578.2932260682,0.0441037890805336,0.0499734500990894,0.882544410943866,1,1,"Nae1"
"ENSMUSG00000031879.15",915.521674835902,0.284310817230634,0.0774131595646166,3.67264194911616,1,1,"Ciao2b"
"ENSMUSG00000031880.8",35.6256502036894,-0.0690788500420918,0.141248652464231,-0.489058471262832,0.999999999978124,1,"Rrad"
"ENSMUSG00000031883.14",25.8677825155367,0.0183691195066901,0.134022019059408,0.13706045943501,0.999999999999895,1,"Car7"
"ENSMUSG00000031885.15",6111.96764718206,0.225738540303318,0.0649102702497306,3.47770143976955,1,1,"Cbfb"
"ENSMUSG00000031887.14",297.329503936749,-3.71243150879905e-05,0.0637217300494617,-0.000582600551792521,1,1,"Tradd"
"ENSMUSG00000031889.10",717.231166848881,0.231251364861374,0.0555823753594946,4.1605160514586,1,1,"Phaf1"
"ENSMUSG00000031891.7",29.7382248817555,-1.14024434629885,0.287828814981372,-3.96153646525156,0.313040888145419,1,"Hsd11b2"
"ENSMUSG00000031896.8",8.79707748476802,-0.144584006693377,0.165460807576697,-0.873826308543532,0.999999882893273,1,"Ctrl"
"ENSMUSG00000031897.10",562.657625182317,-0.153507920804488,0.111331571369235,-1.37883548140513,0.999999999999986,1,"Psmb10"
"ENSMUSG00000031901.13",521.540042542939,0.100393307088198,0.0464281348224246,2.16233771768295,1,1,"Dus2"
"ENSMUSG00000031902.11",3186.25876923728,0.325230003593968,0.0743151317522789,4.37636314335128,1,1,"Nfatc3"
"ENSMUSG00000031903.8",493.668639550041,0.141349347609925,0.073047041995276,1.93504546863193,1,1,"Pla2g15"
"ENSMUSG00000031904.6",1499.92393803003,-0.24066628935505,0.118422203795214,-2.03227335450732,0.999999999928231,1,"Slc7a6"
"ENSMUSG00000031907.10",644.107608049001,-0.244920481437989,0.0451011647440278,-5.43046909826027,1,1,"Zfp90"
"ENSMUSG00000031910.15",10.1898847042654,0.00221492361668843,0.195838840516771,0.0113099301999735,0.999999980330003,1,"Has3"
"ENSMUSG00000031913.10",1957.80326294686,-0.0839567280555683,0.0285073590753661,-2.94508964627724,1,1,"Vps4a"
"ENSMUSG00000031916.18",1065.91654640425,0.0401176343969804,0.0422559139245266,0.949396916811091,1,1,"Cog8"
"ENSMUSG00000031917.13",1417.79182438095,0.131133710556507,0.0571518607983858,2.29447840760787,1,1,"Nip7"
"ENSMUSG00000031918.17",3806.65792251356,0.267384544648468,0.0505626063159225,5.28818753878728,1,1,"Mtmr2"
"ENSMUSG00000031921.18",1741.38465966276,0.0854356359586452,0.0385875808872498,2.21407079672297,1,1,"Terf2"
"ENSMUSG00000031922.13",1342.18698965656,-0.0234167144805646,0.04952333673499,-0.472842018014102,1,1,"Cep57"
"ENSMUSG00000031924.5",8589.59259677077,-0.0231597100555064,0.0892200780249221,-0.259579576348691,1,1,"Cyb5b"
"ENSMUSG00000031925.18",2618.6360510937,0.00339150906188772,0.0835403799385746,0.0405972424877816,1,1,"Maml2"
"ENSMUSG00000031928.16",1458.10891118108,0.150903296898973,0.117704812278632,1.28204866035344,0.999999999999728,1,"Mre11a"
"ENSMUSG00000031930.12",1062.73685704469,-0.325474648070137,0.109628739876739,-2.96888068252981,0.999999999619402,1,"Wwp2"
"ENSMUSG00000031931.5",1175.40293225941,-0.278346071239843,0.0410200888039076,-6.78560381891049,1,1,"Ankrd49"
"ENSMUSG00000031934.15",1405.29687929004,-0.434083737565021,0.0871830739535763,-4.97899096556476,0.999999999957401,1,"Panx1"
"ENSMUSG00000031935.10",1317.10530338647,-0.0782224710367523,0.0303530487937126,-2.57708777686133,1,1,"Med17"
"ENSMUSG00000031937.8",20.1484649335547,1.0501171405851,0.337471056526947,3.11172505100817,0.440970950010173,1,"Vstm5"
"ENSMUSG00000031938.16",1416.51873497778,-0.0292270523298267,0.0436905614570874,-0.668955750512234,1,1,"4931406C07Rik"
"ENSMUSG00000031939.17",1928.49948539391,0.335792120062977,0.0889369022533736,3.77562194719054,0.999999999999959,1,"Taf1d"
"ENSMUSG00000031948.15",5823.25185703413,0.0967009700890385,0.0596421056654953,1.62135405868111,1,1,"Kars1"
"ENSMUSG00000031949.18",247.772542801493,0.189071246251039,0.0595955142009807,3.17257513062833,1,1,"Adat1"
"ENSMUSG00000031950.8",2209.27819923875,-0.131004225314174,0.0442989476212734,-2.95727624128168,1,1,"Gabarapl2"
"ENSMUSG00000031951.9",275.873125111938,0.150169125416261,0.0725001574711415,2.0712937827209,1,1,"Tmem231"
"ENSMUSG00000031953.3",206.355344396306,-0.279665738902917,0.0805713759375162,-3.47103094180494,1,1,"Tmem170"
"ENSMUSG00000031954.7",3754.2693006666,0.103426755433903,0.0512213741731056,2.01921086857931,1,1,"Cfdp1"
"ENSMUSG00000031955.11",1687.26397443551,0.0793849623724229,0.0846940620474012,0.937314381355248,1,1,"Bcar1"
"ENSMUSG00000031958.17",108.171545084832,1.00633519587652,0.191310696421035,5.26021395929575,0.486791561058912,1,"Ldhd"
"ENSMUSG00000031959.16",914.903093786512,0.15067692202601,0.0484199226106824,3.11187862148231,1,1,"Wdr59"
"ENSMUSG00000031960.15",13810.0110143398,0.13457713312146,0.0624844428756586,2.15377023348457,1,1,"Aars1"
"ENSMUSG00000031962.7",191.475963390877,-0.193316751442009,0.340380650184158,-0.567942834991995,0.991332214890479,1,"Cdh15"
"ENSMUSG00000031963.9",395.016009366382,-0.310687720075537,0.195130760445101,-1.59220268176502,0.999794226227588,1,"Bmper"
"ENSMUSG00000031967.16",2787.44390596535,0.265432403288783,0.0766712516163274,3.46195474435504,1,1,"Afg3l1"
"ENSMUSG00000031969.17",762.608465212724,0.226970347508144,0.0524837490122238,4.32458335732231,1,1,"Acad8"
"ENSMUSG00000031970.18",65.118099632198,-0.459013436581667,0.141126052057677,-3.25250674761363,0.99993679689535,1,"Dbndd1"
"ENSMUSG00000031971.16",215.538815615668,-0.261318174100947,0.120852030140321,-2.16229858776497,0.999999999508921,1,"Ccsap"
"ENSMUSG00000031974.9",849.05068727796,-0.15278827681178,0.057288021501747,-2.66701961084694,1,1,"Abcb10"
"ENSMUSG00000031976.15",1161.66019796586,0.00310910305284509,0.0758655577257173,0.0409817464742785,1,1,"Urb2"
"ENSMUSG00000031979.18",1116.41641740293,0.459455310884386,0.0689988912901763,6.65887961811063,0.999999999999998,1,"Cog2"
"ENSMUSG00000031980.11",1576.47961323563,0.859413859074441,0.232468040160563,3.69691187864299,0.727329002964723,1,"Agt"
"ENSMUSG00000031982.6",171.637608185081,-0.0356953345169762,0.0533275891951503,-0.669359613957992,1,1,"Arv1"
"ENSMUSG00000031983.8",3188.30295222213,0.0442270362224953,0.0701227128152273,0.630709144682311,1,1,"2310022B05Rik"
"ENSMUSG00000031984.9",1462.99780036992,0.0457934102225603,0.0520110492829801,0.880455419643794,1,1,"2810004N23Rik"
"ENSMUSG00000031985.10",2880.49859094205,0.247072259400366,0.042543351017213,5.80754109614922,1,1,"Gnpat"
"ENSMUSG00000031986.7",1166.38682363893,0.0283713632473841,0.0625276857798601,0.453740817264061,1,1,"Sprtn"
"ENSMUSG00000031987.7",10493.3854770021,0.316132826499265,0.102992462008378,3.06947538037833,0.999999999984313,1,"Egln1"
"ENSMUSG00000031988.11",3093.94828789985,0.0668018426683781,0.0367436816367229,1.81804978958924,1,1,"Vps26b"
"ENSMUSG00000031990.16",2120.18113482025,0.277384703755948,0.0702017098374941,3.95125281703323,1,1,"Jam3"
"ENSMUSG00000031993.8",2172.53205088799,-0.257274876551056,0.0605371276275976,-4.24986923948089,1,1,"Snx19"
"ENSMUSG00000031994.14",108.238596286935,-0.670536898332178,0.256154128960124,-2.61770872503313,0.900811771509449,1,"Adamts8"
"ENSMUSG00000031995.10",26.742994418103,-0.973919925598569,0.264142186088239,-3.68710481283449,0.539325654150479,1,"St14"
"ENSMUSG00000031996.18",39706.6441938193,0.306537030916605,0.07336874963639,4.17803264245035,1,1,"Aplp2"
"ENSMUSG00000032000.18",41.0753545708943,1.15590913449247,0.356977219885315,3.23804733216262,0.331147009523303,1,"Birc3"
"ENSMUSG00000032002.11",1842.48874210694,0.0373656408293882,0.041273657308291,0.905314509695321,1,1,"Dcun1d5"
"ENSMUSG00000032009.9",11719.9620305158,-0.235251059593045,0.107765559149399,-2.18298927273145,0.99999999999936,1,"Sesn3"
"ENSMUSG00000032010.16",1410.58744781703,0.419154058881369,0.0936732153569341,4.47464152142335,0.99999999971906,1,"Usp2"
"ENSMUSG00000032012.10",2084.72447510009,0.370600738500884,0.075570051355058,4.90406889840071,1,1,"Nectin1"
"ENSMUSG00000032014.7",57.2843888338623,-0.147297753294642,0.345440289580017,-0.426405829712932,0.993663085230857,1,"Oaf"
"ENSMUSG00000032018.15",3513.00639842259,0.0127959150110267,0.0854607625082152,0.149728537816366,1,1,"Sc5d"
"ENSMUSG00000032026.8",1808.9167451565,0.124094857551407,0.0550527671946734,2.25410753854739,1,1,"Rexo2"
"ENSMUSG00000032030.18",3022.30064218688,-0.0576716706814788,0.0883943974389808,-0.652435814399774,1,1,"Cul5"
"ENSMUSG00000032035.17",1406.24310357735,-0.788411101242166,0.129346813391839,-6.09532682381421,0.949062010455499,1,"Ets1"
"ENSMUSG00000032036.16",1529.25243477263,-0.21359405003651,0.133943659324101,-1.59465592559093,0.999999997836344,1,"Kirrel3"
"ENSMUSG00000032038.8",1674.30039381052,-0.0289527063223765,0.0804215990585945,-0.36001157228025,1,1,"St3gal4"
"ENSMUSG00000032040.16",1205.90095989008,-0.126298003264838,0.0645155473077407,-1.95763670208661,1,1,"Dcps"
"ENSMUSG00000032041.16",598.388530455971,0.0171187411600623,0.0482948372466262,0.354463171138613,1,1,"Tirap"
"ENSMUSG00000032042.12",4001.78914625056,0.320099085071579,0.0572763599306334,5.58867716906672,1,1,"Srpra"
"ENSMUSG00000032044.5",382.014770511766,0.129803743377559,0.0371476452505654,3.49426571999428,1,1,"Rpusd4"
"ENSMUSG00000032046.16",2881.84750345895,-0.272897540134784,0.0712485077793256,-3.83022113220975,1,1,"Abhd12"
"ENSMUSG00000032047.6",5928.10530206072,0.0609398981255284,0.0459564861725615,1.32603476028837,1,1,"Acat1"
"ENSMUSG00000032050.19",8359.11996172148,-0.0139816827062865,0.0525915389876847,-0.265854222474086,1,1,"Rdx"
"ENSMUSG00000032051.10",390.366381333491,0.342384983046056,0.0646554504964897,5.2955316282986,1,1,"Fdx1"
"ENSMUSG00000032058.15",2254.40686183083,-0.269862631887722,0.0869283308524259,-3.10442670693695,1,1,"Ppp2r1b"
"ENSMUSG00000032059.14",1629.87354331179,0.123925201034977,0.0934359833383845,1.3263113054226,1,1,"Alg9"
"ENSMUSG00000032060.11",1831.6621429843,0.279797868875447,0.135955752925397,2.05800683571647,0.999999941245045,1,"Cryab"
"ENSMUSG00000032062.4",14.7025695141096,0.403835436795858,0.214499783562495,1.88268458871521,0.997276398396844,1,"2310030G06Rik"
"ENSMUSG00000032064.18",761.2557717327,-0.812542152939898,0.173042066012124,-4.69563367836216,0.860664122747292,1,"Dixdc1"
"ENSMUSG00000032066.10",70.9120738044164,0.397902801225767,0.118943685690037,3.34530411528265,0.999999792598479,1,"Bco2"
"ENSMUSG00000032067.7",898.237999358382,-0.103214814718417,0.0651643010253936,-1.58391654777661,1,1,"Pts"
"ENSMUSG00000032077.6",536.738829662614,-0.0138606191833264,0.0610358081650631,-0.227089959157126,1,1,"Bud13"
"ENSMUSG00000032078.18",1191.00496157517,-0.0680984723409123,0.0933279033244677,-0.729668940532804,1,1,"Zpr1"
"ENSMUSG00000032086.13",2820.53460713131,0.191441997318192,0.0920264473777853,2.08029325018153,1,1,"Bace1"
"ENSMUSG00000032089.17",70.5699782053687,-0.0158869499248554,0.383394080573159,-0.0414376505268547,0.998896496849895,1,"Il10ra"
"ENSMUSG00000032096.17",9070.62733051558,0.122362410620867,0.044693882852765,2.73778877131721,1,1,"Arcn1"
"ENSMUSG00000032097.11",13428.3314524556,-0.155268969645026,0.0571404455796369,-2.71732164616439,1,1,"Ddx6"
"ENSMUSG00000032101.7",2121.38829351041,-0.135199840222802,0.073046489416157,-1.8508738928239,1,1,"Ddx25"
"ENSMUSG00000032103.11",543.139605640318,-0.113536219279682,0.0440687889628772,-2.57634080608213,1,1,"Pus3"
"ENSMUSG00000032109.16",31.0117663268536,0.359152549676271,0.19896959763324,1.80506245149219,0.999360902544078,1,"Nlrx1"
"ENSMUSG00000032112.11",1323.64773595244,0.321950305413028,0.0499920391734164,6.4400314677347,1,1,"Trappc4"
"ENSMUSG00000032113.17",842.321816297575,0.000388524882611405,0.134444452564065,0.00288985432423303,0.999999999999998,1,"Chek1"
"ENSMUSG00000032114.10",959.50294771446,0.196999934892317,0.0907030097803468,2.17192279913739,1,1,"Slc37a4"
"ENSMUSG00000032115.15",10881.8706945442,0.457940188928988,0.0780246626177321,5.86917230482091,0.999999999998138,1,"Hyou1"
"ENSMUSG00000032116.19",7563.15477642338,0.6267260789954,0.0826386790978973,7.58393146934202,0.999996863010219,1,"Stt3a"
"ENSMUSG00000032118.17",3507.41686597225,-0.317315903383837,0.0667805811536911,-4.75161937650041,1,1,"Fez1"
"ENSMUSG00000032119.6",887.659220208926,0.167209002021642,0.0790992041329008,2.11391510009002,1,1,"Hinfp"
"ENSMUSG00000032120.12",892.736324052111,0.00408849491470024,0.113960648790355,0.0358763745038125,1,1,"C2cd2l"
"ENSMUSG00000032121.10",305.863655529051,0.136097243530599,0.0551405796735421,2.46818666645071,1,1,"Tmem218"
"ENSMUSG00000032122.16",309.846764555354,0.762593080549672,0.140000877020125,5.44705930977883,0.955033674913816,1,"Slc37a2"
"ENSMUSG00000032123.6",996.277231393453,0.378157207933644,0.0493260241769533,7.66648466491104,1,1,"Dpagt1"
"ENSMUSG00000032126.17",1087.59889188662,0.148700830641308,0.0621898985908774,2.39107691137352,1,1,"Hmbs"
"ENSMUSG00000032127.10",1423.95764738887,-0.0351098663906643,0.04191112635108,-0.837721852105736,1,1,"Vps11"
"ENSMUSG00000032128.16",14.5841847254623,0.18582583678648,0.278329840622072,0.667646115023657,0.998289097509502,1,"Robo3"
"ENSMUSG00000032131.17",50.0415706623054,-0.162558186316065,0.197162788247074,-0.824487154809129,0.999989191654842,1,"Abcg4"
"ENSMUSG00000032135.16",2766.02450067767,0.324807100360902,0.199824595975481,1.62546106386601,0.999636154548522,1,"Mcam"
"ENSMUSG00000032171.8",1371.08776613037,0.286855427377244,0.0458588196178619,6.25518558409459,1,1,"Pin1"
"ENSMUSG00000032172.9",3687.27112806969,0.604408487268162,0.1301978661201,4.64223036275133,0.998810758827314,1,"Olfm2"
"ENSMUSG00000032174.6",146.422596161545,0.608654792172331,0.206249522512748,2.95106036977472,0.971114771401488,1,"Icam5"
"ENSMUSG00000032175.12",661.03220757788,0.257899104574751,0.0479965633694024,5.37328272005326,1,1,"Tyk2"
"ENSMUSG00000032177.19",243.040473100623,-0.119292293723875,0.167086524861489,-0.713955202687744,0.999999932157393,1,"Pde4a"
"ENSMUSG00000032178.15",5406.94929059269,-0.115449203423125,0.0480669363921377,-2.40184234920386,1,1,"Ilf3"
"ENSMUSG00000032179.8",400.85149818193,-0.205109631717504,0.351033294161057,-0.584302501014044,0.988524596117543,1,"Bmp5"
"ENSMUSG00000032180.12",682.905293794126,0.182100899724931,0.0576525464255926,3.15859248229311,1,1,"Tmed1"
"ENSMUSG00000032182.16",209.850549084183,0.0587210634026122,0.0832455287879845,0.705396004536977,1,1,"Yipf2"
"ENSMUSG00000032184.6",974.994414433005,0.396324165769972,0.0936558313870602,4.23170837202913,0.99999999994246,1,"Lysmd2"
"ENSMUSG00000032185.17",2399.42467121066,0.0944570145824337,0.0354331427917484,2.66578144472216,1,1,"Carm1"
"ENSMUSG00000032186.16",11674.4110797093,-0.416059236076078,0.0839165957736194,-4.95800898785831,0.999999999998281,1,"Tmod2"
"ENSMUSG00000032187.17",11199.671674254,-0.285945922892758,0.060484147886638,-4.72761761360497,1,1,"Smarca4"
"ENSMUSG00000032192.10",1373.2615752345,-0.11117131920573,0.0566131979642453,-1.9636996884709,1,1,"Gnb5"
"ENSMUSG00000032193.10",6335.03504609976,1.08711370701297,0.145669460481654,7.46288002590556,0.274912249159161,1,"Ldlr"
"ENSMUSG00000032194.10",1672.24861657759,1.18230605839105,0.144784573378254,8.16596706958721,0.103987376814197,1,"Kank2"
"ENSMUSG00000032198.10",1040.95797121101,0.658212748977991,0.0969794736895038,6.78713467847197,0.999787718978854,1,"Dock6"
"ENSMUSG00000032199.14",8258.3587007514,0.309468424030936,0.068074897445187,4.54599912221853,1,1,"Polr2m"
"ENSMUSG00000032202.12",39.3879774699575,-0.559182522636648,0.265282646629832,-2.10787448685596,0.951712511946175,1,"Rab27a"
"ENSMUSG00000032204.14",14.9318548103134,0.00848620064571294,0.295031470611605,0.0287637133358042,0.999926427273257,1,"Aqp9"
"ENSMUSG00000032212.11",2976.71875252119,0.0979320579997111,0.0507636081715894,1.92917843169628,1,1,"Sltm"
"ENSMUSG00000032215.16",2421.83434687496,0.154553991178196,0.0439111009958277,3.51970202689478,1,1,"Rsl24d1"
"ENSMUSG00000032216.16",56254.6076005626,0.168722022262236,0.0702459960899723,2.40187386689106,1,1,"Nedd4"
"ENSMUSG00000032217.14",1803.96487333876,0.00488773634624079,0.0387873220944433,0.126013761257857,1,1,"Rnf111"
"ENSMUSG00000032218.8",723.228178916486,0.534796092289044,0.220525554616961,2.42509804914878,0.982550303393401,1,"Ccnb2"
"ENSMUSG00000032220.11",898.047959466045,0.670335378389878,0.211521276237727,3.16911561008404,0.940447494158162,1,"Myo1e"
"ENSMUSG00000032221.15",883.450415031269,-0.61266149165338,0.153973691543172,-3.97900112358869,0.994058752603984,1,"Mns1"
"ENSMUSG00000032224.16",199.618489212373,-1.15343061731013,0.205568186862264,-5.61093929423507,0.227720955159821,1,"Fam81a"
"ENSMUSG00000032228.17",17594.1807821802,0.185578393400546,0.0770060475040479,2.40991973248323,1,1,"Tcf12"
"ENSMUSG00000032232.15",258.179494793856,0.319121910213313,0.160508488960636,1.98819334902327,0.999988923497447,1,"Cgnl1"
"ENSMUSG00000032235.16",718.478133905751,0.221191510617498,0.0514572843825414,4.29854612950668,1,1,"Ice2"
"ENSMUSG00000032238.18",2337.59228936242,0.64098907844213,0.095134798150238,6.73769315650276,0.999919580406276,1,"Rora"
"ENSMUSG00000032239.11",1056.98874915991,0.240481741262851,0.0862239439543502,2.78903666700946,1,1,"Rp9"
"ENSMUSG00000032243.9",16.209065965512,-0.541154124559423,0.313315059067846,-1.72718836486643,0.928469988393038,1,"Itga11"
"ENSMUSG00000032244.10",5936.06223129053,-0.241487894037418,0.0698524266308807,-3.45711531703123,1,1,"Fem1b"
"ENSMUSG00000032245.13",902.725317870838,0.517186348321052,0.050842010000633,10.1724213561701,1,1,"Cln6"
"ENSMUSG00000032246.15",119.056174437055,0.371718099782563,0.153027002346607,2.42910136173627,0.99997984477673,1,"Calml4"
"ENSMUSG00000032249.15",11009.5014364719,0.0701277908773293,0.0616734124982663,1.13708303200023,1,1,"Anp32a"
"ENSMUSG00000032251.13",559.284829376151,-0.176108365988552,0.0536079975774212,-3.28511367607445,1,1,"Irak1bp1"
"ENSMUSG00000032252.15",1333.83033166372,-0.234459848052987,0.127122480932126,-1.84436180236423,0.999999999138984,1,"Glce"
"ENSMUSG00000032253.14",4655.13725165497,0.151662326012401,0.0727973476221592,2.08334961322458,1,1,"Phip"
"ENSMUSG00000032254.11",2237.41360106873,0.0234617941270027,0.119487632087318,0.196353327262,1,1,"Kif23"
"ENSMUSG00000032258.16",510.343872996214,-0.13539111576113,0.121075714536724,-1.1182351165895,0.999999999999537,1,"Lca5"
"ENSMUSG00000032261.17",677.847644128439,-0.239745744616341,0.0948341151925245,-2.52805379297976,0.999999999999999,1,"Sh3bgrl2"
"ENSMUSG00000032262.14",1587.34937279527,-0.122141811915918,0.11151547877381,-1.09529020777162,0.999999999999998,1,"Elovl4"
"ENSMUSG00000032263.15",625.434465091069,-0.202863811527574,0.0725087674108353,-2.79778320293525,1,1,"Bckdhb"
"ENSMUSG00000032264.10",762.434206268788,-0.115682530611831,0.0701270773496381,-1.64961288825804,1,1,"Zw10"
"ENSMUSG00000032265.15",657.670688187369,-0.237662377408818,0.150182314621766,-1.58249243932197,0.999999807350648,1,"Tent5a"
"ENSMUSG00000032267.9",1523.40223276151,0.0934607361234171,0.0707818055832931,1.32040621672806,1,1,"Usp28"
"ENSMUSG00000032271.14",10.3067511069291,0.758502076778662,0.228910262896448,3.31353460164337,0.854284935944458,1,"Nnmt"
"ENSMUSG00000032279.12",4889.14550294979,0.153756321022388,0.0537858881020178,2.85867402116243,1,1,"Idh3a"
"ENSMUSG00000032280.18",2361.12010537492,-0.314283348608243,0.0756071915026253,-4.15679173319552,1,1,"Tle3"
"ENSMUSG00000032285.16",57.2463256581223,0.14386616510894,0.23379193934299,0.615359817422436,0.9998753448678,1,"Dnaja4"
"ENSMUSG00000032288.10",1115.13904214492,0.286247466038354,0.0778662005307927,3.67614528623566,1,1,"Imp3"
"ENSMUSG00000032290.8",3248.16845562653,0.22890712897455,0.0618444661422163,3.70133567728048,1,1,"Ptpn9"
"ENSMUSG00000032293.9",5844.04355947102,-0.115800805639808,0.0487914572563582,-2.37338280411204,1,1,"Ireb2"
"ENSMUSG00000032294.18",72610.1064810767,0.622785972489851,0.0670445463577046,9.28913694436955,0.99999999079523,1,"Pkm"
"ENSMUSG00000032295.16",1572.06302932875,0.392448716858812,0.0425964192797036,9.21318560327455,1,1,"Man2c1"
"ENSMUSG00000032298.14",481.674447261452,0.644286273936552,0.0939264624154954,6.85947556596427,0.999923807847087,1,"Neil1"
"ENSMUSG00000032299.11",814.826482284019,0.138937770001265,0.0671839873952651,2.06801911270685,1,1,"Commd4"
"ENSMUSG00000032300.8",1851.84558366406,0.743683152721021,0.114380892202842,6.50181283253311,0.987483923305947,1,"1700017B05Rik"
"ENSMUSG00000032301.14",4832.75673552779,0.0574145518167062,0.0447191763824713,1.28389108345053,1,1,"Psma4"
"ENSMUSG00000032305.16",798.967123801288,0.0123967897092686,0.0515520903227199,0.240471135732106,1,1,"Fam219b"
"ENSMUSG00000032306.15",750.444596745061,-0.406638708187246,0.0467118533458166,-8.70525742527969,1,1,"Mpi"
"ENSMUSG00000032307.17",1428.28059710729,0.0503284769821984,0.052594794036544,0.956909859695031,1,1,"Ube2q2"
"ENSMUSG00000032308.10",384.999549883581,0.400629201917415,0.086858659726065,4.61242670772172,0.99999999999741,1,"Ulk3"
"ENSMUSG00000032309.16",1017.96257786854,-0.32839898947996,0.0451480214797703,-7.27382903428243,1,1,"Fbxo22"
"ENSMUSG00000032312.8",2404.45768265886,-0.246344275823274,0.0557089489109399,-4.42198750181226,1,1,"Csk"
"ENSMUSG00000032313.12",16.7670802352364,-1.22644060533986,0.238545384695969,-5.14133026259544,0.17124524752809,1,"Tmem266"
"ENSMUSG00000032314.15",2760.36988726136,0.371256947691711,0.0578996595243505,6.41207479873994,1,1,"Etfa"
"ENSMUSG00000032316.9",2149.57016765856,0.273859015982798,0.0656443958861559,4.17185674855992,1,1,"Clk3"
"ENSMUSG00000032320.8",5661.67554200454,0.122358138191759,0.045406418382589,2.69473221078096,1,1,"Rcn2"
"ENSMUSG00000032322.15",47.0981174240744,-0.0343523239969269,0.18406285191352,-0.186633661490081,0.999999931977235,1,"Pstpip1"
"ENSMUSG00000032324.12",10781.7300007828,0.0392870357354021,0.045154995874035,0.87004848466818,1,1,"Tspan3"
"ENSMUSG00000032328.13",10110.4254432527,0.200870410439405,0.0423923450505123,4.73836515059639,1,1,"Tmem30a"
"ENSMUSG00000032329.5",2149.82987404716,-0.0697261496187634,0.0378178536756695,-1.84373630023383,1,1,"Hmg20a"
"ENSMUSG00000032330.8",3679.42939096332,0.364073845563064,0.0625670937558039,5.81893490185153,1,1,"Cox7a2"
"ENSMUSG00000032332.18",69.6153276008001,0.968314230118253,0.268056103816279,3.61235657883738,0.547047678666113,1,"Col12a1"
"ENSMUSG00000032333.7",610.277142934707,0.1398199134698,0.0804856497380147,1.7372030160025,1,1,"Stoml1"
"ENSMUSG00000032334.11",298.347961836275,1.19107728426316,0.223754240300167,5.32314955312275,0.196563436264239,1,"Loxl1"
"ENSMUSG00000032336.19",7393.7908990181,0.308727342881866,0.0619728311361708,4.9816562713346,1,1,"Nptn"
"ENSMUSG00000032340.9",7614.15939575116,-0.0768765572618254,0.0840539841757165,-0.914609319423972,1,1,"Neo1"
"ENSMUSG00000032342.14",556.850270732041,0.138082808464433,0.0535895820780686,2.57667261265959,1,1,"Mto1"
"ENSMUSG00000032344.18",14.6707228268729,-0.312505764860396,0.159813483715303,-1.95544053978014,0.999991531245377,1,"Cgas"
"ENSMUSG00000032348.7",156.242980897414,-0.567083203011972,0.198209548477751,-2.86102868084393,0.985523906562174,1,"Gsta4"
"ENSMUSG00000032349.14",7548.66776187093,0.236042227218794,0.0406598456992206,5.80529077667697,1,1,"Elovl5"
"ENSMUSG00000032350.10",2361.64187310747,0.320873204035774,0.0578789578582068,5.5438663014952,1,1,"Gclc"
"ENSMUSG00000032352.17",647.553350084659,0.134004357179609,0.060230737873997,2.22485000034279,1,1,"Lrrc1"
"ENSMUSG00000032353.10",801.104955926949,0.518423535092675,0.0551613645688621,9.39830874643227,1,1,"Tmed3"
"ENSMUSG00000032355.17",88.25560917186,0.948709126464764,0.259783550906533,3.65192146752239,0.578257194017126,1,"Mlip"
"ENSMUSG00000032359.15",514.795098085508,1.008663487987,0.280341709690424,3.59797865647909,0.487673323349387,1,"Ctsh"
"ENSMUSG00000032363.16",734.316549958123,0.387062194896814,0.0875903974189195,4.41900261104659,0.9999999999987,1,"Adamts7"
"ENSMUSG00000032366.16",5536.36125375757,-0.148402155661107,0.0853802634783302,-1.73813185407623,1,1,"Tpm1"
"ENSMUSG00000032368.15",2058.83519584602,0.492728814824307,0.0908389929652111,5.42419944057513,0.999999988267086,1,"Zic1"
"ENSMUSG00000032369.14",511.081527904339,0.154027100441747,0.0684777666576058,2.24930087471887,1,1,"Plscr1"
"ENSMUSG00000032370.9",358.994058433166,-0.536460727687621,0.0467277327202186,-11.4805640346316,1,1,"Lactb"
"ENSMUSG00000032372.15",17.2571608548968,-0.262867534507248,0.28201816415516,-0.932094339719991,0.995526388939144,1,"Plscr2"
"ENSMUSG00000032373.16",340.601265919111,0.123030294797448,0.297424691881071,0.41365191981654,0.99848335733351,1,"Car12"
"ENSMUSG00000032374.15",10793.5000662637,0.567711075834388,0.12537491706352,4.52810728916984,0.999717591376976,1,"Plod2"
"ENSMUSG00000032375.16",1904.65576100434,-0.236678666794913,0.06239799907697,-3.79304898067263,1,1,"Aph1b"
"ENSMUSG00000032376.13",1449.94682032024,-0.275629916131645,0.0667340915105503,-4.13027149831011,1,1,"Usp3"
"ENSMUSG00000032377.9",278.71060653682,0.730624317384387,0.109308341764894,6.68406734186724,0.993137192513242,1,"Plscr4"
"ENSMUSG00000032380.10",38.79953013319,0.598020096273193,0.212197182470032,2.81822825973502,0.970912019460999,1,"Dapk2"
"ENSMUSG00000032381.6",1987.07673970487,-0.00374478764891612,0.0494826304062553,-0.075678831504534,1,1,"Ciao2a"
"ENSMUSG00000032382.15",3315.45711577875,-0.131435780127655,0.0448303982203544,-2.93184502804571,1,1,"Snx1"
"ENSMUSG00000032383.8",9886.50804093697,0.0475708348541144,0.0591890284081372,0.803710351960677,1,1,"Ppib"
"ENSMUSG00000032384.17",1700.17398916756,-0.0168961851960598,0.0656421573585564,-0.257398383538311,1,1,"Csnk1g1"
"ENSMUSG00000032386.16",2516.90262018799,0.0046066308744986,0.0480286801642361,0.0959141675087891,1,1,"Trip4"
"ENSMUSG00000032387.16",392.331132583845,1.05512007569528,0.142858598050057,7.38576529587366,0.349808843796707,1,"Rbpms2"
"ENSMUSG00000032388.8",2046.69890900078,0.115820051042919,0.0788437237277512,1.46898250826975,1,1,"Spg21"
"ENSMUSG00000032392.12",178.50651094147,0.553742150431407,0.0737831458918977,7.50499512778588,0.999999999267796,1,"Parp16"
"ENSMUSG00000032393.16",6065.4089616121,0.113190908181566,0.0560937101808198,2.01788948915469,1,1,"Dpp8"
"ENSMUSG00000032394.7",55.1962077217527,0.109627270064879,0.128093154362213,0.855840193886417,0.999999999998186,1,"Igdcc3"
"ENSMUSG00000032396.18",1250.9708163875,-0.143411020706558,0.0438210281663631,-3.27265303228644,1,1,"Dis3l"
"ENSMUSG00000032397.8",1827.9553455647,-0.200508585578884,0.0862264951122182,-2.3253709352089,1,1,"Tipin"
"ENSMUSG00000032398.8",260.753500972379,-0.131069245978904,0.0696086929404801,-1.88294364456717,1,1,"Snapc5"
"ENSMUSG00000032399.9",44579.124924322,0.548285123388786,0.082261867029743,6.66511888419145,0.999999980037357,1,"Rpl4"
"ENSMUSG00000032400.19",1608.08915604908,0.0896216880425814,0.118726501868568,0.75485832254869,0.999999999999991,1,"Zwilch"
"ENSMUSG00000032403.9",218.937271635158,-0.058903071461109,0.0662136931584704,-0.889590485764558,1,1,"2300009A05Rik"
"ENSMUSG00000032405.11",2176.64692757608,-0.284296391844871,0.0581584905236754,-4.88830417166928,1,1,"Pias1"
"ENSMUSG00000032407.15",6402.05303183159,-0.154010595210171,0.131204872166123,-1.17381765377716,0.999999999943276,1,"U2surp"
"ENSMUSG00000032409.16",1751.5748631202,0.0269355986694686,0.0537903352995776,0.500751640967744,1,1,"Atr"
"ENSMUSG00000032410.14",2507.02708813638,0.25123723231905,0.0850906992003019,2.95258159446595,1,1,"Xrn1"
"ENSMUSG00000032411.16",1517.09461332619,-0.0802442533318386,0.0719629183895162,-1.11507780851101,1,1,"Tfdp2"
"ENSMUSG00000032412.9",4145.21073416739,0.215506029013586,0.0388199002947206,5.55143180115007,1,1,"Atp1b3"
"ENSMUSG00000032413.13",1069.18251885553,-0.119854939456076,0.0821425948079644,-1.45910827063933,1,1,"Rasa2"
"ENSMUSG00000032415.15",57.5793445505133,-0.25716688178523,0.101982439128816,-2.52167808479651,0.999999999999838,1,"Ube3d"
"ENSMUSG00000032417.11",97.0539334428899,0.0352697282899344,0.097841883691724,0.360476791320379,1,1,"Rwdd2a"
"ENSMUSG00000032418.16",5003.36194856913,0.0227228107874997,0.0604622015020789,0.375818448931577,1,1,"Me1"
"ENSMUSG00000032420.9",227.136069900419,1.09460805665968,0.167314489236531,6.54221915659821,0.285883702003943,1,"Nt5e"
"ENSMUSG00000032422.19",1512.21686763738,-0.111710824907494,0.0436217855464944,-2.56089528450015,1,1,"Snx14"
"ENSMUSG00000032423.14",11401.2178723304,0.094721739329535,0.0803717939456348,1.17854454503786,1,1,"Syncrip"
"ENSMUSG00000032425.16",348.615062072875,-0.032645188780824,0.108291590625962,-0.301456360481214,1,1,"Zfp949"
"ENSMUSG00000032431.7",2336.11604166244,0.565419790417397,0.104195635702718,5.42652085765479,0.999984824063947,1,"Crtap"
"ENSMUSG00000032434.10",2191.92610027738,0.312864118042921,0.0433551809437528,7.2163029015798,1,1,"Cmtm6"
"ENSMUSG00000032435.10",3104.17899547344,0.140400435356551,0.0538687050972548,2.60634509597125,1,1,"Dync1li1"
"ENSMUSG00000032436.18",17.1359721846576,-0.905697891083053,0.360737027027436,-2.51068735179816,0.603113859903797,1,"Cmtm7"
"ENSMUSG00000032437.11",9489.47219103769,0.485455210766113,0.0584980650777553,8.29865415413055,1,1,"Stt3b"
"ENSMUSG00000032443.18",10.4871159867641,-0.152908920113421,0.174234265525607,-0.877605330111996,0.99999941838464,1,"Zcwpw2"
"ENSMUSG00000032446.15",30.4285868481877,1.27180256808824,0.229090184569856,5.55153670366194,0.117723594169703,1,"Eomes"
"ENSMUSG00000032449.14",4479.69482773216,0.166176291390581,0.0451500880850554,3.68053083479111,1,1,"Slc25a36"
"ENSMUSG00000032456.14",60.8941709082702,0.866768227843883,0.16507943010233,5.25061315820263,0.790188870732142,1,"Nmnat3"
"ENSMUSG00000032458.7",7204.01004194165,0.204428788797933,0.0427654366323991,4.78023387332979,1,1,"Copb2"
"ENSMUSG00000032459.10",953.253196543252,-0.0268195051367767,0.0506893609417463,-0.529095349369239,1,1,"Mrps22"
"ENSMUSG00000032462.15",833.439337699428,0.00135005499504398,0.101984274498259,0.0132378741887999,1,1,"Pik3cb"
"ENSMUSG00000032463.11",811.381431516279,-0.187082452896397,0.0539735696210046,-3.46618639845513,1,1,"Faim"
"ENSMUSG00000032468.12",1491.82142853767,-0.215243307734379,0.0440570985577273,-4.88555340185075,1,1,"Armc8"
"ENSMUSG00000032469.13",606.86436601398,-0.211089236698528,0.0590388502221295,-3.57542933008214,1,1,"Dbr1"
"ENSMUSG00000032470.18",1952.40459330761,0.274287648115167,0.0953254366690514,2.8773815017227,0.999999999999987,1,"Mras"
"ENSMUSG00000032475.16",1245.26897980062,0.402851037686182,0.057720430238661,6.97934918399747,1,1,"Nck1"
"ENSMUSG00000032477.15",1137.76777076836,0.0808182773738729,0.0734257307546365,1.10068059988316,1,1,"Cdc25a"
"ENSMUSG00000032478.15",245.174360186736,-0.191224954565417,0.0545695376684928,-3.5042436263085,1,1,"Nme6"
"ENSMUSG00000032479.16",13103.0014149213,0.366799670063795,0.0618494223722596,5.93052701213764,1,1,"Map4"
"ENSMUSG00000032480.18",2919.3810991455,-0.118812438731825,0.0476283667252386,-2.4945730223595,1,1,"Dhx30"
"ENSMUSG00000032481.18",10718.9645691515,-0.252218404349455,0.0693922877406252,-3.63467486894507,1,1,"Smarcc1"
"ENSMUSG00000032482.10",10870.1179817422,-0.53730405382658,0.0927114550708033,-5.79544408418834,0.999999699210542,1,"Cspg5"
"ENSMUSG00000032485.15",3081.93503020865,0.192366816366679,0.0914985150561357,2.10240369746612,1,1,"Scap"
"ENSMUSG00000032487.9",25.76659743667,1.06630068286995,0.40022996625008,2.66422000546476,0.434213774442401,1,"Ptgs2"
"ENSMUSG00000032489.18",28.4566262293086,0.563710285359263,0.179728343660967,3.13645735489904,0.992398258679175,1,"Kif9"
"ENSMUSG00000032491.15",298.210659958221,1.05069993426908,0.108261933934945,9.70516502042584,0.319782159240172,1,"Nradd"
"ENSMUSG00000032492.15",54.5949634634156,-0.837525813827162,0.215597016961308,-3.88468182738107,0.774455659773964,1,"Pth1r"
"ENSMUSG00000032497.20",1482.72574325119,0.185603518072633,0.0539330938775935,3.44136604686315,1,1,"Lrrfip2"
"ENSMUSG00000032498.10",848.79244312809,-0.0166223396312652,0.057263279856518,-0.290279209869135,1,1,"Mlh1"
"ENSMUSG00000032501.10",2574.35738930449,-0.37074610536141,0.0995943734136856,-3.72256074970661,0.999999999867658,1,"Trib1"
"ENSMUSG00000032504.16",5183.7063970086,0.236348128765736,0.0423361401438898,5.58265651905084,1,1,"Pdcd6ip"
"ENSMUSG00000032507.16",121.125363815829,-1.01924759447574,0.15122887891895,-6.73976823581426,0.449361533092938,1,"Fbxl2"
"ENSMUSG00000032508.9",239.114543823862,0.294919911232273,0.116412581415971,2.53340238353148,0.999999999305437,1,"Myd88"
"ENSMUSG00000032511.18",1216.75851482463,1.0047626726895,0.196365479148859,5.11679892537433,0.490324953031452,1,"Scn5a"
"ENSMUSG00000032512.8",2253.48642510449,-0.0294553153432605,0.0628221048691361,-0.468868647502635,1,1,"Wdr48"
"ENSMUSG00000032513.9",598.917713638966,0.200666841066026,0.0591747043462179,3.39109157000547,1,1,"Gorasp1"
"ENSMUSG00000032515.9",177.547700810706,0.0367970611527033,0.140204485210889,0.262452810246084,0.99999999999686,1,"Csrnp1"
"ENSMUSG00000032518.7",46361.3890101779,0.527021102720149,0.0801110997163079,6.57862773805945,0.999999998226437,1,"Rpsa"
"ENSMUSG00000032519.12",308.099730231624,-0.0239634168583894,0.0543429298998344,-0.440966596805861,1,1,"Slc25a38"
"ENSMUSG00000032523.12",21.5686592189628,1.11552939718569,0.349693835602248,3.19001733406168,0.370559075522457,1,"Hhatl"
"ENSMUSG00000032525.16",4799.34645367689,0.138627923932529,0.0739836114970485,1.87376529919818,1,1,"Nktr"
"ENSMUSG00000032526.12",1057.72954283875,-0.0446515720491051,0.0896551577039667,-0.498036846876569,1,1,"Ss18l2"
"ENSMUSG00000032527.14",1751.06311725413,0.0131577081712799,0.0412975683754664,0.318607334254006,1,1,"Pccb"
"ENSMUSG00000032528.6",24.1034296627416,-1.27014508579351,0.33825680308968,-3.75497277273318,0.212249874107308,1,"Vipr1"
"ENSMUSG00000032534.19",851.398492661958,0.0613172970850507,0.0446821630721669,1.37229921000056,1,1,"Cep63"
"ENSMUSG00000032536.13",4361.05319659995,0.0252918799479128,0.0824795164025863,0.306644377307719,1,1,"Trak1"
"ENSMUSG00000032537.16",1664.75478436479,0.664756345713707,0.110262663690469,6.02884352204498,0.998818716735477,1,"Ephb1"
"ENSMUSG00000032540.17",1337.80400537201,-0.111739465492777,0.0913456371592461,-1.22326001512232,1,1,"Abhd5"
"ENSMUSG00000032547.13",5743.15171014336,0.413095982136333,0.0543083252505828,7.60649458863399,1,1,"Ryk"
"ENSMUSG00000032548.15",68.2608344068164,-1.13026881831588,0.235716615968327,-4.79503243194257,0.290251504291237,1,"Slco2a1"
"ENSMUSG00000032549.8",3150.46592549141,-0.328078469826208,0.126689090442996,-2.58963474028434,0.999999943262102,1,"Rab6b"
"ENSMUSG00000032551.8",616.595358469413,-0.0251609360854721,0.0694586034581199,-0.3622436218523,1,1,"1110059G10Rik"
"ENSMUSG00000032553.15",2771.77457327299,0.0960739721773954,0.0358517365109364,2.67975784514896,1,1,"Srprb"
"ENSMUSG00000032555.11",4551.47929169736,-0.0882451177765001,0.0869609675681822,-1.01476697240415,1,1,"Topbp1"
"ENSMUSG00000032556.12",121.124394170259,-0.416400754532981,0.22286607350975,-1.86839005136762,0.99558555420061,1,"Bfsp2"
"ENSMUSG00000032557.14",1770.33679524453,0.187797182064565,0.0429971735275181,4.36766342197761,1,1,"Uba5"
"ENSMUSG00000032558.20",802.936585764433,0.396064904593948,0.181640153002662,2.18049202253284,0.999557746554776,1,"Nphp3"
"ENSMUSG00000032560.15",4178.99744821779,0.209069535508302,0.0612253056670602,3.41475690860917,1,1,"Dnajc13"
"ENSMUSG00000032561.16",83.8499550198922,-0.144286030042946,0.32462899739228,-0.444464392281606,0.996017024426393,1,"Acp3"
"ENSMUSG00000032562.14",17326.4791336172,0.14615391251181,0.0452972655046303,3.22655045251838,1,1,"Gnai2"
"ENSMUSG00000032563.17",1673.59095108038,0.185019700815518,0.0573068749886966,3.22857773787197,1,1,"Mrpl3"
"ENSMUSG00000032565.10",258.35442515631,0.308404224116165,0.0883099311929754,3.49229378791201,0.999999999999998,1,"Nudt16"
"ENSMUSG00000032567.17",264.427210675909,-0.0321127380238311,0.0648993541077978,-0.49480828376954,1,1,"Aste1"
"ENSMUSG00000032570.18",3702.47155866818,0.160124389956473,0.0816617803889831,1.96082413576762,1,1,"Atp2c1"
"ENSMUSG00000032571.15",1477.50234578094,0.14722635445298,0.0385895948447665,3.81518269484881,1,1,"Pik3r4"
"ENSMUSG00000032575.17",4626.91115676378,0.0254032737168995,0.0723438146642702,0.351146450249959,1,1,"Manf"
"ENSMUSG00000032577.17",273.524000689546,1.13701471699189,0.159120698838967,7.14561163499267,0.194598608740992,1,"Mapkapk3"
"ENSMUSG00000032578.8",179.168835108146,-1.06380604348812,0.149950815380252,-7.09436651471669,0.335231319521424,1,"Cish"
"ENSMUSG00000032579.15",267.202034220241,0.244399504170092,0.149788904376587,1.63162622216424,0.999999772569114,1,"Hemk1"
"ENSMUSG00000032580.13",4361.84151771586,0.0655922144990889,0.0554464921060149,1.18298222317969,1,1,"Rbm5"
"ENSMUSG00000032582.15",2532.49596748114,-0.0479244382360494,0.0337717035355969,-1.4190707965186,1,1,"Rbm6"
"ENSMUSG00000032583.8",174.918903215911,-0.394297606117356,0.0642484275480064,-6.13707792027652,1,1,"Mon1a"
"ENSMUSG00000032586.10",643.410016830929,-0.0726063788712277,0.148367456352036,-0.489368630132421,0.999999999795874,1,"Traip"
"ENSMUSG00000032590.15",63.5011319249997,0.665897121647529,0.293428614834167,2.26936668062815,0.872568588686453,1,"Apeh"
"ENSMUSG00000032593.6",56.0186266349449,-0.429902115646892,0.12491926995957,-3.44143954560435,0.999997487371203,1,"Amigo3"
"ENSMUSG00000032594.12",4378.71182480309,0.100755221518078,0.217715246567975,0.462784408103548,0.999982105237712,1,"Ip6k1"
"ENSMUSG00000032595.11",13.0394012532116,0.076622565639055,0.316361220378026,0.242199614565582,0.998575853481569,1,"Cdhr4"
"ENSMUSG00000032596.15",81.606766770766,-0.741435987422058,0.237194050973541,-3.12586249266751,0.862164316894439,1,"Uba7"
"ENSMUSG00000032598.9",492.45332861432,-0.557722121709423,0.254891345002912,-2.18807791101362,0.958643978475059,1,"Nckipsd"
"ENSMUSG00000032599.13",1425.39599611598,-0.174444057708284,0.0653024229337545,-2.67132596114003,1,1,"Ip6k2"
"ENSMUSG00000032601.14",3909.43636880683,-0.418745027075142,0.109056028650043,-3.83972378472426,0.999999950859737,1,"Prkar2a"
"ENSMUSG00000032602.7",34.5191867077909,-0.818036509339179,0.23097408969099,-3.54168084581952,0.784595812492555,1,"Slc25a20"
"ENSMUSG00000032604.17",2314.76879967257,0.238553865822679,0.0596763577617431,3.99746021322382,1,1,"Qars1"
"ENSMUSG00000032606.8",1187.01065101033,0.0686002180211022,0.0582761339774541,1.17715801201985,1,1,"Nicn1"
"ENSMUSG00000032607.13",1260.01698873914,1.07798732927137,0.0927697254437026,11.6200336275173,0.200270631484594,1,"Amt"
"ENSMUSG00000032609.13",100.260916614321,-0.525134255329807,0.201026906229555,-2.61225855373882,0.990916579175355,1,"Klhdc8b"
"ENSMUSG00000032611.10",13.4598865810541,-0.770518079969919,0.135234106493683,-5.69766089300788,0.955144428471394,1,"1700102P08Rik"
"ENSMUSG00000032612.15",4176.01481116218,-0.103418052606928,0.0342362374473068,-3.02071899010805,1,1,"Usp4"
"ENSMUSG00000032615.15",483.117363373505,0.12301286847286,0.0433486600711613,2.83775480651356,1,1,"Nt5m"
"ENSMUSG00000032621.9",3646.26763520999,0.173758784648971,0.0731067869092704,2.37678048776259,1,1,"Srek1"
"ENSMUSG00000032624.17",3307.46780635494,0.217750144100506,0.0555279197429698,3.92145329968127,1,1,"Eml4"
"ENSMUSG00000032625.15",1755.64464489735,0.0211087281071925,0.184709637765566,0.114280599337127,0.999999958156881,1,"Thsd7a"
"ENSMUSG00000032633.13",2011.90416801551,0.54186305533833,0.0834080377466395,6.4965328279787,0.999999980210428,1,"Flcn"
"ENSMUSG00000032637.16",7802.98276095688,0.236283858285537,0.0612965789783645,3.85476420093423,1,1,"Atxn2l"
"ENSMUSG00000032640.11",6869.63930292265,0.270159858752462,0.0896459993400021,3.01362984116916,1,1,"Chsy1"
"ENSMUSG00000032641.19",663.319784264179,-0.1884035157515,0.0517920271048503,-3.63769341119024,1,1,"Gpr19"
"ENSMUSG00000032643.13",939.834733098596,0.914202780245248,0.13556826177702,6.74348677383583,0.736591052545538,1,"Fhl3"
"ENSMUSG00000032649.15",2240.6930039426,0.0959638435324444,0.101860120812675,0.942113977156243,1,1,"Colgalt2"
"ENSMUSG00000032652.14",174.418682814689,0.0846286571061322,0.105010478514833,0.80590678476128,1,1,"Crebl2"
"ENSMUSG00000032656.15",47.1633292922972,-0.0751660192006604,0.112408033115449,-0.6686890350929,1,1,"Marchf3"
"ENSMUSG00000032657.16",322.869383496526,-1.01307744331234,0.163276128277979,-6.20468805818062,0.468081234955569,1,"Entrep3"
"ENSMUSG00000032666.17",7538.22387575662,-1.03011421512061,0.0767319446518688,-13.424841763026,0.347359199105222,1,"1700025G04Rik"
"ENSMUSG00000032667.18",3211.60191127783,0.882035475436271,0.098225931277908,8.97966009546655,0.885114883842436,1,"Pon2"
"ENSMUSG00000032679.13",17.4020338797083,-0.479513120162691,0.21303525161787,-2.25086278689132,0.99272108618991,1,"Cd59a"
"ENSMUSG00000032680.12",16.554371953913,-0.671382845296443,0.188801727804146,-3.55602066307838,0.959117969405755,1,"6820408C15Rik"
"ENSMUSG00000032688.10",102.729908018786,0.192808073714461,0.188077976785431,1.02514965872068,0.999991138345166,1,"Malt1"
"ENSMUSG00000032691.15",17.9517152199475,-0.316918086300948,0.249799563957552,-1.26868950962141,0.996876502886363,1,"Nlrp3"
"ENSMUSG00000032698.16",93.8802073412175,-0.944853605010089,0.287010521564888,-3.29205215146258,0.576183992318289,1,"Lmo2"
"ENSMUSG00000032702.17",2659.46112675457,-0.286298518221064,0.113552305977916,-2.52129197866527,0.999999999836307,1,"Kank1"
"ENSMUSG00000032705.10",1213.75983519269,-0.152776358446114,0.0737136288065223,-2.07256596805334,1,1,"Exd2"
"ENSMUSG00000032712.17",1345.3765087855,-0.306044170353003,0.0948048738418948,-3.22814806824584,0.999999999999876,1,"Resf1"
"ENSMUSG00000032714.7",2142.44445514996,0.788159844414299,0.110387287134461,7.13995121063402,0.972511817724449,1,"Syde1"
"ENSMUSG00000032715.10",979.417989174642,1.07384082776365,0.199579854668003,5.38050711355593,0.355698186341426,1,"Trib3"
"ENSMUSG00000032717.15",50.5560789990518,1.29814224149645,0.350457201868819,3.70413914901473,0.197461432101296,1,"Mdfi"
"ENSMUSG00000032724.6",1242.53302549878,-0.355487908640624,0.0936429633788592,-3.7962052439797,0.999999999997063,1,"Abtb2"
"ENSMUSG00000032725.11",31.7851908877503,-0.00690025372381865,0.401141479987367,-0.0172015462575348,0.99938600922857,1,"Folr2"
"ENSMUSG00000032727.15",2434.4233372472,0.187474166353582,0.0965014451217107,1.94270838241991,1,1,"Mier3"
"ENSMUSG00000032733.7",1203.58817688234,0.795445790382745,0.0985388477203602,8.07240807848811,0.981047186520302,1,"Snx33"
"ENSMUSG00000032737.14",3579.72752543499,0.429563388721734,0.0791738961001198,5.42556839919216,0.999999999999709,1,"Inppl1"
"ENSMUSG00000032739.17",9.33252494646638,0.265572372864852,0.547764012926504,0.484829902289483,0.92043512519707,1,"Pram1"
"ENSMUSG00000032740.18",6224.61852777772,-0.296332347077714,0.0818973644789117,-3.61833801323385,1,1,"Ccdc88a"
"ENSMUSG00000032741.10",2369.24409854605,0.323829562906643,0.0919188887387429,3.52299257911016,0.999999999999905,1,"Tpcn1"
"ENSMUSG00000032743.16",775.825077117502,-0.183369723733663,0.0992804146250497,-1.84698789208518,1,1,"Katnip"
"ENSMUSG00000032745.19",8222.31209814467,0.0748476349545738,0.0420886882920789,1.77833137576445,1,1,"Gpbp1"
"ENSMUSG00000032750.14",94.3965938297957,0.0110305720948923,0.0814487011264456,0.135429686935925,1,1,"Gab3"
"ENSMUSG00000032754.15",30.4971353003148,0.287081555614429,0.310136355347009,0.92566237612877,0.989256363086261,1,"Slc8b1"
"ENSMUSG00000032757.7",1266.42696561376,0.265368825033365,0.0797158525368739,3.32893416539219,1,1,"Bet1"
"ENSMUSG00000032763.12",39.3042848274169,0.354198362693784,0.210285868087613,1.68436598196038,0.998933517653824,1,"Ilvbl"
"ENSMUSG00000032773.10",274.013673194968,-0.943550859769587,0.157776004232933,-5.98031915155216,0.639746118843944,1,"Chrm1"
"ENSMUSG00000032777.10",5712.3516191447,0.0501404335381192,0.0620643915569725,0.807877629672603,1,1,"Gtf3c1"
"ENSMUSG00000032782.20",856.964125060693,-0.289303007685058,0.106549727480039,-2.71519237568444,0.999999999987218,1,"Cntrob"
"ENSMUSG00000032783.10",797.259211666885,0.0582720470498908,0.14333649144963,0.406540208013731,0.999999999974928,1,"Troap"
"ENSMUSG00000032786.17",1140.97777044517,0.126660402841241,0.0535238705666404,2.36642831507376,1,1,"Alas1"
"ENSMUSG00000032788.16",2116.63066112847,0.525235712625501,0.0835052192658886,6.28985490060328,0.999999993476356,1,"Pdxk"
"ENSMUSG00000032802.9",1684.92724954573,0.113561072223248,0.110525265102977,1.02746708743419,0.999999999999999,1,"Srxn1"
"ENSMUSG00000032803.16",8465.59692118632,0.0513463772574149,0.0494047450480257,1.03930052077997,1,1,"Cdv3"
"ENSMUSG00000032806.14",217.753318116458,0.0966812937317547,0.0746407226980114,1.29528882139736,1,1,"Slc10a3"
"ENSMUSG00000032812.19",1535.89235009809,-0.0486698583232612,0.0789828931950351,-0.616207590713081,1,1,"Arap1"
"ENSMUSG00000032815.17",623.044965761673,-0.378393481259521,0.139080132504119,-2.72068680440979,0.999996078267893,1,"Fanca"
"ENSMUSG00000032816.17",7110.38054943465,0.504812750004222,0.0650138109993453,7.76470018054019,0.999999999999987,1,"Igdcc4"
"ENSMUSG00000032826.20",12618.8760655625,0.328925001139346,0.0600285730553294,5.47947393045925,1,1,"Ank2"
"ENSMUSG00000032827.16",4501.14441490225,0.17328844734609,0.0879700647099023,1.96985699530336,1,1,"Ppp1r9a"
"ENSMUSG00000032834.12",1203.16172040468,0.111011985018157,0.05520144551208,2.01103402253957,1,1,"Pwp2"
"ENSMUSG00000032840.8",880.582823701233,-0.102557883017792,0.0668071382293312,-1.53513360601884,1,1,"Spring1"
"ENSMUSG00000032842.14",256.504575377848,-0.0349907833045798,0.0683947723668798,-0.511600259693591,1,1,"Abcc10"
"ENSMUSG00000032845.17",11.2428120800236,0.472278425980497,0.215973049607994,2.18674703551075,0.992726415132567,1,"Alpk2"
"ENSMUSG00000032846.13",3592.28331497603,0.634515711142716,0.0942360882622737,6.73325604705451,0.999947424942699,1,"Zswim6"
"ENSMUSG00000032849.15",1372.93793286813,1.13173429401437,0.132719742930764,8.52724899116748,0.160458565360636,1,"Abcc4"
"ENSMUSG00000032850.17",413.916562681066,-0.822052664193331,0.123652250415246,-6.64810111771305,0.924938196327145,1,"Rnft2"
"ENSMUSG00000032855.7",7254.37864136646,0.874573086109876,0.131996038551338,6.62575252794215,0.829002913167421,1,"Pkd1"
"ENSMUSG00000032867.9",3269.59528823681,0.137815046214641,0.0416926538155207,3.30549949697224,1,1,"Fbxw8"
"ENSMUSG00000032869.16",1447.01645006221,-0.328448143508218,0.0497244160013107,-6.60536955325047,1,1,"Psmf1"
"ENSMUSG00000032870.9",2237.0805688902,-0.223181131779661,0.0505643983908355,-4.41379980544001,1,1,"Smap2"
"ENSMUSG00000032872.17",1743.54057547153,0.00573293189279837,0.0449344181399479,0.127584424815365,1,1,"Cyb5r4"
"ENSMUSG00000032883.16",9025.14467536303,-0.270634713658283,0.0989831392138737,-2.73414963202491,0.999999999999914,1,"Acsl3"
"ENSMUSG00000032892.15",270.121674273117,-0.265892819955871,0.0749806683742466,-3.54615163776263,1,1,"Rangrf"
"ENSMUSG00000032897.18",1209.78816457533,-0.115529456594672,0.0580991738623796,-1.98848708018342,1,1,"Nfyc"
"ENSMUSG00000032898.10",2605.61728750109,-0.444781376504244,0.0609995648947182,-7.29154998518288,1,1,"Fbxo21"
"ENSMUSG00000032899.15",28.9698976495335,-0.140475344245996,0.247273384405802,-0.568097308909969,0.9997475250638,1,"Styk1"
"ENSMUSG00000032902.2",5262.14255589312,0.440093017068099,0.0633666623819689,6.9451822224004,1,1,"Slc16a1"
"ENSMUSG00000032905.6",2157.56832651898,-0.112857449544466,0.0393647588249033,-2.86696661972354,1,1,"Atg12"
"ENSMUSG00000032911.7",9057.1829283419,-0.973682780708753,0.156831716616421,-6.20845580036714,0.566631838885481,1,"Cspg4"
"ENSMUSG00000032913.14",1270.5441417912,-0.0613944670941138,0.0582563161238216,-1.05386799542254,1,1,"Lrig2"
"ENSMUSG00000032932.16",3735.85364200125,-0.100542456292396,0.0642436954640242,-1.56501670033441,1,1,"Hspa13"
"ENSMUSG00000032936.14",233.650266958501,0.244583758560653,0.237667848615226,1.02909905561784,0.99925976731884,1,"Camkv"
"ENSMUSG00000032939.15",2927.67539680416,-0.0912769093057006,0.0915326059784398,-0.997206496308,1,1,"Nup93"
"ENSMUSG00000032952.12",798.785038547492,-0.193465604227678,0.0557322065283562,-3.47134298602091,1,1,"Ap4b1"
"ENSMUSG00000032959.13",13506.4074842786,0.228587950157672,0.0504934758321159,4.52707892238785,1,1,"Pebp1"
"ENSMUSG00000032965.12",787.018901831972,-0.0546893179371081,0.0771449110786718,-0.708916727913994,1,1,"Ift57"
"ENSMUSG00000032966.15",11943.6875321152,-0.200601453986479,0.0463501704726602,-4.32795504182244,1,1,"Fkbp1a"
"ENSMUSG00000032968.5",62.5448701790999,-0.503090165308083,0.126367112616622,-3.9811795560636,0.999957926578648,1,"Inha"
"ENSMUSG00000032977.10",1028.93307193181,0.256749417036952,0.0487721174930086,5.2642663520557,1,1,"Slx9"
"ENSMUSG00000032997.17",3025.96632780503,0.219259297929247,0.0585442150618174,3.74519152230035,1,1,"Chpf"
"ENSMUSG00000032998.17",2149.35448980312,0.147104464207858,0.0692524291501715,2.12417767886332,1,1,"Foxj3"
"ENSMUSG00000033004.17",5816.51487344623,0.486398918246525,0.0680837436203391,7.14412710556681,0.999999999999977,1,"Mycbp2"
"ENSMUSG00000033009.16",1509.42445244166,0.115563562444779,0.0840108320083161,1.3755793114076,1,1,"Ogfod1"
"ENSMUSG00000033014.13",3393.42499825536,-0.497876476399774,0.0587343295170904,-8.47675423373827,1,1,"Trim33"
"ENSMUSG00000033016.17",767.329718671735,0.131279335047037,0.0933463131557485,1.40636872104415,1,1,"Nfatc1"
"ENSMUSG00000033020.8",2380.62507704848,-0.567898107379668,0.11985610720359,-4.73816579421375,0.999844026926726,1,"Polr2f"
"ENSMUSG00000033021.17",1318.82430486996,-0.206633842032842,0.0656047568567116,-3.14967773577996,1,1,"Gmppa"
"ENSMUSG00000033022.9",80.3603424045864,-0.300591011868473,0.168539079938375,-1.78350927261726,0.999983364083022,1,"Cdo1"
"ENSMUSG00000033029.13",108.124845709829,-0.276398097239001,0.118065628570807,-2.34105472172401,0.999999999557308,1,"1700088E04Rik"
"ENSMUSG00000033031.14",2944.45280216546,-0.188335460719472,0.129418683962503,-1.45524166181476,0.999999999821342,1,"Cip2a"
"ENSMUSG00000033032.16",361.311197749695,-1.10947974658997,0.176285161756568,-6.29366496609648,0.267287380853142,1,"Afap1l1"
"ENSMUSG00000033033.11",16.3887567078344,1.09356354381994,0.300826822148736,3.63519295257274,0.377892221460758,1,"Calhm2"
"ENSMUSG00000033036.10",46.5573381331215,0.000646428731821648,0.108350920774592,0.00596606588296971,1,1,"Ppihl"
"ENSMUSG00000033039.11",1567.18990125716,-0.294182387174809,0.0891696767944189,-3.29913035182406,0.999999999999999,1,"Micall1"
"ENSMUSG00000033047.6",6375.79478625698,0.107050196403677,0.0883730217336001,1.2113447554886,1,1,"Eif3l"
"ENSMUSG00000033053.5",10.9316881626465,-0.788338699133646,0.222914924900072,-3.53650030157039,0.828820895702018,1,"Cfap95"
"ENSMUSG00000033054.8",1865.25654681383,0.0155243013325539,0.0740955479019851,0.209517329611891,1,1,"Npat"
"ENSMUSG00000033055.13",422.82538085982,-0.0173262674334055,0.0566965549688483,-0.305596476592367,1,1,"Ankrd54"
"ENSMUSG00000033059.8",3584.9551497578,-0.295046676387906,0.0893892306046126,-3.30069600546132,0.999999999999998,1,"Pygb"
"ENSMUSG00000033060.18",4379.48141175975,1.20714296634934,0.192927324504246,6.25698287918138,0.141482185011187,1,"Lmo7"
"ENSMUSG00000033065.15",4036.99218101654,0.842555435565892,0.124838517305404,6.74916246806,0.896379041974462,1,"Pfkm"
"ENSMUSG00000033066.18",2036.88776503544,-0.0157885219106168,0.154626123275276,-0.102107726535373,0.999999999927695,1,"Gas7"
"ENSMUSG00000033068.17",928.282255311123,-0.162021073369783,0.0590968792326015,-2.74161809343736,1,1,"Entpd6"
"ENSMUSG00000033075.18",1823.97353445235,-0.291212636799968,0.0823393542967901,-3.53673695023523,1,1,"Senp1"
"ENSMUSG00000033083.17",1345.10686358159,0.323512635948156,0.0848346567314973,3.81344898903849,0.999999999999999,1,"Tbc1d4"
"ENSMUSG00000033088.20",2724.71360884984,0.0389477039520074,0.0992151586155377,0.392557997139642,1,1,"Triobp"
"ENSMUSG00000033096.8",1829.16679975173,-0.187535316392348,0.0453150717804593,-4.13847554519856,1,1,"Apmap"
"ENSMUSG00000033099.11",1071.9233830332,0.0902031202021802,0.0675146693256409,1.33605216619083,1,1,"Nol12"
"ENSMUSG00000033102.16",401.362887599269,0.248429012691294,0.080077117698153,3.10237206123897,1,1,"Cdc14b"
"ENSMUSG00000033105.13",3168.24352265576,-0.110596563257852,0.151407471513247,-0.730456444140378,0.99999999787614,1,"Lss"
"ENSMUSG00000033106.7",751.975881173081,-0.0105873285312714,0.0471520286896407,-0.224536013094119,1,1,"Slc7a6os"
"ENSMUSG00000033107.7",83.4118864970247,0.882132903073126,0.197116264702313,4.47519084437467,0.725065766372597,1,"Rnf125"
"ENSMUSG00000033111.17",496.773784714757,0.226261315356981,0.0659475903264083,3.43092619816885,1,1,"Cep15"
"ENSMUSG00000033124.17",2287.54148885927,-0.486674413020357,0.0740786228176558,-6.56970114331503,0.999999999997888,1,"Atg9a"
"ENSMUSG00000033126.6",273.11091960734,0.249831989513899,0.0676622249084292,3.6923407388984,1,1,"Ybey"
"ENSMUSG00000033128.10",1638.26561927308,0.054858263328759,0.0684338535454351,0.801624641703644,1,1,"Gga1"
"ENSMUSG00000033147.17",312.146487444727,-0.770872691648729,0.0879275579781171,-8.76713409737342,0.995417865607795,1,"Slc22a15"
"ENSMUSG00000033149.18",2719.50566646117,0.0652995238129902,0.129952369262605,0.502488136103424,0.999999999999682,1,"Phldb2"
"ENSMUSG00000033152.14",2053.78179660029,-0.17569773980779,0.106684444178363,-1.64689183283409,0.999999999999994,1,"Podxl2"
"ENSMUSG00000033157.18",727.216168449127,0.0143405921189494,0.0594701861381421,0.241139183348744,1,1,"Abhd10"
"ENSMUSG00000033159.15",1592.58039708261,-0.140231322853349,0.0734093963500858,-1.91026394202443,1,1,"Cnppd1"
"ENSMUSG00000033161.11",12712.1960760665,-0.250301300206878,0.0918545794018606,-2.72497355969394,1,1,"Atp1a1"
"ENSMUSG00000033166.12",2461.25679479608,0.778142846440994,0.0891234300833878,8.73106932389081,0.993600698657119,1,"Dis3"
"ENSMUSG00000033170.15",50.5644358772819,-0.743313167445141,0.196039848224736,-3.79164325098346,0.904793866555214,1,"Card10"
"ENSMUSG00000033174.18",2224.64402679656,0.44221731781931,0.131194448561924,3.37070144862557,0.999989386251637,1,"Mgll"
"ENSMUSG00000033177.14",21.2169355847631,0.246689760501253,0.221502529925165,1.11371080314341,0.999664199809461,1,"Tmprss7"
"ENSMUSG00000033184.15",8369.58361208063,0.150205989812282,0.0643066662585674,2.33577634406247,1,1,"Tmed7"
"ENSMUSG00000033186.10",2669.63704465327,0.498616609019423,0.0629192280355675,7.92470957745319,0.999999999999999,1,"Mzt1"
"ENSMUSG00000033192.6",125.012426059932,-1.04637941108538,0.202242610414296,-5.17388204662635,0.409307922869702,1,"Lpcat2"
"ENSMUSG00000033207.8",1925.7507872289,1.13241807677984,0.214810200745331,5.27171462458798,0.268801348125316,1,"Mamdc2"
"ENSMUSG00000033208.8",2574.01641713921,-0.683109935303542,0.171140128489787,-3.99152402964513,0.967961298423503,1,"S100b"
"ENSMUSG00000033209.18",2758.59772494184,-0.153316947259855,0.0669551803824228,-2.28984443599684,1,1,"Ttc28"
"ENSMUSG00000033213.17",31.8168761301372,0.910698707397271,0.242450142221552,3.75623086483931,0.643685840891965,1,"AA467197"
"ENSMUSG00000033216.10",653.089472006554,-0.123274808238984,0.0524601088171473,-2.34987709744684,1,1,"Eefsec"
"ENSMUSG00000033220.8",100.241958118644,-0.423495037592722,0.350861684170629,-1.20701420730447,0.949844933446423,1,"Rac2"
"ENSMUSG00000033222.17",1301.66286108499,-0.428285491690054,0.0927978266576078,-4.61525347215598,0.999999999638248,1,"Ttf2"
"ENSMUSG00000033227.8",10.4823509363594,-1.36360990584156,0.3013243522688,-4.52538898888973,0.113772692504265,1,"Wnt6"
"ENSMUSG00000033228.9",7331.59054004685,0.0964533238692647,0.054181306737237,1.78019560024704,1,1,"Scaf11"
"ENSMUSG00000033233.18",424.742593633012,-0.218104862253082,0.0790161912104386,-2.76025532124445,1,1,"Trim45"
"ENSMUSG00000033237.20",4751.09813177244,0.178001424770771,0.0636940874398653,2.79463026986335,1,1,"Arid2"
"ENSMUSG00000033253.19",973.214239648533,-0.170861072139347,0.0629155231032239,-2.71572203030117,1,1,"Szt2"
"ENSMUSG00000033256.15",893.201465744031,-0.796058831303661,0.0980996801475701,-8.11479538063896,0.981187545628567,1,"Shf"
"ENSMUSG00000033257.15",2141.70202956865,-0.645161667317984,0.0902181409209588,-7.15113014668766,0.999958073970274,1,"Ttll4"
"ENSMUSG00000033272.14",2383.65912402492,0.0559477019342682,0.0523115641356869,1.06950925399879,1,1,"Slc35a4"
"ENSMUSG00000033276.19",240.281053017338,-0.639132458780422,0.125301949538695,-5.10073834551989,0.998011519781165,1,"Stk36"
"ENSMUSG00000033278.11",2095.04781526586,0.934521689226344,0.103200245044156,9.0554212233362,0.737115621296749,1,"Ptprm"
"ENSMUSG00000033282.15",635.137247107574,-0.128728628293191,0.110919149728497,-1.16056270362952,0.999999999999998,1,"Rpgrip1l"
"ENSMUSG00000033285.16",1515.94056650236,-0.366642968108016,0.0827382501102387,-4.43135995285746,0.99999999999999,1,"Wdr3"
"ENSMUSG00000033287.18",2114.40617675416,-0.0326077431488214,0.0677970876645296,-0.480960824013112,1,1,"Kctd17"
"ENSMUSG00000033294.12",830.198673106336,-0.127714188341157,0.0552064860893024,-2.31339100508164,1,1,"Noc4l"
"ENSMUSG00000033295.15",6918.58048811023,0.476250713536455,0.110288331517962,4.31823300780367,0.999998977416989,1,"Ptprf"
"ENSMUSG00000033306.16",2403.00993756287,0.234528287719391,0.0989426527159932,2.37034566267983,0.999999999999995,1,"Lpp"
"ENSMUSG00000033307.8",9537.3862502063,0.386825041929222,0.112718018146409,3.43179420903919,0.999999973345037,1,"Mif"
"ENSMUSG00000033313.12",84.2044174696609,0.0827199657664329,0.0897105702777997,0.922076021925626,1,1,"Fbxl8"
"ENSMUSG00000033319.6",2036.61145547618,0.015377988479211,0.0565750320374155,0.271815815659474,1,1,"Fem1c"
"ENSMUSG00000033323.15",905.382147254704,-0.10886651787647,0.0503409694145607,-2.16258286525927,1,1,"Ctdp1"
"ENSMUSG00000033326.16",4319.42308931996,0.0488058657246163,0.0486089907639576,1.00405017585357,1,1,"Kdm4a"
"ENSMUSG00000033335.19",4154.47853527576,0.152657321426964,0.0569928188278839,2.67853607816773,1,1,"Dnm2"
"ENSMUSG00000033342.16",811.616670424408,-1.34365752806322,0.306844370922609,-4.37895446484208,0.131362552453671,1,"Plppr5"
"ENSMUSG00000033352.12",2557.74802631381,-0.0786356609141957,0.0515963391004692,-1.52405504508905,1,1,"Map2k4"
"ENSMUSG00000033356.4",477.868589754302,-0.329224489192897,0.0952269215556304,-3.45726275526578,0.999999999999066,1,"Pus7l"
"ENSMUSG00000033364.14",3108.515497418,-0.642776498770145,0.124667533405471,-5.15592537376645,0.997917646764018,1,"Usp37"
"ENSMUSG00000033365.15",1754.26421965657,-0.0293014067336287,0.0831493195570567,-0.352395027280075,1,1,"Ipo13"
"ENSMUSG00000033373.17",928.4086333431,-0.067085711586618,0.0525524322419234,-1.27654817721454,1,1,"Fntb"
"ENSMUSG00000033377.15",390.385161015247,0.948563717896535,0.22990715868658,4.12585551191844,0.588514866930284,1,"Palmd"
"ENSMUSG00000033379.14",3090.87810865477,0.338943386309577,0.053146347726365,6.37754805005035,1,1,"Atp6v0b"
"ENSMUSG00000033382.16",2989.88698598084,0.112267011864255,0.0438153306513421,2.56227695181883,1,1,"Trappc8"
"ENSMUSG00000033386.11",83.7663243546152,-1.24180854890949,0.425267423905241,-2.92006506754251,0.284812689594852,1,"Frrs1"
"ENSMUSG00000033392.17",6180.8904019416,-0.244333675610655,0.0585732364004235,-4.17142180671595,1,1,"Clasp2"
"ENSMUSG00000033396.14",1936.36441942054,-0.193969451144595,0.0859204395681909,-2.25754723927652,1,1,"Spg11"
"ENSMUSG00000033400.15",3668.37605271032,0.27153752824071,0.0935871648162941,2.90143983711572,0.999999999999996,1,"Agl"
"ENSMUSG00000033405.5",201.163367813213,0.223725023253776,0.116103222439188,1.92694930040341,0.999999999988538,1,"Nudt15"
"ENSMUSG00000033411.17",2407.06976243792,-0.407829224118281,0.0867572804702231,-4.70080691681267,0.999999999995622,1,"Ctdspl2"
"ENSMUSG00000033416.16",696.784674729144,0.211348552283196,0.0563014639737376,3.75387312098636,1,1,"Gucd1"
"ENSMUSG00000033417.17",3753.21195058051,0.241264516742081,0.0614405169661978,3.92679828645998,1,1,"Cacul1"
"ENSMUSG00000033420.13",4355.36588673444,0.753845617593484,0.0862856612004566,8.73662677095525,0.997833098864071,1,"Antxr1"
"ENSMUSG00000033423.17",2346.58024979922,0.0962259205942815,0.107578504165668,0.8944716357656,1,1,"Eri3"
"ENSMUSG00000033429.11",522.850180119972,0.0430691841046641,0.102076027457392,0.42193240839669,1,1,"Mcee"
"ENSMUSG00000033430.11",1212.99079429046,-0.108539896833385,0.0364934135421799,-2.97423250658456,1,1,"Terf2ip"
"ENSMUSG00000033434.16",377.208186319504,0.256874629935772,0.0826106718942584,3.10946060654938,1,1,"Gtpbp6"
"ENSMUSG00000033436.14",3232.98538938982,-0.297268331911102,0.0698766942514608,-4.25418424691559,1,1,"Armcx2"
"ENSMUSG00000033439.13",326.595374690067,0.153972857099763,0.0818699384424515,1.88070078015259,1,1,"Trmt13"
"ENSMUSG00000033444.15",3204.58532830311,0.0676749596965074,0.0614198370623174,1.10184205841907,1,1,"Specc1l"
"ENSMUSG00000033454.7",1151.24307610985,0.212422466806407,0.062777696450347,3.3837250937428,1,1,"Zbtb1"
"ENSMUSG00000033458.18",282.621834399051,0.15835217506318,0.0693454455413829,2.28352668047508,1,1,"Fan1"
"ENSMUSG00000033467.13",315.244109742992,0.150532574859742,0.0943711448532087,1.59511230995333,1,1,"Crlf2"
"ENSMUSG00000033470.13",16.9341598285174,0.577616301564122,0.241034062277189,2.39640943735107,0.960145908664006,1,"Cysltr2"
"ENSMUSG00000033475.16",1759.28403381139,0.154166915595265,0.0573236503014114,2.6894120451968,1,1,"Tomm6"
"ENSMUSG00000033478.7",1996.57625633945,0.400618739593754,0.0658861214476274,6.08047234821987,1,1,"Fhip2a"
"ENSMUSG00000033486.15",152.70071265493,-0.248528477954153,0.0948232403013702,-2.62096588520148,0.999999999999999,1,"Catsper2"
"ENSMUSG00000033487.15",3969.50594362249,0.528309122563793,0.0746061135286895,7.08131140433463,0.999999999871247,1,"Fndc3a"
"ENSMUSG00000033488.12",29.8886262304032,0.468631445643056,0.264986030208133,1.76851377891495,0.977532923374304,1,"Cryzl2"
"ENSMUSG00000033491.15",464.877171138858,-0.471561155633636,0.183545613874823,-2.56917692380946,0.998005688111209,1,"Prss35"
"ENSMUSG00000033499.16",6215.18995348517,0.159049406040573,0.0562834750354017,2.8258632918549,1,1,"Larp4b"
"ENSMUSG00000033502.16",520.613149134693,0.468840453686648,0.0676001236794234,6.9354969808932,0.999999999999998,1,"Cdc14a"
"ENSMUSG00000033526.17",597.476683342411,-0.462813716871804,0.0879109540766228,-5.26457392861893,0.999999999503629,1,"Ppip5k1"
"ENSMUSG00000033530.9",1689.82692038925,0.280778663276095,0.056336104828525,4.98399142309759,1,1,"Ttc7b"
"ENSMUSG00000033538.14",169.265331516407,-0.239560048042514,0.254066492507979,-0.942902960865614,0.998619622048489,1,"Casp4"
"ENSMUSG00000033540.19",450.040979072111,0.472764696333158,0.095515999189484,4.94958646032996,0.999999983036871,1,"Idua"
"ENSMUSG00000033543.18",1497.95543122119,-0.0569533615051985,0.0601232323807446,-0.947277104872337,1,1,"Gtf2a2"
"ENSMUSG00000033544.7",77.0744913726233,-0.546692488447058,0.174191419167367,-3.13845820339626,0.995370671179261,1,"Angptl1"
"ENSMUSG00000033545.15",2210.57811765783,0.473554094601423,0.0813146112036215,5.82372697344131,0.999999999952338,1,"Znrf1"
"ENSMUSG00000033554.18",547.787186080069,0.30041969616528,0.0401881227150498,7.47533539437456,1,1,"Dph5"
"ENSMUSG00000033557.18",5545.39883249025,-0.316760678403297,0.0486250438009061,-6.51435255668385,1,1,"Fam20b"
"ENSMUSG00000033565.20",4916.81435478698,-0.0712395157045292,0.106922382850979,-0.666273176906445,1,1,"Rbfox2"
"ENSMUSG00000033569.18",2234.69107270731,-0.527842210142449,0.129957336117461,-4.06165766329162,0.999860022685682,1,"Adgrb3"
"ENSMUSG00000033577.19",6168.75896242925,0.942184740492032,0.0845134824403686,11.14833649361,0.753042443159024,1,"Myo6"
"ENSMUSG00000033578.8",1760.06124376386,-0.00108891121012869,0.0724054260640909,-0.015039082971003,1,1,"Tmem35a"
"ENSMUSG00000033581.18",1098.99883480077,1.0362914799487,0.103239017260443,10.0377890786623,0.362595863762964,1,"Igf2bp2"
"ENSMUSG00000033585.6",2213.03224240667,-0.0244612284670499,0.0796732509293436,-0.307019334365342,1,1,"Ndn"
"ENSMUSG00000033594.12",68.3718621623797,-0.578628552092072,0.140163627258644,-4.12823614377737,0.998677683761958,1,"Spata2l"
"ENSMUSG00000033595.8",173.921231071346,0.201935921674301,0.27155239514152,0.743635207375219,0.998357874926883,1,"Lgi3"
"ENSMUSG00000033596.6",2662.35923057417,-0.0098081842584736,0.0856586382131766,-0.114503154183519,1,1,"Rfwd3"
"ENSMUSG00000033597.10",1495.06235440976,-0.556512950815926,0.102345145847616,-5.43760963167252,0.999992653777122,1,"Caskin1"
"ENSMUSG00000033610.17",488.80311177878,0.114880708012336,0.0725404132587137,1.58367870889592,1,1,"Pank1"
"ENSMUSG00000033618.8",398.918530253949,-0.466477426755916,0.120447239709,-3.87287768389648,0.999995277686564,1,"Map3k13"
"ENSMUSG00000033623.14",3494.41275348219,0.0468132221917268,0.0963806301619798,0.485711933124439,1,1,"Pcgf3"
"ENSMUSG00000033624.11",1520.40824997137,0.0886784342572601,0.125526122031323,0.706454025841184,0.999999999999806,1,"Pdpr"
"ENSMUSG00000033628.16",1214.47767240382,0.0299578515600544,0.0410828594316052,0.729205609700275,1,1,"Pik3c3"
"ENSMUSG00000033629.7",3968.53537148259,-0.100361060507807,0.0452249310546509,-2.21915342195941,1,1,"Hacd3"
"ENSMUSG00000033632.18",579.255009241956,-0.381665944427625,0.0657879778173776,-5.80145426398575,1,1,"AW554918"
"ENSMUSG00000033653.20",2065.91678974187,-0.102858287260601,0.0620958456145422,-1.65644394150117,1,1,"Vps8"
"ENSMUSG00000033671.19",3524.07364125488,-0.415793924883352,0.0941220761681951,-4.41760256265844,0.999999999729796,1,"Cep350"
"ENSMUSG00000033676.14",1428.96238627663,-0.795138605966135,0.195948899849007,-4.05788757466281,0.852100280456508,1,"Gabrb3"
"ENSMUSG00000033684.15",3583.28336416652,0.151591603924947,0.0956208634719529,1.58534025337903,1,1,"Qsox1"
"ENSMUSG00000033685.14",655.694604683611,0.858924476982735,0.242798802406412,3.53759766716235,0.71939284560537,1,"Ucp2"
"ENSMUSG00000033688.11",11.614912940645,0.402286630398191,0.244989434602114,1.64205705871171,0.992651323534544,1,"Inhca"
"ENSMUSG00000033697.17",951.499461312108,0.176702402588369,0.0896661633212908,1.97066982731502,1,1,"Arhgap39"
"ENSMUSG00000033701.14",2161.1680635736,-0.174114777226187,0.0544366456927427,-3.19848467903302,1,1,"Acbd6"
"ENSMUSG00000033703.10",300.265009736914,0.0524103294001842,0.0470481705507748,1.11397167597883,1,1,"Fcsk"
"ENSMUSG00000033705.18",1884.10998323878,-0.377275954510893,0.0852026754423982,-4.42798248472787,0.999999999999865,1,"Stard9"
"ENSMUSG00000033706.14",752.222023754707,0.201005576732583,0.0573865641081101,3.50265920005091,1,1,"Smyd5"
"ENSMUSG00000033707.10",22.6483463796243,-0.371770670152712,0.251077298760457,-1.48070204669281,0.993827683494713,1,"Lrrc24"
"ENSMUSG00000033712.7",3135.95369195177,0.549189247922455,0.0491723631499295,11.16865679707,1,1,"Ccar2"
"ENSMUSG00000033713.13",4031.9317172127,-0.198392041943858,0.110844553421796,-1.78982219531273,0.999999999999762,1,"Foxn3"
"ENSMUSG00000033717.7",83.1486397555352,0.531871926745058,0.25324600078073,2.10021846388632,0.967735789170488,1,"Adra2a"
"ENSMUSG00000033720.13",1151.62953745212,0.180742591294246,0.0990921463068518,1.82398502838512,1,1,"Sfxn5"
"ENSMUSG00000033722.10",1080.45119860471,0.334257950030636,0.104900783948912,3.18641994318578,0.999999999889792,1,"BC034090"
"ENSMUSG00000033728.15",698.038882394449,-0.04993116778788,0.0579769494849486,-0.861224473371829,1,1,"Lrrc14"
"ENSMUSG00000033730.5",341.577369282509,1.03419490834351,0.256547723064746,4.03119893635739,0.446982538376433,1,"Egr3"
"ENSMUSG00000033732.11",6730.56931570713,0.0464238899643471,0.0720928301651605,0.643946004866124,1,1,"Sf3b3"
"ENSMUSG00000033735.10",728.979477403437,0.282719764329741,0.0611377542861649,4.62430731437119,1,1,"Spr"
"ENSMUSG00000033739.9",195.783884956778,0.245263487723274,0.0967367745744195,2.53536970611515,0.999999999999997,1,"Fkbpl"
"ENSMUSG00000033751.6",675.324885197659,0.444352564449313,0.0638266006841574,6.96187106451382,1,1,"Gadd45gip1"
"ENSMUSG00000033752.8",105.012965204605,-0.000366340648943302,0.0982833720239758,-0.00372739194229045,1,1,"Mnd1"
"ENSMUSG00000033760.18",681.762849545633,-0.470341631090556,0.0544646294144361,-8.63572627129433,1,1,"Rbm4b"
"ENSMUSG00000033762.9",353.796861686605,-0.257907376747138,0.109197174423557,-2.36185027779894,0.999999999994618,1,"Recql4"
"ENSMUSG00000033763.15",19635.682022035,0.112728636650592,0.074813885601316,1.50678762029985,1,1,"Mtss2"
"ENSMUSG00000033767.15",2256.79333562533,-0.263272822994961,0.0894791660113378,-2.94228069762745,1,1,"Tmem131l"
"ENSMUSG00000033768.18",11799.6314280017,0.330896711399596,0.072691824954653,4.55204848146292,1,1,"Nrxn2"
"ENSMUSG00000033769.17",1816.95930586211,-0.218737749858145,0.0682866603909837,-3.20322810642276,1,1,"Exoc6b"
"ENSMUSG00000033773.15",659.260389261525,-0.0323915249220408,0.0448823697111557,-0.721698188631731,1,1,"Rpap2"
"ENSMUSG00000033777.5",133.726064726047,0.0093913267727952,0.295613740778484,0.0317689115129209,0.999916856783547,1,"Tlr13"
"ENSMUSG00000033781.8",703.888126274485,-0.518512960745308,0.0819943853879587,-6.32376178310198,0.999999997849691,1,"Asb13"
"ENSMUSG00000033788.16",104.025963152373,0.223336507811717,0.228845795127317,0.975925765590166,0.999655431444334,1,"Dysf"
"ENSMUSG00000033790.12",879.776275851594,-0.13769667116644,0.0603249013625389,-2.28258427376307,1,1,"Tubgcp5"
"ENSMUSG00000033792.13",1336.81141145057,0.222416270165617,0.134103446937235,1.65854253000459,0.999999996652217,1,"Atp7a"
"ENSMUSG00000033793.13",4520.12418068745,-0.0479560267853648,0.0470292953793035,-1.01970540699339,1,1,"Atp6v1h"
"ENSMUSG00000033799.11",3036.06709538796,-0.123964644135772,0.079561381461764,-1.5581006998395,1,1,"Tasor2"
"ENSMUSG00000033805.13",174.307957373028,-1.1584427262848,0.178890248791003,-6.47571756489761,0.187890157166456,1,"Ephx4"
"ENSMUSG00000033808.17",2099.06758821227,-0.167473179295467,0.032333880401447,-5.17949522965306,1,1,"Tmem87a"
"ENSMUSG00000033809.16",530.171073569562,-0.0639870131688291,0.0717347050211029,-0.891995208595413,1,1,"Alg3"
"ENSMUSG00000033813.16",9138.12658510852,0.019119268837705,0.045360726295424,0.421493886874421,1,1,"Tcea1"
"ENSMUSG00000033819.17",519.766210468856,-0.0285370002819706,0.0730393050016347,-0.390707445550473,1,1,"Ppp1r16a"
"ENSMUSG00000033826.11",75.2813130119542,-1.05989839845693,0.329302117370839,-3.21862005297507,0.427832576563866,1,"Dnah8"
"ENSMUSG00000033845.14",2556.22267092527,0.27933152253458,0.0481687412054543,5.79902060016777,1,1,"Mrpl15"
"ENSMUSG00000033847.16",36.6284747667391,-1.02732983967395,0.162221218447932,-6.3328943618044,0.433105726425352,1,"Pla2g4c"
"ENSMUSG00000033852.17",198.540499379423,-0.627631696812251,0.16755947764169,-3.74572483541862,0.98686865746338,1,"Gm28042"
"ENSMUSG00000033855.16",120.98150116971,-0.192231549208124,0.304321200424893,-0.631673208898135,0.996071383016811,1,"Ston1"
"ENSMUSG00000033857.13",249.983546804016,-0.181203105385595,0.0992054031207548,-1.8265447212087,1,1,"Engase"
"ENSMUSG00000033862.8",672.760762975363,0.292395519186035,0.0582949948405967,5.01579114957586,1,1,"Cdk10"
"ENSMUSG00000033863.3",1918.76429926653,0.403180138925007,0.155731644519383,2.58894163847878,0.999936540310801,1,"Klf9"
"ENSMUSG00000033871.15",142.380218575493,0.932253923390141,0.10685614903121,8.7243825633081,0.736957384543449,1,"Ppargc1b"
"ENSMUSG00000033880.12",1892.13035160187,-0.299860762668806,0.192076966167481,-1.56114899486356,0.999866354696913,1,"Lgals3bp"
"ENSMUSG00000033883.12",1030.51035295389,-0.229145361352297,0.0683472635765351,-3.35266328688786,1,1,"Zfp267"
"ENSMUSG00000033885.16",1356.04437669912,0.804001425690798,0.0609423190004052,13.1928262474792,0.999350345919576,1,"Pxk"
"ENSMUSG00000033900.14",1287.51924774801,-0.330020128876456,0.180547650170833,-1.82788382216103,0.999896705607274,1,"Map9"
"ENSMUSG00000033902.13",1306.53968032669,-0.639175510159204,0.0916884246455621,-6.97116907210534,0.999958459302959,1,"Mapkbp1"
"ENSMUSG00000033904.17",1411.27767415815,-0.548468017253742,0.082557753107776,-6.64344651601331,0.999999977407424,1,"Ccp110"
"ENSMUSG00000033906.6",1460.54980548991,0.0427812713501752,0.0563299355907638,0.759476660171966,1,1,"Zdhhc15"
"ENSMUSG00000033909.18",1868.05009668432,0.0460993102737304,0.0618009115291148,0.74593252968466,1,1,"Usp36"
"ENSMUSG00000033916.6",2933.56360436468,0.0773161196022824,0.0604723876773936,1.27853591650368,1,1,"Chmp2a"
"ENSMUSG00000033917.16",2567.6797930647,0.0712980429436186,0.0402696119582318,1.77051725796539,1,1,"Gde1"
"ENSMUSG00000033918.17",1377.90270424074,0.180095557839974,0.058908923284188,3.05718637855862,1,1,"Parl"
"ENSMUSG00000033931.10",927.87402663555,0.0876229071321078,0.060959867531605,1.43738677067628,1,1,"Rbm34"
"ENSMUSG00000033933.14",2305.73007328417,0.0804231628965877,0.108186343003829,0.743376295598986,1,1,"Vhl"
"ENSMUSG00000033938.6",1456.28009365748,0.173309074372,0.0656956254721063,2.6380611056909,1,1,"Ndufb7"
"ENSMUSG00000033940.9",3547.56822847531,0.140121074880365,0.0579493398907023,2.41799259740743,1,1,"Brk1"
"ENSMUSG00000033943.16",1936.67419626432,-0.446089826175751,0.0971355253643774,-4.59244776308531,0.999999994095014,1,"Mga"
"ENSMUSG00000033949.13",108.108711290496,-0.302605444148123,0.147842625537726,-2.04680783398901,0.999998804092131,1,"Trim36"
"ENSMUSG00000033952.15",5258.02199692918,-0.702272847644205,0.146361904273288,-4.79819425096379,0.979033513782663,1,"Aspm"
"ENSMUSG00000033953.11",7323.94486784496,0.120612420157112,0.064471366691471,1.87079049734287,1,1,"Ppp3r1"
"ENSMUSG00000033955.14",2360.92214124783,0.650742555178358,0.0773681698108655,8.41098550953403,0.99999682258684,1,"Tnks1bp1"
"ENSMUSG00000033960.7",3407.4913773528,1.02118052674795,0.116255857272796,8.78390603883071,0.427717241889131,1,"Jcad"
"ENSMUSG00000033961.17",296.872001120781,-0.0343121863120044,0.0412980000984825,-0.830843775247731,1,1,"Zfp446"
"ENSMUSG00000033964.13",4000.61351788664,-0.482580245761733,0.104412167600629,-4.62187747703483,0.999999639370803,1,"Zbtb41"
"ENSMUSG00000033965.11",5953.60139863025,0.252817594498102,0.0904165306738941,2.79614349957687,1,1,"Slc16a2"
"ENSMUSG00000033966.9",26.2363613678475,0.338408047807802,0.19081921398324,1.77344849474919,0.999736960557216,1,"Cdkl4"
"ENSMUSG00000033967.5",62.1788120249072,0.0471703689005547,0.138987619295672,0.339385400941418,0.999999999996471,1,"Rnf225"
"ENSMUSG00000033970.16",1346.13047610691,0.075563260611502,0.125934763109498,0.600019079289499,0.999999999999894,1,"Rfc3"
"ENSMUSG00000033972.10",574.917839444267,-0.311486154746134,0.0447569134151032,-6.95950929093835,1,1,"Zfp944"
"ENSMUSG00000033981.15",5413.87823165721,-1.03708493229334,0.206997755400546,-5.01012646386697,0.428907525331611,1,"Gria2"
"ENSMUSG00000033983.15",683.579353379744,-0.337794483431108,0.076550278352922,-4.41271397961173,1,1,"Coil"
"ENSMUSG00000033985.18",169.917150429172,0.200862745339468,0.0622055987452991,3.22901393750587,1,1,"Tesk2"
"ENSMUSG00000033991.10",1613.41708222894,0.143291888468327,0.04765595834112,3.00679901225882,1,1,"Skic3"
"ENSMUSG00000034006.18",479.658983925365,0.310203769254544,0.057978597475711,5.35031516387573,1,1,"Slc66a2"
"ENSMUSG00000034007.11",1062.93764841795,-0.222940860639925,0.0909697716200822,-2.45071364552826,1,1,"Scaper"
"ENSMUSG00000034021.16",5281.23508874933,-0.169117276739524,0.0800345165255201,-2.11305426809943,1,1,"Pds5b"
"ENSMUSG00000034022.9",2597.33024509698,0.00360959891941558,0.0797320115203129,0.0452716399672919,1,1,"Cpsf1"
"ENSMUSG00000034023.17",1175.69066294035,-0.0630730558950914,0.129590699084532,-0.486709743374012,0.999999999999758,1,"Fancd2"
"ENSMUSG00000034024.9",19976.6236341678,0.51057493075704,0.0687380594738524,7.42783451649897,0.999999999999461,1,"Cct2"
"ENSMUSG00000034032.16",1237.52728403505,-0.323958674456243,0.0645199964972607,-5.02105846316959,1,1,"Rpap1"
"ENSMUSG00000034037.15",25.9481598070304,-0.38934591023927,0.233787977059066,-1.66538038070667,0.995499282707749,1,"Fgd5"
"ENSMUSG00000034040.18",742.672380956291,0.199407399586345,0.158884832719377,1.25504364496855,0.999999765798712,1,"Galnt17"
"ENSMUSG00000034042.17",1553.0573093189,0.194595064653263,0.0737790233274647,2.63753917952481,1,1,"Gpbp1l1"
"ENSMUSG00000034055.17",1241.14971089262,-0.237066150487707,0.0722740390726409,-3.28010103668674,1,1,"Phka1"
"ENSMUSG00000034059.15",200.989447429707,-0.315487195703056,0.188235307441883,-1.67602560853501,0.999861802246215,1,"Ypel4"
"ENSMUSG00000034063.10",32.146653951611,-0.131270948625027,0.162225801385375,-0.809186624470335,0.999999957237751,1,"4930590J08Rik"
"ENSMUSG00000034064.15",2893.82851803738,0.0724547750594527,0.0428563796418739,1.69064152560052,1,1,"Poglut1"
"ENSMUSG00000034066.14",506.410197148421,-0.816796733771481,0.133169962495732,-6.13349075470125,0.915544302555599,1,"Farp2"
"ENSMUSG00000034071.16",89.5781139345289,-0.942681600885143,0.110601363090607,-8.52323673545399,0.697855684933747,1,"Zfp551"
"ENSMUSG00000034075.11",4810.98915263621,0.196488081800759,0.0612008990958635,3.21054240547978,1,1,"Zdhhc5"
"ENSMUSG00000034083.17",800.193921878195,0.0286316723803615,0.05264898053302,0.543821971299227,1,1,"Ccdc174"
"ENSMUSG00000034088.16",20103.4125063925,-0.0628566713597273,0.0891720445958837,-0.704892117754906,1,1,"Hdlbp"
"ENSMUSG00000034101.15",8795.6317978836,0.0598074743306033,0.0635446816068305,0.941187725208061,1,1,"Ctnnd1"
"ENSMUSG00000034105.10",490.796363673448,0.27813933314713,0.0621886687304287,4.47250823703576,1,1,"Meak7"
"ENSMUSG00000034108.7",529.698117410604,0.406329880350563,0.0705070580702634,5.7629674456937,1,1,"Ccs"
"ENSMUSG00000034109.17",4927.2657418843,-0.355744027400101,0.0594230913997162,-5.98662942335242,1,1,"Golim4"
"ENSMUSG00000034110.9",428.553597190077,-0.304146705160004,0.0669720674208345,-4.54139638916666,1,1,"Kctd7"
"ENSMUSG00000034111.7",965.748499663927,0.14621420449801,0.0970814671789537,1.50609800971063,1,1,"Tmed8"
"ENSMUSG00000034116.18",82.4963157811884,-0.114508182718755,0.339468180686553,-0.337316394388333,0.995965931675646,1,"Vav1"
"ENSMUSG00000034118.16",1363.00408804902,0.124292984627036,0.0516121534245036,2.40821156220206,1,1,"Tpst1"
"ENSMUSG00000034120.19",10227.7851468222,-0.221588084832932,0.0821373718442112,-2.69777422697691,1,1,"Srsf2"
"ENSMUSG00000034121.13",431.481979717293,-0.171236286588686,0.0709670280996526,-2.41289921776397,1,1,"Mks1"
"ENSMUSG00000034126.6",1369.4834848223,-0.00757998816812046,0.0633586986704029,-0.119636108808866,1,1,"Pomt2"
"ENSMUSG00000034135.16",3962.89405286488,0.674512245572072,0.0788132760141439,8.55835818131736,0.999981850748023,1,"Sik3"
"ENSMUSG00000034152.7",2754.09025020029,-0.274397334999335,0.0505928037185041,-5.42364357836479,1,1,"Exoc3"
"ENSMUSG00000034154.16",1657.78758378865,0.00362654560578351,0.0553211936781349,0.0655543628881758,1,1,"Ino80"
"ENSMUSG00000034157.13",1534.51988836824,-0.134004927284354,0.06560649346833,-2.04255585385068,1,1,"Cipc"
"ENSMUSG00000034158.10",15418.1181502885,0.138212818855055,0.0639658041779758,2.16072979353934,1,1,"Lrrc58"
"ENSMUSG00000034160.14",5632.11257186762,0.391345782598241,0.0675100748786351,5.79685007462628,1,1,"Ogt"
"ENSMUSG00000034163.11",2741.00814178305,0.522226330979873,0.0751596515568352,6.94822714265738,0.999999999896989,1,"Zfc3h1"
"ENSMUSG00000034165.17",2302.67253677955,0.0289623063490113,0.0872324884647932,0.332012841301672,1,1,"Ccnd3"
"ENSMUSG00000034168.8",3685.95968626804,0.412108709079328,0.0944382838760304,4.3637886264463,0.999999999759433,1,"Irf2bpl"
"ENSMUSG00000034171.14",467.823694766403,-0.381532767547115,0.116872652674631,-3.2645170518144,0.999999939442346,1,"Faah"
"ENSMUSG00000034173.14",88.4422038711519,-0.0107412009742835,0.185393721014481,-0.0579372425101957,0.999999977409739,1,"Zbed5"
"ENSMUSG00000034175.14",351.13992617683,0.200173348274975,0.0543195787498059,3.68510494525311,1,1,"Rhbdd3"
"ENSMUSG00000034187.19",3646.13570118674,-0.176268836099437,0.130473222843447,-1.35099626005974,0.999999999863525,1,"Nsf"
"ENSMUSG00000034189.6",1164.86767702645,-0.00896047675180872,0.071246046073053,-0.125768056554619,1,1,"Hsdl1"
"ENSMUSG00000034190.10",2727.75058825815,0.868095423446356,0.0544030422043942,15.9567441134062,0.992336965731954,1,"Chmp7"
"ENSMUSG00000034192.6",1278.38285054528,-0.00978154934751014,0.0708444006760155,-0.138070888513024,1,1,"Lsm3"
"ENSMUSG00000034194.19",1164.49174224726,0.695059201178114,0.0526782445107751,13.1944260412084,0.999999996454237,1,"R3hcc1"
"ENSMUSG00000034201.14",1102.66909590725,0.0822406110213169,0.084133455340983,0.977501883026263,1,1,"Gas2l1"
"ENSMUSG00000034203.9",755.584974106253,0.143045261371296,0.057221579543139,2.49984817814152,1,1,"Chchd4"
"ENSMUSG00000034205.17",298.056124234556,-1.44592337600893,0.397855905516768,-3.63428908798235,0.131183036845016,1,"Loxl2"
"ENSMUSG00000034206.16",713.490740855786,-0.134269919546022,0.132825850192137,-1.01087189994866,0.999999999964323,1,"Polq"
"ENSMUSG00000034210.15",2641.69811021004,0.0689262623222599,0.0535058724975038,1.28819995086475,1,1,"Efcab14"
"ENSMUSG00000034211.15",2296.44020496605,0.0417972052773047,0.0473561464002787,0.882614157917603,1,1,"Mrps17"
"ENSMUSG00000034216.13",1061.21199752524,-0.228796325442525,0.0606188320518719,-3.77434400660743,1,1,"Vps18"
"ENSMUSG00000034218.17",1903.90093678117,-0.204839338020484,0.104019594434426,-1.96923799918884,0.999999999999989,1,"Atm"
"ENSMUSG00000034220.8",10170.0500856439,-0.468074500228009,0.0529511028210787,-8.83974979349587,1,1,"Gpc1"
"ENSMUSG00000034227.8",246.419206686833,0.439533370095941,0.211775653970596,2.07546694747531,0.995933658823394,1,"Foxj1"
"ENSMUSG00000034235.18",1095.6920239222,0.372100570526695,0.0775594032253521,4.79762034070248,1,1,"Usp54"
"ENSMUSG00000034243.18",3740.97868975593,0.397049498476575,0.0684641616439475,5.79937720615726,1,1,"Golgb1"
"ENSMUSG00000034247.10",971.629651610322,-0.141250868842255,0.0611639547111923,-2.30938090104249,1,1,"Plekhm1"
"ENSMUSG00000034252.15",4325.20460560474,0.191465964261336,0.0476449338674117,4.01860069308009,1,1,"Senp6"
"ENSMUSG00000034254.18",3146.98792721476,0.129602543093232,0.0382509264659202,3.38821971302322,1,1,"Agpat1"
"ENSMUSG00000034255.19",202.51269045959,0.920071420084272,0.139759740601254,6.58323646084399,0.716305099842107,1,"Arhgap27"
"ENSMUSG00000034258.5",25.8049443800129,0.392648566024882,0.269287968180101,1.45809918162507,0.987945924052721,1,"Flvcr2"
"ENSMUSG00000034259.9",610.121321205918,0.056688199636194,0.0595551800699048,0.951860099653034,1,1,"Exosc4"
"ENSMUSG00000034263.14",1563.77154833804,-0.0231858790574945,0.0367706976240753,-0.630553145728563,1,1,"Ints14"
"ENSMUSG00000034265.9",336.266165004251,-0.521083708665546,0.0731608558473043,-7.12243866792799,0.999999999970465,1,"Zdhhc14"
"ENSMUSG00000034269.13",10180.8942588535,0.0723039188034019,0.0645227770912421,1.12059526980924,1,1,"Setd5"
"ENSMUSG00000034271.17",509.722317302377,0.191817616290103,0.088541000173155,2.16642703284326,1,1,"Jdp2"
"ENSMUSG00000034274.12",1404.27389309331,-0.187004071432917,0.0373306600962014,-5.00939632331725,1,1,"Thoc5"
"ENSMUSG00000034278.4",333.596487740512,-0.247692841389211,0.0677191608808124,-3.65764782326758,1,1,"Dnajc17"
"ENSMUSG00000034282.4",23.3054444252121,-0.0378550028342173,0.192845210870338,-0.196297344711711,0.999999733735992,1,"Evpl"
"ENSMUSG00000034285.16",807.643963857516,-0.824645118767806,0.0822418571801584,-10.0270731600983,0.983504192935641,1,"Nipsnap1"
"ENSMUSG00000034290.10",4021.99879503992,0.0446304408131137,0.0521838380224618,0.855254088323345,1,1,"Nek9"
"ENSMUSG00000034292.14",582.013915921586,-0.522507936434397,0.0523083389193533,-9.98899883324487,1,1,"Traf3ip1"
"ENSMUSG00000034297.15",6479.08733186969,-0.297869583487532,0.080910352344468,-3.68147678086212,1,1,"Med13"
"ENSMUSG00000034300.18",1998.24255516676,-0.0291484052363531,0.0410866865709248,-0.709436746281218,1,1,"Fam53c"
"ENSMUSG00000034303.9",270.174488296541,0.324579816971256,0.0950349413408753,3.41537346571342,0.999999999999407,1,"Ccdc15"
"ENSMUSG00000034311.4",2473.59673186643,-0.248111097192934,0.140423635017008,-1.7668756200684,0.999999957087371,1,"Kif4"
"ENSMUSG00000034312.16",1708.02380656226,0.276966170254248,0.125981128924485,2.19847347470799,0.999999995244413,1,"Iqsec1"
"ENSMUSG00000034317.15",3328.16159673862,-0.13679642815794,0.0981308659496316,-1.39402039138384,1,1,"Trim59"
"ENSMUSG00000034320.15",1257.99794055562,0.209081756982735,0.0914326956724411,2.28672856514887,1,1,"Slc26a2"
"ENSMUSG00000034321.15",882.940417818442,0.0614601517104351,0.0555439011006637,1.10651485568234,1,1,"Exosc1"
"ENSMUSG00000034327.19",755.242427804888,1.11231355468018,0.0992644810805138,11.2055545203322,0.128931263177978,1,"Kctd9"
"ENSMUSG00000034329.17",758.447065920612,-0.441941984971112,0.141658670832642,-3.11976656545952,0.999959166608239,1,"Brip1"
"ENSMUSG00000034330.11",116.760740972516,-0.0377647209511429,0.182077297647879,-0.20741037701568,0.999999943071068,1,"Plcg2"
"ENSMUSG00000034333.16",1841.18945812614,-0.405376790786646,0.0754258679100256,-5.37450614781409,0.999999999999998,1,"Zbed4"
"ENSMUSG00000034334.9",25.1306195335325,0.512496245458707,0.152974519186462,3.35020661077561,0.999280793008774,1,"Fam151b"
"ENSMUSG00000034336.4",1023.84197610794,-1.06317438864275,0.139353423535991,-7.6293381365558,0.325152205590464,1,"Ina"
"ENSMUSG00000034341.18",7031.04429082528,-0.0183666207431467,0.0626462845925517,-0.293179729054999,1,1,"Wbp2"
"ENSMUSG00000034342.10",5540.51003662987,0.0240153784971271,0.0824452975827922,0.291288638663845,1,1,"Cbl"
"ENSMUSG00000034343.15",2282.95198122772,-0.424415147789778,0.048210444611542,-8.80338588887788,1,1,"Ube2f"
"ENSMUSG00000034345.15",1971.1951805256,0.0223020656831696,0.0510807370211861,0.436604226636739,1,1,"Gtf2h5"
"ENSMUSG00000034349.15",7717.47073651977,0.173186481829069,0.0972633512192068,1.78059340602763,1,1,"Smc4"
"ENSMUSG00000034354.19",3346.71618930763,0.184797606002947,0.0452119863002634,4.08735871004787,1,1,"Mtmr3"
"ENSMUSG00000034361.11",1328.51544178075,0.199444101444302,0.0884471260667622,2.25495287765209,1,1,"Cpne2"
"ENSMUSG00000034371.10",858.151500243379,-0.0232983973463309,0.0433125331972616,-0.537913523557287,1,1,"Tkfc"
"ENSMUSG00000034377.11",8949.02710988187,-0.0461311434452281,0.0880807764960002,-0.52373679343441,1,1,"Tulp4"
"ENSMUSG00000034390.17",1877.28933183665,-0.0855451317016732,0.0695486794483542,-1.23000368059034,1,1,"Cmip"
"ENSMUSG00000034401.17",974.345404465812,0.462503672856751,0.0783902180987299,5.90001768172455,0.999999999996476,1,"Spata6"
"ENSMUSG00000034402.4",122.441238077794,-0.554060260738708,0.233406005608823,-2.37380464694334,0.971970406746597,1,"Kcnh5"
"ENSMUSG00000034403.17",2605.64193728219,-0.156656252982249,0.0536910430648492,-2.91773532492256,1,1,"Pja1"
"ENSMUSG00000034412.14",541.660962513561,0.507728302819123,0.0842597117713437,6.02575408988996,0.999999997425968,1,"Tbc1d10a"
"ENSMUSG00000034413.15",902.978242360463,-0.287853424987095,0.121256517799734,-2.37392125561869,0.999999997860858,1,"Neurl1b"
"ENSMUSG00000034424.6",1776.64947496535,0.115589770550643,0.0728989943184332,1.58561543449736,1,1,"Gcsh"
"ENSMUSG00000034429.16",268.175495030252,-0.188225740951143,0.0642838265915679,-2.92804194975898,1,1,"Zfp707"
"ENSMUSG00000034430.17",1120.24609699239,0.33233770689955,0.0685948330243048,4.84493790927073,1,1,"Zxdc"
"ENSMUSG00000034432.12",2780.12512546711,-0.375746409800175,0.0644011342001616,-5.83446882522812,1,1,"Cops8"
"ENSMUSG00000034437.9",12.8258981981609,0.00245948446838834,0.15828697844828,0.0155381351801593,0.999999999973263,1,"Gm9761"
"ENSMUSG00000034442.12",766.119975930429,-0.0733338805274268,0.139709169286168,-0.524903847772627,0.999999999983541,1,"Trmt5"
"ENSMUSG00000034445.9",430.013101725036,0.520061587480029,0.0732129313883681,7.1034116189296,0.999999999972249,1,"Cyb561a3"
"ENSMUSG00000034449.8",236.012145087334,0.0479766184508097,0.11172451524182,0.429418900113082,1,1,"Dhrs11"
"ENSMUSG00000034453.9",1309.645574083,0.0231417929396612,0.104230732132197,0.222024660733556,1,1,"Polr3b"
"ENSMUSG00000034457.11",3401.10226677493,-0.519722358127514,0.0906279967699188,-5.73467776681587,0.999999941920838,1,"Eda2r"
"ENSMUSG00000034460.10",1500.53794339933,-0.364531593859673,0.132024047833252,-2.76109996506153,0.999999257626307,1,"Six4"
"ENSMUSG00000034462.10",3545.13103253027,0.464218713911329,0.0736474938005596,6.30325201789557,0.999999999999827,1,"Pkd2"
"ENSMUSG00000034471.13",1449.6338510128,-0.622580330108678,0.0944336747409784,-6.59277881345135,0.999967879311704,1,"Caskin2"
"ENSMUSG00000034473.15",731.695157187176,-0.0946423966806791,0.0519910705624288,-1.82035868192089,1,1,"Sec22a"
"ENSMUSG00000034480.20",1411.88863732143,-0.0195403455989143,0.0860132353539156,-0.227178358290004,1,1,"Diaph2"
"ENSMUSG00000034484.9",2985.44229425259,0.183979995314108,0.0407261691597461,4.51748836460549,1,1,"Snx2"
"ENSMUSG00000034486.9",56.4108333033272,-0.639357982292515,0.215748676453518,-2.96343872325104,0.952696800831294,1,"Gbx2"
"ENSMUSG00000034487.5",2055.88248307744,1.05724166638098,0.0858665168440703,12.3126185297684,0.252502501252694,1,"Poglut3"
"ENSMUSG00000034501.8",989.9062197717,-0.196807096222537,0.053573549824838,-3.67358700078695,1,1,"Pcnx4"
"ENSMUSG00000034509.10",357.138820800877,0.102817745043881,0.0607412460088604,1.69271708764227,1,1,"Mad2l1bp"
"ENSMUSG00000034518.15",1498.03520734902,-0.00999568178444941,0.0517581086045372,-0.193123011136716,1,1,"Hmgxb4"
"ENSMUSG00000034525.8",3497.74193208126,0.0363255850682464,0.044712870403,0.812418991239918,1,1,"Ice1"
"ENSMUSG00000034532.10",189.462169974762,0.0071829600348246,0.113915043343858,0.0630554123843196,1,1,"Fbxo16"
"ENSMUSG00000034538.9",130.384204927402,-0.534246699764307,0.0888275846498694,-6.0144233558769,0.999999921152569,1,"Zfp418"
"ENSMUSG00000034543.16",3998.41327945927,0.0661906719206405,0.0470101405013935,1.40800838318444,1,1,"Morc2a"
"ENSMUSG00000034544.18",2520.85215916108,0.145469565020143,0.0464871675151373,3.12924131100856,1,1,"Rsrc1"
"ENSMUSG00000034551.13",344.069687487494,-0.247529075199466,0.0891648613649171,-2.77608321720398,1,1,"Hdx"
"ENSMUSG00000034557.15",1914.22310719831,-0.0250851365796944,0.0490002340663764,-0.511939117386944,1,1,"Zfyve9"
"ENSMUSG00000034560.7",4128.83739028702,0.291701972576022,0.0659725811721406,4.42156373743951,1,1,"Washc4"
"ENSMUSG00000034563.17",1844.27333440853,-0.0264714909915608,0.0951366869088943,-0.278246929251495,1,1,"Ccpg1"
"ENSMUSG00000034566.11",6631.40987940001,-0.0514594566314161,0.0825844298015731,-0.623113300595022,1,1,"Atp5pd"
"ENSMUSG00000034570.13",55.5565382343485,-0.935234693649133,0.269381691022763,-3.4717826965089,0.594998468457086,1,"Inpp5j"
"ENSMUSG00000034573.15",819.45611785769,1.00012135604444,0.13744451874075,7.27654594892124,0.499647755681631,1,"Ptpn13"
"ENSMUSG00000034574.11",2060.90759414046,0.109523297589265,0.0965083479576462,1.13485827813911,1,1,"Daam1"
"ENSMUSG00000034575.15",1487.87262586757,-0.152631820454418,0.0706156750793382,-2.16144390438713,1,1,"Tent4a"
"ENSMUSG00000034579.18",200.754396689814,0.0636788514850082,0.174346797853884,0.365242449353019,0.999999961257523,1,"Pla2g3"
"ENSMUSG00000034584.4",20.3078150811626,-0.730915893016719,0.389178651000726,-1.87809863448896,0.755352072413036,1,"Exph5"
"ENSMUSG00000034586.15",2086.41871925535,-0.369182885904116,0.073448473259566,-5.02642014898565,1,1,"Hid1"
"ENSMUSG00000034587.11",133.465865611496,-0.210152898326714,0.0733989596856711,-2.86315908599641,1,1,"8430429K09Rik"
"ENSMUSG00000034591.6",1294.27455824463,0.182734788008903,0.100466934517449,1.81885501818675,1,1,"Slc41a2"
"ENSMUSG00000034593.17",11753.2999141998,-0.388203053010368,0.110133416627334,-3.52484345713125,0.999999986123609,1,"Myo5a"
"ENSMUSG00000034595.18",2550.22694039811,0.408732939790809,0.0680283773318897,6.00827119242791,1,1,"Ppp1r18"
"ENSMUSG00000034601.18",714.097518170381,-0.177699439928689,0.0707794210294348,-2.5106088372041,1,1,"2700049A03Rik"
"ENSMUSG00000034602.16",5308.90665146084,0.286802395608704,0.0664870968375602,4.31365496841309,1,1,"Mon2"
"ENSMUSG00000034610.15",2834.22682434447,-0.0307584868682313,0.0829976287971547,-0.370594766549352,1,1,"Tut4"
"ENSMUSG00000034612.8",7087.70445051893,0.021657731987627,0.107359593441361,0.201730756361855,1,1,"Chst11"
"ENSMUSG00000034613.13",1194.23139671234,0.285328454022073,0.0988147959824848,2.88750739385879,0.999999999999763,1,"Ppm1h"
"ENSMUSG00000034614.15",1436.84328594692,0.624425063493004,0.141728427206716,4.40578559855361,0.995974957936127,1,"Pik3ip1"
"ENSMUSG00000034616.18",172.633842150258,-0.024173783807019,0.129464992886313,-0.186720620517445,0.999999999999977,1,"Ssh3"
"ENSMUSG00000034617.8",862.484208748201,0.111526314210053,0.0789379806463044,1.41283464939097,1,1,"Mtrr"
"ENSMUSG00000034620.18",1608.57228718693,-0.00667145150837345,0.0597307417710948,-0.111692092054379,1,1,"Rxylt1"
"ENSMUSG00000034621.15",2798.39556917067,-0.186573788812592,0.0644501911121531,-2.89485237503679,1,1,"Gpatch8"
"ENSMUSG00000034636.10",4625.77264708752,-0.027119234535352,0.0865861774227875,-0.313205125142929,1,1,"Zyg11b"
"ENSMUSG00000034639.8",71.8421245835405,-0.602754659432393,0.0724249747359027,-8.32246972305251,0.999999979317411,1,"Setmar"
"ENSMUSG00000034640.10",3952.89834840049,1.10787918236368,0.0988270407610894,11.2102838841642,0.137505402086085,1,"Tiparp"
"ENSMUSG00000034641.3",72.1765749374155,-0.192448885807701,0.40754967858457,-0.472209637058432,0.977948523168721,1,"Cd300ld"
"ENSMUSG00000034647.16",2910.51450709748,-0.0189410731952961,0.0705623076803536,-0.268430466887491,1,1,"Ankrd12"
"ENSMUSG00000034652.13",103.269653744507,0.786405594237136,0.236475979175126,3.32551998296094,0.816800556721892,1,"Cd300a"
"ENSMUSG00000034653.12",1283.67881366477,-0.0502264272069029,0.0719684699846885,-0.697894886713427,1,1,"Ythdc2"
"ENSMUSG00000034659.15",1807.83700651697,0.885340813939591,0.0983466901441734,9.00224311201228,0.878165940800373,1,"Tmem109"
"ENSMUSG00000034663.14",1338.08001360599,0.681748520887499,0.0956106626025978,7.13046539297778,0.99956361162769,1,"Bmp2k"
"ENSMUSG00000034664.14",70.6222863775768,0.320788604676982,0.231788280179741,1.38397249605642,0.998306883214198,1,"Itga2b"
"ENSMUSG00000034667.9",6768.15003257551,0.421274218355212,0.064356443673615,6.5459524222891,1,1,"Xpot"
"ENSMUSG00000034673.15",1147.58148986516,0.31992141003132,0.05283271136486,6.05536611251994,1,1,"Pbx2"
"ENSMUSG00000034674.19",6469.39020552809,-0.0682794545859698,0.0821173166393789,-0.831486675165258,1,1,"Tdg"
"ENSMUSG00000034675.18",4018.0397230011,-0.876671269687409,0.0751102776065161,-11.6717884372638,0.949701762052368,1,"Dbn1"
"ENSMUSG00000034681.18",5236.53091522569,0.127172462533335,0.0335702360953391,3.7882504660428,1,1,"Rnps1"
"ENSMUSG00000034685.5",1189.81040273548,-0.696003502879842,0.0820235148237852,-8.48541426656853,0.9998948086997,1,"Fam171a2"
"ENSMUSG00000034686.9",206.500550801717,-0.605566698332894,0.0903752336297573,-6.70058238315307,0.999993626274089,1,"Prr7"
"ENSMUSG00000034687.9",8103.86806778754,0.30732385541481,0.233482374122636,1.31626148042074,0.998495021744426,1,"Fras1"
"ENSMUSG00000034706.17",265.13844816108,-0.00849872336860826,0.118319621901611,-0.0718285203419212,1,1,"Dnai2"
"ENSMUSG00000034707.8",9614.99082275633,0.599986205918479,0.0830290349678204,7.22622160008262,0.999999274098342,1,"Gns"
"ENSMUSG00000034708.13",7737.66311465555,0.468784239973601,0.114638451776761,4.08924084988933,0.999998205241129,1,"Grn"
"ENSMUSG00000034709.9",1513.51122020034,-0.192974531499476,0.0723795285564228,-2.66614794746894,1,1,"Ppp1r21"
"ENSMUSG00000034714.10",2722.7546187402,0.496592346552188,0.0900572121507759,5.51418742255513,0.999999988637686,1,"Ttyh2"
"ENSMUSG00000034723.12",5901.2974257696,-0.533844728888119,0.0938847628684343,-5.6861700725199,0.999999656822975,1,"Tmx4"
"ENSMUSG00000034724.19",4066.55542360474,-0.000782318304722468,0.116684970610517,-0.00670453358842392,1,1,"Cnot6l"
"ENSMUSG00000034729.17",1486.10322255568,0.2797690502048,0.0640863388528091,4.36550215245346,1,1,"Mrps10"
"ENSMUSG00000034730.19",1837.87547422835,-0.891228678374631,0.124928209380733,-7.13392661907539,0.808032987854415,1,"Adgrb1"
"ENSMUSG00000034731.12",1431.99255842393,0.693258227758635,0.0983520948408813,7.04873880805713,0.999092093558917,1,"Dgkh"
"ENSMUSG00000034732.5",101.300682662533,-0.572081252154709,0.14071783534963,-4.0654494914117,0.998820914264577,1,"Pabpc5"
"ENSMUSG00000034739.18",18.9111007862662,0.632498354217777,0.188488875067375,3.3556269779407,0.974395602532493,1,"Mfrp"
"ENSMUSG00000034744.14",766.523977424205,0.17347591007217,0.0712997443838444,2.43305093968159,1,1,"Nagk"
"ENSMUSG00000034748.17",356.245649097226,0.254302444898243,0.0718211056619495,3.54077596765502,1,1,"Sirt6"
"ENSMUSG00000034751.18",2301.69999433439,0.938398290384372,0.126889231923918,7.3954131186406,0.686330725273095,1,"Mast4"
"ENSMUSG00000034755.20",1949.84064346158,-0.90927278393137,0.190570586877909,-4.77131754080134,0.682992001112525,1,"Pcdh11x"
"ENSMUSG00000034757.16",1626.42879103472,-0.174572796973645,0.0640872496138968,-2.72398640954925,1,1,"Tmub2"
"ENSMUSG00000034758.13",2507.75382779447,0.278834823262645,0.102392517325495,2.72319531295688,0.99999999999906,1,"Tle6"
"ENSMUSG00000034761.17",2664.75439402285,0.0425994058400716,0.0517931490092531,0.822491133575619,1,1,"Map4k5"
"ENSMUSG00000034765.7",1655.57380335097,0.589562874449474,0.166231776477697,3.54663161846539,0.993226676865385,1,"Dusp5"
"ENSMUSG00000034768.5",12.2828777351754,-0.361411600229935,0.312394245377156,-1.15690863573239,0.979538415185172,1,"Asb16"
"ENSMUSG00000034771.16",2435.97055859506,-0.00648587818327675,0.101163875822043,-0.0641125908885306,1,1,"Tle2"
"ENSMUSG00000034773.17",540.091817411703,0.32376117408906,0.149323778111279,2.16818230950322,0.999997032261149,1,"Hrob"
"ENSMUSG00000034777.3",334.77617395975,-0.401830421405122,0.0889285273108483,-4.51857726149597,0.999999999991305,1,"Vax2"
"ENSMUSG00000034780.7",640.703259313269,-0.483242595522282,0.150199822360114,-3.21733133853964,0.999709643463595,1,"B3galt1"
"ENSMUSG00000034781.6",6800.21900234325,0.152497943574611,0.0454816990375442,3.3529517762458,1,1,"Gna11"
"ENSMUSG00000034786.18",70.7761449426681,0.724356374981586,0.186878390420412,3.87608419224949,0.9298922890318,1,"Gpsm3"
"ENSMUSG00000034789.9",1488.54551589641,0.253313104271665,0.071866413028835,3.52477734167737,1,1,"Rab24"
"ENSMUSG00000034793.16",1341.14812970035,0.0821733053032571,0.0831126288577015,0.988698185012861,1,1,"G6pc3"
"ENSMUSG00000034795.15",104.486936221737,-0.0402577900877578,0.0872777259890704,-0.461260758475755,1,1,"Ccdc122"
"ENSMUSG00000034799.17",772.41829705822,0.0343821672723442,0.128659660532208,0.267233467973726,0.99999999999997,1,"Unc13a"
"ENSMUSG00000034800.16",360.669943814983,-0.503198592723637,0.0779623677978962,-6.45437801514818,0.999999999906907,1,"Zfp661"
"ENSMUSG00000034801.14",2091.87436971979,0.0703516104478958,0.0614667051960967,1.14454825947566,1,1,"Sos2"
"ENSMUSG00000034807.10",5710.73906214866,0.703203403983056,0.0635603342291734,11.0635573665737,0.99999849051824,1,"Colgalt1"
"ENSMUSG00000034813.20",927.365820106615,0.0366769297858373,0.104386152094815,0.351358193110935,1,1,"Grip1"
"ENSMUSG00000034820.5",3308.76678362188,0.0207170343434582,0.0392374033728233,0.527991981187198,1,1,"Cpsf7"
"ENSMUSG00000034826.15",1009.57296697287,0.0200672075683385,0.0518492590934588,0.387029784401877,1,1,"Nup54"
"ENSMUSG00000034832.16",4229.98872133007,-0.0788782476959469,0.0692729032828789,-1.13865947517522,1,1,"Tet3"
"ENSMUSG00000034837.13",20.5237973964412,-1.1053408205546,0.164609799881494,-6.71491503756373,0.261104964073939,1,"Gnat1"
"ENSMUSG00000034848.18",894.364135405315,-0.0978775243006275,0.0689540889238849,-1.4194593218202,1,1,"Ttc21b"
"ENSMUSG00000034850.16",3251.34151962725,-0.468722836142322,0.0695078292141469,-6.743453815803,0.999999999999989,1,"Tmem127"
"ENSMUSG00000034853.17",668.285794751825,0.693121673173044,0.125823325022307,5.50868984784945,0.99263524444905,1,"Acot11"
"ENSMUSG00000034854.9",1157.63004697849,0.852539276014174,0.0970300069051629,8.7863466489026,0.935712275103148,1,"Mfsd12"
"ENSMUSG00000034858.18",1037.12546190533,0.0935725395281201,0.0768789006011378,1.21714200900962,1,1,"Atosa"
"ENSMUSG00000034863.10",2268.48471279448,0.645100245746118,0.0658684178134231,9.793771691517,0.999999964379137,1,"Ano8"
"ENSMUSG00000034867.17",1027.7804457561,0.2742813423048,0.0511981877811563,5.35724708611172,1,1,"Ankrd27"
"ENSMUSG00000034868.10",3769.27974972692,-0.29960482052983,0.0625260919200106,-4.79167674373624,1,1,"Myl12b"
"ENSMUSG00000034875.6",1219.69273702737,0.0374587463971933,0.0465051953596076,0.805474444468807,1,1,"Nudt19"
"ENSMUSG00000034880.8",666.584027015227,0.435373446154921,0.066089510664198,6.58763307186614,1,1,"Mrpl34"
"ENSMUSG00000034883.10",167.660567265476,-0.545079436698159,0.146940983045264,-3.70951265876757,0.999019051888061,1,"Lrr1"
"ENSMUSG00000034889.9",1111.38356915446,0.187856928678992,0.0546008134464474,3.44055183103165,1,1,"Cactin"
"ENSMUSG00000034892.9",9100.84401174367,0.343941542814504,0.10289403491494,3.34267718336472,0.999999999909149,1,"Rps29"
"ENSMUSG00000034893.10",1610.63354426118,0.741908040632142,0.043616319127487,17.0098728061762,0.999999998363907,1,"Cog3"
"ENSMUSG00000034898.18",145.125102066965,-1.32595518171542,0.258363581634777,-5.13212881368782,0.103543809211204,1,"Filip1"
"ENSMUSG00000034902.18",3635.8793351762,-0.188999866827208,0.0650138480931315,-2.90707091443762,1,1,"Pip5k1c"
"ENSMUSG00000034903.19",1406.2294764683,0.225876237671292,0.0964072109806585,2.34293924047453,1,1,"Cobll1"
"ENSMUSG00000034906.16",2977.63579526476,-0.352856349837279,0.103449057791796,-3.41091893313757,0.999999999802099,1,"Ncaph"
"ENSMUSG00000034908.17",3590.90443834093,0.641058717546408,0.147807481450482,4.33711955075275,0.992417988068576,1,"Sidt2"
"ENSMUSG00000034910.6",1994.50228350166,-0.408517991444706,0.0530334224853074,-7.70302900134126,1,1,"Pygo1"
"ENSMUSG00000034912.19",2299.88870233195,0.0928815115615371,0.101262858120865,0.917231779599545,1,1,"Mdga2"
"ENSMUSG00000034917.9",94.053896555923,-0.123302362749291,0.166564790702253,-0.740266668780576,0.999999929301183,1,"Tjp3"
"ENSMUSG00000034926.4",4619.1062189868,-0.0808218751254259,0.150624429541342,-0.536578796490928,0.999999999478088,1,"Dhcr24"
"ENSMUSG00000034928.17",3091.57390744997,-0.156726529929827,0.0508494008562508,-3.08217063113263,1,1,"Rnf44"
"ENSMUSG00000034930.17",2085.98137366584,0.176542134669915,0.0695271957950321,2.53918100178189,1,1,"Rtkn"
"ENSMUSG00000034931.16",2221.53832495712,-0.274998685418503,0.0620929329559174,-4.42882422084551,1,1,"Dhx8"
"ENSMUSG00000034932.5",957.304794679394,0.488354400179826,0.09643959831516,5.06383693743629,0.999999943770782,1,"Mrpl54"
"ENSMUSG00000034940.16",3093.81694103354,-0.709415908994343,0.102880162971884,-6.895555843824,0.997632210845739,1,"Synrg"
"ENSMUSG00000034947.14",81.0472953715177,0.135109885781534,0.205310206686628,0.658076809536105,0.999987393822925,1,"Tmem106a"
"ENSMUSG00000034949.19",273.750309926028,-0.295003028365154,0.198185691940052,-1.48851829553057,0.999812624603221,1,"Zfr2"
"ENSMUSG00000034951.11",930.908535845667,-0.019266621461882,0.0468816304370656,-0.410963127396895,1,1,"Cog7"
"ENSMUSG00000034957.11",397.188237095944,0.934247309547998,0.154120719611263,6.06178917347674,0.665175975045223,1,"Cebpa"
"ENSMUSG00000034973.17",1073.27759393912,-0.269542651460233,0.0660027103551021,-4.08381186181693,1,1,"Dop1a"
"ENSMUSG00000034974.14",902.768697907812,0.1042909168199,0.0508267894330317,2.05188873787339,1,1,"Dapk3"
"ENSMUSG00000034981.10",572.437248470718,0.691718743757749,0.220678913691823,3.13450312123491,0.918788318106563,1,"Parm1"
"ENSMUSG00000034987.5",18.0217281455963,-0.325814578062245,0.271791504018486,-1.19876660324189,0.993441069044398,1,"Hrh2"
"ENSMUSG00000034990.16",56.4852665204687,-0.531728288419915,0.316570343470036,-1.67965287775051,0.930457582018766,1,"Otoa"
"ENSMUSG00000034993.8",6911.7633331669,0.235330623047149,0.0919224842068875,2.56009859913595,1,1,"Vat1"
"ENSMUSG00000034994.11",98676.6102022507,0.637516693579217,0.0672225089768562,9.48367895340987,0.999999965217437,1,"Eef2"
"ENSMUSG00000034998.19",3304.09833052545,0.132416944284119,0.0536679217673766,2.46733877376656,1,1,"Foxn2"
"ENSMUSG00000035004.4",39.905577365801,-0.230567509540267,0.331075963801424,-0.696418752037702,0.990039071891586,1,"Igsf6"
"ENSMUSG00000035007.6",951.008688993275,-0.0225157041963628,0.0593235045324502,-0.379541033083213,1,1,"Rundc1"
"ENSMUSG00000035011.16",1724.19796218793,0.498734794915338,0.078288767157039,6.37045150953685,0.99999999992371,1,"Zbtb7a"
"ENSMUSG00000035021.15",1497.55745102846,0.224511330902059,0.0883952084206011,2.53985860674474,1,1,"Baz1a"
"ENSMUSG00000035024.18",2191.61004663595,-0.120575224637421,0.0768582491699163,-1.56880004345216,1,1,"Ncapd3"
"ENSMUSG00000035027.19",2230.9416302838,0.227220054571337,0.060499297479454,3.75574699273991,1,1,"Map2k2"
"ENSMUSG00000035045.18",254.579774068202,-0.138789916252963,0.100332472285873,-1.38330007315592,1,1,"Zc3h12b"
"ENSMUSG00000035047.10",960.018265239193,0.134196936360289,0.0635551789368137,2.11150276980114,1,1,"Kri1"
"ENSMUSG00000035048.14",931.231672687674,0.0319472440196103,0.0817335493094468,0.390870631332266,1,1,"Anapc13"
"ENSMUSG00000035049.5",793.25389769123,-0.254316410193075,0.090863808224639,-2.7988746582615,1,1,"Rrp12"
"ENSMUSG00000035051.16",846.828762949163,-0.157317357216131,0.0725094102309953,-2.16961297457752,1,1,"Dhx57"
"ENSMUSG00000035062.14",764.659297758614,-0.627871338240917,0.0807728930176481,-7.77329268253068,0.999997958365451,1,"Zc4h2"
"ENSMUSG00000035064.18",2891.69844728678,0.431053717851012,0.0695348788073342,6.19910072821678,1,1,"Eef2k"
"ENSMUSG00000035067.10",745.935298360912,0.419542273210343,0.0687197800686936,6.10511664605096,1,1,"Xkr6"
"ENSMUSG00000035069.4",341.151252736642,0.0525797590256479,0.0539391462600361,0.974797761391425,1,1,"Oma1"
"ENSMUSG00000035078.7",2914.50331779843,0.544757204790551,0.0701424165118445,7.76644478307304,0.999999999957157,1,"Mtmr9"
"ENSMUSG00000035086.14",3786.09864091164,0.109662903178759,0.0469296253021314,2.3367521575711,1,1,"Becn1"
"ENSMUSG00000035093.17",4963.00269940915,-0.513335222079316,0.0682432935297478,-7.52213434504811,0.999999999999503,1,"Secisbp2l"
"ENSMUSG00000035095.12",118.231501028698,0.377917014321183,0.240701121054757,1.57006752883054,0.995123457608746,1,"Fam167a"
"ENSMUSG00000035105.6",3651.52942719862,0.301253163429168,0.159101865890471,1.89346090784728,0.999994379725839,1,"Egln3"
"ENSMUSG00000035107.14",3752.22737330261,0.311529550539235,0.0732749385738678,4.25151568329444,1,1,"Dcbld2"
"ENSMUSG00000035109.15",1346.58526697138,-0.917190247270157,0.129161590935203,-7.10110676578988,0.739281848315963,1,"Shc4"
"ENSMUSG00000035112.18",61.5697081135835,-0.179442584468134,0.251682143994035,-0.712973044573185,0.999444904576237,1,"Wnk4"
"ENSMUSG00000035125.11",455.202533947921,0.17418398643339,0.0683589741121167,2.54807783024519,1,1,"Gcfc2"
"ENSMUSG00000035126.21",137.368257859191,0.73397268395303,0.135740361276627,5.40718086389398,0.974991859785265,1,"Dnai4"
"ENSMUSG00000035133.10",5370.3843669049,0.0105885912394525,0.0704248626518251,0.150353026484434,1,1,"Arhgap5"
"ENSMUSG00000035139.15",864.889745195372,-0.177503135212876,0.0368560352943838,-4.81612126196124,1,1,"Secisbp2"
"ENSMUSG00000035142.19",377.518287412784,0.278974142725505,0.104098053041066,2.67991700685747,0.999999999997842,1,"Nubpl"
"ENSMUSG00000035150.16",17029.0322010549,0.180976496006999,0.0442916625114902,4.08601722638093,1,1,"Eif2s3x"
"ENSMUSG00000035151.13",1332.15741352406,-0.108904807635711,0.0624230606791143,-1.74462460588941,1,1,"Elmod2"
"ENSMUSG00000035152.15",12739.2078899374,-0.393873162149422,0.078815251661401,-4.99742313634351,0.999999999999993,1,"Ap2b1"
"ENSMUSG00000035158.16",283.077015305242,0.073728779647619,0.0968331759851377,0.76139999434631,1,1,"Mitf"
"ENSMUSG00000035161.8",1977.97122189089,0.711486093975749,0.0859680982788594,8.2761641611271,0.999604689770928,1,"Ints6"
"ENSMUSG00000035164.9",826.279934150266,0.0270875719879717,0.0968208688361778,0.279769974320352,1,1,"Zc3h12c"
"ENSMUSG00000035168.17",5253.73076629569,0.409503484219121,0.109641655136286,3.73492614381007,0.99999996391738,1,"Tanc1"
"ENSMUSG00000035171.10",2430.68714404172,0.633038613476338,0.0535524311871371,11.8209126914184,0.999999999996368,1,"1110059E24Rik"
"ENSMUSG00000035172.16",1157.90616375284,0.136194494064818,0.0600421306087864,2.26831547588166,1,1,"Plekhh3"
"ENSMUSG00000035173.15",2023.1036464,-0.0510226992511633,0.103216979043538,-0.494324671424856,1,1,"Ccdc186"
"ENSMUSG00000035181.7",2079.09649695045,0.0208455277799406,0.0575967300898662,0.361922070010155,1,1,"Heatr5a"
"ENSMUSG00000035198.10",3234.7682276703,-0.304512179267615,0.0764198720960352,-3.98472505796583,1,1,"Tubg1"
"ENSMUSG00000035199.7",3047.48949917215,0.0955936879467391,0.0660274051993087,1.44778804586039,1,1,"Arl6ip5"
"ENSMUSG00000035202.9",34987.3691574461,0.123478192746163,0.116651297128064,1.05852395803713,0.999999999999971,1,"Lars2"
"ENSMUSG00000035203.17",4371.94915548002,0.106124694472379,0.0424300255454541,2.50116970489897,1,1,"Epn1"
"ENSMUSG00000035206.11",872.16220415782,0.22536052011235,0.0845565672592151,2.66520422265356,1,1,"Sppl2b"
"ENSMUSG00000035211.11",19.404929950526,0.400103336001527,0.140388178593476,2.84997882307536,0.99999036251557,1,"Xrra1"
"ENSMUSG00000035212.15",2682.42283869053,0.0428935947193333,0.0466137895181802,0.920191110027731,1,1,"Leprot"
"ENSMUSG00000035215.10",868.690733183926,0.114422168823297,0.095469383387428,1.19852213100567,1,1,"Lsm7"
"ENSMUSG00000035227.8",5640.9043839562,0.0830789334264568,0.038620392238259,2.15116752087658,1,1,"Spcs2"
"ENSMUSG00000035228.16",49.4031935394159,0.603623757774733,0.229920473892927,2.62535887976569,0.957643465800165,1,"Ccdc106"
"ENSMUSG00000035232.9",1448.03200506111,0.211397564516622,0.0907303903719847,2.32995321247836,1,1,"Pdk3"
"ENSMUSG00000035234.19",428.243106640111,0.29737448826957,0.0600209855672316,4.95450858494269,1,1,"Abraxas1"
"ENSMUSG00000035235.14",343.087620193911,-0.0191074002406647,0.0910116651105431,-0.209944518842247,1,1,"Trim13"
"ENSMUSG00000035236.18",1054.2885975283,-0.175572777533213,0.0795936307044958,-2.20586466503903,1,1,"Scai"
"ENSMUSG00000035237.8",356.624568021433,-0.525416365113622,0.17350896133327,-3.02817999183581,0.99688298577241,1,"Lcat"
"ENSMUSG00000035239.8",69.9172326096565,0.303197376050102,0.0895810090708171,3.38461666367715,0.999999999999996,1,"Neu3"
"ENSMUSG00000035242.17",6567.14483370661,0.217016587254866,0.0684490272521049,3.17048460682386,1,1,"Oaz1"
"ENSMUSG00000035245.13",100.451493225078,0.528673461654247,0.168947253092043,3.12922200259879,0.997362848585686,1,"Eogt"
"ENSMUSG00000035246.17",856.117441415525,-0.126412523703084,0.179313985772228,-0.704978605872149,0.999999447324347,1,"Pcyt1b"
"ENSMUSG00000035247.18",7766.76842272151,0.186414995741627,0.0858634950739191,2.17106228416563,1,1,"Hectd1"
"ENSMUSG00000035248.10",3427.47382880757,0.138581141447753,0.0539367196759898,2.569328321786,1,1,"Tut7"
"ENSMUSG00000035258.16",199.227543044542,-0.426280465384525,0.266077781583562,-1.60208967034946,0.984466400303313,1,"Abi3bp"
"ENSMUSG00000035266.17",402.911610664116,-0.166074304082486,0.0665775074033944,-2.49445061191972,1,1,"Helq"
"ENSMUSG00000035268.15",1385.05839651923,0.140598416772157,0.0823868085892455,1.70656466951083,1,1,"Pkig"
"ENSMUSG00000035270.16",39.2348303881598,-0.126273892244056,0.227778934308836,-0.554370370671972,0.999937816450575,1,"Impg2"
"ENSMUSG00000035274.14",274.427528338815,-0.372697659648208,0.125308456848905,-2.97424187497257,0.999999722230674,1,"Tpbg"
"ENSMUSG00000035275.15",93.5398963321216,-1.08324808076569,0.137079283603026,-7.90234711105377,0.271826326172102,1,"Raver2"
"ENSMUSG00000035277.16",28.6192751090635,-1.01678940674621,0.288865027384827,-3.51994637755728,0.476825734065259,1,"Arx"
"ENSMUSG00000035278.10",852.298806203646,0.247322309091414,0.0667106699962068,3.707387575413,1,1,"Plekhj1"
"ENSMUSG00000035284.11",1814.28762880962,-0.0166924553184513,0.0555339839224411,-0.300580908111401,1,1,"Vps13c"
"ENSMUSG00000035285.7",218.909788246309,-0.250947536329735,0.109310446390116,-2.29573242647032,0.999999999996372,1,"Nat14"
"ENSMUSG00000035293.14",3678.11712491591,0.290767499284287,0.115192464066288,2.52418855383599,0.999999999629168,1,"G2e3"
"ENSMUSG00000035295.11",17.2971472852793,0.351102509561102,0.141442454499674,2.48229932662765,0.999997759367231,1,"Wdr38"
"ENSMUSG00000035296.15",12.1861067135051,0.454414852266846,0.336691945627646,1.34964574640996,0.947437656005228,1,"Sgcg"
"ENSMUSG00000035297.15",2649.44496269012,0.0877565285882065,0.0401419498453935,2.18615510522534,1,1,"Cops4"
"ENSMUSG00000035299.18",1024.53468963632,-0.273406569905294,0.104807646811751,-2.60865097368676,0.999999999997935,1,"Mid1"
"ENSMUSG00000035305.6",240.65810107195,0.470193341197665,0.192562281745558,2.44177279649685,0.997032510302957,1,"Ror1"
"ENSMUSG00000035311.17",2778.74846028744,0.172718158910844,0.0746532514014983,2.31360531079799,1,1,"Gnptab"
"ENSMUSG00000035314.11",503.246959446241,-0.0508547663883733,0.100148585490313,-0.50779315693173,1,1,"Gdpd5"
"ENSMUSG00000035325.17",5165.8675056831,0.170435886219716,0.0714726933337963,2.38462940557922,1,1,"Sec31a"
"ENSMUSG00000035329.8",682.483143989141,0.0344892164648965,0.0804744548611821,0.428573471226244,1,1,"Fbxo33"
"ENSMUSG00000035337.4",8.63738531021343,0.592889764653215,0.132961306066026,4.45911507787686,0.998900205237963,1,"Uchl4"
"ENSMUSG00000035342.15",1381.86551714467,0.437136447360106,0.0642342180899188,6.8053517324392,1,1,"Lzts2"
"ENSMUSG00000035351.17",527.002161451029,0.282723603210185,0.101791455545004,2.77747873528724,0.999999999999083,1,"Nup37"
"ENSMUSG00000035354.10",1112.14505534221,-0.0882844706074973,0.0893824541910809,-0.987715893532792,1,1,"Uvrag"
"ENSMUSG00000035356.18",677.300316713686,0.977151634811561,0.1473992347311,6.62928567162628,0.561593309372255,1,"Nfkbiz"
"ENSMUSG00000035365.16",768.285954200911,0.389976881214372,0.142959409243339,2.7278853716482,0.999990098797362,1,"Parpbp"
"ENSMUSG00000035367.10",1310.16222106499,-0.161743580704201,0.0388587228657121,-4.16234937167527,1,1,"Rmi1"
"ENSMUSG00000035370.10",98.9463783337293,0.302537162273487,0.117245028994889,2.5803837046829,0.999999998649114,1,"Gm49322"
"ENSMUSG00000035372.3",1436.17035280192,0.278404790542255,0.059601764550708,4.67108302314429,1,1,"1810055G02Rik"
"ENSMUSG00000035373.3",35.3473342425264,0.771934983159683,0.369927739411954,2.08671829905691,0.731222619597763,1,"Ccl7"
"ENSMUSG00000035376.11",1356.25590050864,0.892104942752423,0.124547008961441,7.16279700485311,0.806837130284835,1,"Hacd2"
"ENSMUSG00000035378.18",339.480000823744,0.0239830693352216,0.0575076605995782,0.417041296501592,1,1,"Shq1"
"ENSMUSG00000035382.10",702.727261207595,0.0302407012769022,0.0773970006536642,0.390721875802696,1,1,"Pcsk7"
"ENSMUSG00000035385.6",120.621037441279,0.335836845349633,0.349799692522825,0.96008330632743,0.971264782391851,1,"Ccl2"
"ENSMUSG00000035390.17",1691.24588703597,-0.163846106989703,0.0893367245466606,-1.83402859038251,1,1,"Brsk1"
"ENSMUSG00000035392.18",1488.11622254224,-0.136079694493463,0.0553198536166528,-2.4598708347359,1,1,"Dennd1a"
"ENSMUSG00000035394.12",10.6418722267901,-0.430660920887763,0.252224268714278,-1.70745235215894,0.988004502218507,1,"Cfap53"
"ENSMUSG00000035397.9",879.512687758473,0.317816843426273,0.0728128856166375,4.3648434028503,1,1,"Klf16"
"ENSMUSG00000035399.13",1208.23834269858,-0.239571061071598,0.054118038242013,-4.42682456448715,1,1,"Oser1"
"ENSMUSG00000035401.10",2940.05625563714,-0.0226872321564983,0.0621830720535454,-0.364845791744778,1,1,"Emsy"
"ENSMUSG00000035403.11",16.918454892833,0.0153187865113615,0.265478787160738,0.0577024879282972,0.999961515555882,1,"Crb2"
"ENSMUSG00000035407.9",329.353414250387,0.843181639775992,0.23378670576882,3.60662783199389,0.748818174680504,1,"Kank4"
"ENSMUSG00000035435.18",10.5387754122937,0.839334293255018,0.22270778321257,3.76876946619279,0.764674231078054,1,"Abca17"
"ENSMUSG00000035437.16",4456.87820887721,-0.0722225753456906,0.0492433754193627,-1.46664550775884,1,1,"Rabgap1"
"ENSMUSG00000035439.14",673.171075195988,0.0854266720123364,0.111548116207399,0.765828011416204,1,1,"Haus8"
"ENSMUSG00000035441.15",46.3361126396705,-1.020926279329,0.205645730986545,-4.96449050720046,0.45947403245504,1,"Myo1d"
"ENSMUSG00000035443.11",1792.8698706383,-0.123537115450937,0.0749146982783603,-1.64903708204111,1,1,"Thyn1"
"ENSMUSG00000035451.8",147.473728165703,-0.877658069675056,0.138468332809206,-6.33833059060784,0.811526967829954,1,"Foxa1"
"ENSMUSG00000035455.13",2197.02307378255,-0.269583238228189,0.114079395795689,-2.36311944280456,0.999999999923676,1,"Fignl1"
"ENSMUSG00000035459.19",69.8315568776445,0.216775095524943,0.20754707173843,1.04446231743584,0.999919587219835,1,"Stab2"
"ENSMUSG00000035469.18",1692.6392671348,0.482781641352912,0.0513945792301367,9.39362961200817,1,1,"Rcbtb1"
"ENSMUSG00000035473.11",96.7965136754455,-1.35600199129874,0.297356807112103,-4.56018479774547,0.115610097183247,1,"Galm"
"ENSMUSG00000035476.10",952.924751137044,-0.0766537621476821,0.0806971619406936,-0.949894151222033,1,1,"Tab3"
"ENSMUSG00000035478.15",3286.45468838699,0.12910534419585,0.0567023171137146,2.27689714931638,1,1,"Mbd3"
"ENSMUSG00000035493.11",201.081550525849,-0.328516066544167,0.249868860766277,-1.31475392946804,0.996398931074316,1,"Tgfbi"
"ENSMUSG00000035495.16",1366.46276473852,-0.127933199873519,0.0575818721832458,-2.22176172852439,1,1,"Tstd2"
"ENSMUSG00000035504.17",210.822239150912,0.50743611567559,0.121627058198718,4.17206601220697,0.99997436804879,1,"Reep6"
"ENSMUSG00000035505.15",301.49125205511,0.0214777318173291,0.0864513487995847,0.248437209084149,1,1,"Cox18"
"ENSMUSG00000035506.17",14.9684426596977,-0.652930054140327,0.183006884500242,-3.56778957208827,0.971052077741554,1,"Slc12a8"
"ENSMUSG00000035513.21",190.737625881377,-0.394040761036086,0.145711588919137,-2.7042513499373,0.9999839912524,1,"Ntng2"
"ENSMUSG00000035517.18",2257.20124989636,-0.352975438004301,0.137222877036655,-2.5722783666022,0.999998792254719,1,"Tdrd7"
"ENSMUSG00000035521.14",966.796141839756,-0.334319641592818,0.0513614288798415,-6.50915772563394,1,1,"Gnptg"
"ENSMUSG00000035529.11",1328.05481838029,0.0127479383843863,0.0548210638531423,0.232537230917959,1,1,"Prdm4"
"ENSMUSG00000035530.14",17404.5016126002,0.351642029196789,0.0701381557423127,5.01356252492182,1,1,"Eif1"
"ENSMUSG00000035545.14",2800.57633149968,0.034704773430525,0.0564123020555226,0.615198674153867,1,1,"Leng8"
"ENSMUSG00000035547.15",837.175897846648,-0.167896772654962,0.0915742921189671,-1.83344876351151,1,1,"Capn5"
"ENSMUSG00000035559.10",533.179332653814,0.515606797517792,0.0771035678571659,6.68719764658559,0.999999999833276,1,"Mpv17l2"
"ENSMUSG00000035569.18",7461.9108396972,0.223080387713035,0.0470862408596744,4.73769796951629,1,1,"Ankrd11"
"ENSMUSG00000035572.17",1374.58265618638,0.157072278196226,0.079592312878147,1.97346040737248,1,1,"Dcaf10"
"ENSMUSG00000035575.12",3020.19162212349,-0.433672877651899,0.059706058713915,-7.26346516573581,1,1,"Utp6"
"ENSMUSG00000035578.17",79.7949306236134,0.199985347063294,0.154097418901931,1.29778518347907,0.999999895761786,1,"Iqcg"
"ENSMUSG00000035585.17",2432.14212932223,0.0491303117378406,0.0407073029312028,1.20691640566001,1,1,"Tsen34"
"ENSMUSG00000035595.7",70.3660848034757,-0.211475023617903,0.146797619806697,-1.44058891347403,0.999999960960119,1,"Fam174c"
"ENSMUSG00000035596.15",2030.88729252655,0.315383953602461,0.0464693040417074,6.78693085911929,1,1,"Mboat7"
"ENSMUSG00000035597.20",2218.73133845867,0.149669604290508,0.0743731935288753,2.01241330631311,1,1,"Prpf39"
"ENSMUSG00000035601.10",292.680571158348,-0.101976004023449,0.061829080224514,-1.64932105820034,1,1,"Trmt10b"
"ENSMUSG00000035606.9",10.8830308961711,-0.315894534444543,0.266122863713795,-1.18702515836548,0.99492480819258,1,"Ky"
"ENSMUSG00000035614.12",1226.99901464321,0.247466615543134,0.0644925859375882,3.83713277961309,1,1,"Togaram1"
"ENSMUSG00000035620.16",1536.84216142327,-0.152089096680279,0.0634349972508064,-2.3975581819442,1,1,"Ric8b"
"ENSMUSG00000035621.14",8938.53845355246,-0.309357229790678,0.0661758387476613,-4.67477610628111,1,1,"Midn"
"ENSMUSG00000035623.15",3683.90497061955,0.0605658566647304,0.063677414462988,0.951135613396079,1,1,"Rsf1"
"ENSMUSG00000035629.20",2575.76506354806,-0.367999060613581,0.0717659552684035,-5.1277664909116,1,1,"Rubcn"
"ENSMUSG00000035632.17",2085.27733868109,0.0217508131930607,0.0507073097810131,0.428948277615096,1,1,"Cnot3"
"ENSMUSG00000035637.15",940.054702899805,0.380387133391305,0.0855775540075683,4.4449404730318,0.999999999999776,1,"Grhpr"
"ENSMUSG00000035638.15",19.2195307677612,0.769972447785846,0.289892407048582,2.6560628325005,0.786254633758801,1,"Muc20"
"ENSMUSG00000035640.20",1126.19492483096,-0.00401285426978927,0.108800544268436,-0.036882667240052,1,1,"Cbarp"
"ENSMUSG00000035642.17",769.504154450387,0.220558413839031,0.0753249332408514,2.92809305431172,1,1,"Aamdc"
"ENSMUSG00000035649.18",1060.47471023217,0.449902731520718,0.0906967465178573,4.96051676376436,0.999999999341204,1,"Zcchc7"
"ENSMUSG00000035666.15",2916.35499462604,-0.24971581403314,0.0799744903836921,-3.12244332955525,1,1,"Gtf3c4"
"ENSMUSG00000035671.7",697.625224127652,0.180908688333447,0.0509548906104485,3.55036947712239,1,1,"Zswim4"
"ENSMUSG00000035673.11",1498.0083120936,0.769845570673136,0.103249260271074,7.45618485451573,0.987096858287154,1,"Sbno2"
"ENSMUSG00000035674.14",1316.48867941721,0.0959739204734288,0.084269529309728,1.13889232869312,1,1,"Ndufa3"
"ENSMUSG00000035678.9",166.683765074023,0.664937671790592,0.195749468012925,3.39688111819895,0.956523056710135,1,"Tnfsf9"
"ENSMUSG00000035683.14",1571.05456409826,-0.218373813023206,0.130687716204556,-1.67095898042476,0.999999998890252,1,"Melk"
"ENSMUSG00000035686.9",613.243204292735,0.726392395390765,0.198466066408922,3.66003321642953,0.915992717941243,1,"Thrsp"
"ENSMUSG00000035694.16",20.7697212354016,-0.479624767731898,0.288006140882498,-1.66532826787043,0.964604958312002,1,"Caps2"
"ENSMUSG00000035696.16",2987.3232464814,-0.378023683183684,0.0729627456730684,-5.18105068136461,1,1,"Rnf38"
"ENSMUSG00000035704.18",986.968396388395,0.14229537676844,0.0808979907398768,1.75894821944321,1,1,"Alg8"
"ENSMUSG00000035711.6",22.5495486019373,-0.00259894212203986,0.181502873372923,-0.0143190136538498,0.999999997070844,1,"Dok3"
"ENSMUSG00000035713.16",356.583637808794,0.495437323387039,0.100627443514227,4.92348117059131,0.999999733679657,1,"Usp35"
"ENSMUSG00000035722.16",688.883062019988,-0.331402967164068,0.0890363001553244,-3.72211071872858,0.99999999999997,1,"Abca7"
"ENSMUSG00000035725.14",1819.63682781868,-0.139396767557397,0.0521618755368474,-2.67238794853008,1,1,"Prkx"
"ENSMUSG00000035726.9",8742.29318398523,0.38478305091826,0.0605696990544251,6.35273176068634,1,1,"Supt16"
"ENSMUSG00000035735.11",698.793611522104,0.0371828708957876,0.101369367896842,0.366805788249826,1,1,"Dagla"
"ENSMUSG00000035754.9",1253.05473362184,0.313314058354786,0.0888640987166143,3.52576645551695,0.999999999999995,1,"Wdr18"
"ENSMUSG00000035757.18",526.663130081,-0.145832808418368,0.0440798362585191,-3.30837908659843,1,1,"Selenoo"
"ENSMUSG00000035759.5",292.174194850138,-0.113943189711342,0.0828553336325634,-1.3752064558287,1,1,"Bbs10"
"ENSMUSG00000035762.12",1433.22174108257,0.282201773238868,0.138917060848144,2.03144071373174,0.999999881122422,1,"Tmem161b"
"ENSMUSG00000035764.6",1767.56184574494,-0.439299163757937,0.0460615047697782,-9.53722997009358,1,1,"Fbxo45"
"ENSMUSG00000035765.11",1128.64723655807,0.235265745316065,0.034380667011747,6.84296628787571,1,1,"Dym"
"ENSMUSG00000035769.10",370.84031856541,0.102479763475784,0.078426016031089,1.30670622660674,1,1,"Xylb"
"ENSMUSG00000035770.9",6094.68612052972,0.00825258874029819,0.133101040393938,0.0620024360130698,0.999999999999972,1,"Dync1li2"
"ENSMUSG00000035772.12",1764.78762435629,-0.130872766152571,0.0349268159949866,-3.74705687948641,1,1,"Mrps2"
"ENSMUSG00000035773.7",28.1741193728945,-0.197201062509302,0.139667335673517,-1.41193401849001,0.999999995483035,1,"Kiss1r"
"ENSMUSG00000035776.15",1938.67932704049,0.0821135226464063,0.0532795284109165,1.54118336057911,1,1,"Cd99l2"
"ENSMUSG00000035778.18",88.924557576251,0.906026559580587,0.229620394016703,3.94575823049359,0.658823965566036,1,"Ggta1"
"ENSMUSG00000035781.16",2556.81176229068,-0.137177224023503,0.0607204377164059,-2.25916065796804,1,1,"R3hdm4"
"ENSMUSG00000035790.16",414.684259704024,-0.40677538713583,0.0734229156353921,-5.54016935469874,1,1,"Cep19"
"ENSMUSG00000035798.15",3135.02917375504,0.455266164917789,0.0691055362521129,6.58798396783831,0.999999999999998,1,"Zdhhc17"
"ENSMUSG00000035805.14",3282.08387936134,1.14417842460616,0.26449602262473,4.32588139984823,0.292840235749547,1,"Mlc1"
"ENSMUSG00000035824.8",665.250496568177,-0.0556969280833331,0.0615647113741197,-0.904689177292997,1,1,"Tk2"
"ENSMUSG00000035828.12",916.323310382138,0.308211237326495,0.120898630016509,2.54933606182641,0.999999994737878,1,"Pim3"
"ENSMUSG00000035829.14",784.984256963289,-0.636638812850826,0.0677973098742793,-9.39032557532717,0.999999958278829,1,"Ppp1r26"
"ENSMUSG00000035834.12",691.613709653457,0.578077169551526,0.0763360713223161,7.57279172922972,0.999999983728591,1,"Polr3g"
"ENSMUSG00000035840.8",852.417924383339,0.0841478340823688,0.119233524549642,0.705739718759504,0.999999999999992,1,"Lysmd3"
"ENSMUSG00000035842.11",734.293437988257,-0.121470840568336,0.10167992168685,-1.19463939933429,1,1,"Ddx11"
"ENSMUSG00000035845.18",363.449182895005,-0.0472717494678575,0.0616014294100042,-0.767380723476856,1,1,"Alg12"
"ENSMUSG00000035847.16",4554.5446015223,-0.63579310949446,0.0910062498242774,-6.98625765507427,0.999968595173704,1,"Ids"
"ENSMUSG00000035849.15",51.2274938685797,0.274333580419916,0.242269047490297,1.13235092663211,0.998629158658072,1,"Krt222"
"ENSMUSG00000035851.15",3817.39820442685,-0.0439274007457554,0.0418280032879738,-1.05019119472015,1,1,"Ythdc1"
"ENSMUSG00000035863.15",2301.89299425603,-0.200699278303783,0.0756260901186015,-2.65383649993056,1,1,"Palm"
"ENSMUSG00000035868.10",269.293188318407,-0.95518735380782,0.0866544914390448,-11.0229410841298,0.697471357611861,1,"Zfp983"
"ENSMUSG00000035873.9",156.975688584839,-0.247591399633348,0.140964190394459,-1.7564134475608,0.99999995290409,1,"Pawr"
"ENSMUSG00000035875.16",15.1663207739185,-0.347938409144351,0.156236322096825,-2.22700076700936,0.999985006137002,1,"AI182371"
"ENSMUSG00000035877.18",3217.10199081823,-0.584089344765761,0.107150644131006,-5.45110437275239,0.999948103741457,1,"Zhx3"
"ENSMUSG00000035878.14",88.5491945003729,0.264869582524956,0.0920862627935882,2.87632025113954,0.999999999999999,1,"Hykk"
"ENSMUSG00000035885.6",7113.81357193569,0.540727394210319,0.077115363355575,7.01192824206835,0.99999999870485,1,"Cox8a"
"ENSMUSG00000035890.10",1858.55997110553,0.22366118642568,0.062405480502281,3.58399910753839,1,1,"Rnf126"
"ENSMUSG00000035891.17",3602.51490435896,0.617107167214053,0.125196475242033,4.92910975345786,0.998887149044855,1,"Cerk"
"ENSMUSG00000035898.14",1114.35734157542,-0.251923190509729,0.0731128959793427,-3.44567380535586,1,1,"Uba6"
"ENSMUSG00000035900.19",1214.03477861162,0.100284403314567,0.0599808267522331,1.67194099755941,1,1,"Gramd4"
"ENSMUSG00000035901.15",12265.9839779591,-0.14221622522799,0.0567077743257099,-2.50787880355079,1,1,"Dennd5a"
"ENSMUSG00000035914.12",2145.12051125076,0.165518667172271,0.0719003382812862,2.30205686271926,1,1,"Cd276"
"ENSMUSG00000035919.17",430.971935098298,-0.763454121892907,0.0937241674080795,-8.1457551771977,0.994196152025427,1,"Bbs9"
"ENSMUSG00000035929.12",1926.17207911199,-0.35402760630542,0.18220221676136,-1.94304774441416,0.999803961164075,1,"H2-Q4"
"ENSMUSG00000035933.6",1580.01370285129,0.008045591115973,0.0460317461435509,0.174783530715578,1,1,"Cog5"
"ENSMUSG00000035934.17",793.555411768755,-0.512353475969858,0.0954520332678915,-5.36765387209625,0.999999837904917,1,"Pknox2"
"ENSMUSG00000035936.7",2145.08066488691,-0.423993524928452,0.0688876746004423,-6.15485320687149,1,1,"Aldh5a1"
"ENSMUSG00000035941.16",2408.5356592695,-0.0189213102181262,0.065479847756445,-0.288963870052124,1,1,"Ibtk"
"ENSMUSG00000035949.16",1976.24328812174,-0.0260386957809117,0.0478672345971337,-0.543977440937667,1,1,"Fbxw2"
"ENSMUSG00000035953.15",1334.03752365504,0.740253212226647,0.0771539768146358,9.59449198587809,0.999619498820601,1,"Pip4p1"
"ENSMUSG00000035954.11",1330.30702613438,-0.0670927706862702,0.0798713142440254,-0.840010851471484,1,1,"Dock4"
"ENSMUSG00000035958.4",1323.38168864059,0.130486240659409,0.051556239632282,2.53094953375353,1,1,"Tdp2"
"ENSMUSG00000035960.15",2407.18800978027,0.572327780796474,0.0559256842562606,10.2337197730827,0.99999999999999,1,"Apex1"
"ENSMUSG00000035963.9",31.5006897480338,-1.02247545458043,0.320303107032982,-3.19221210200484,0.472029442558052,1,"Cimap1d"
"ENSMUSG00000035967.16",1056.33100776036,-0.0348945356261078,0.0773987875943929,-0.450840855660066,1,1,"Ints6l"
"ENSMUSG00000035969.16",2170.25343737506,0.130830877912344,0.154311827548588,0.847834414190638,0.999999991121912,1,"Rusc2"
"ENSMUSG00000035983.6",38.1825526108759,-0.187113380526771,0.110882234100424,-1.68749648710457,0.999999999999886,1,"Gm7008"
"ENSMUSG00000035992.16",2486.33438364453,0.302100062445607,0.0806551313119411,3.7455777150397,1,1,"Fnip1"
"ENSMUSG00000036002.13",925.970043700187,-0.00968960070897261,0.0709175646475455,-0.136631887419275,1,1,"Atosb"
"ENSMUSG00000036006.21",87.7614779299108,-0.385486151237376,0.225752736429031,-1.70755915226108,0.996756241221583,1,"Ripor2"
"ENSMUSG00000036009.17",252.530658216253,-0.0404166378442392,0.0822852657254111,-0.491177095776915,1,1,"Mettl25"
"ENSMUSG00000036019.9",2839.90946626292,0.802141918360024,0.0984116919569709,8.1508802705145,0.977811590500486,1,"Tmtc2"
"ENSMUSG00000036022.16",1082.39054115566,-0.367725804410399,0.101446815875492,-3.62481366454831,0.999999999770575,1,"Pabir2"
"ENSMUSG00000036023.7",1381.22895507823,0.778811733784171,0.0571326184980285,13.6316478092291,0.999945913583161,1,"Parp2"
"ENSMUSG00000036026.16",4430.7021753034,-0.00425302326493307,0.0474148716177978,-0.089698086693472,1,1,"Tmem63b"
"ENSMUSG00000036030.10",188.880372163589,0.138417501001423,0.112151448326142,1.23420163597798,0.999999999999992,1,"Prtg"
"ENSMUSG00000036040.15",37.410142610498,0.76597734526689,0.257880589474521,2.9702791777687,0.817924696128236,1,"Adamtsl2"
"ENSMUSG00000036046.15",4091.77696363013,-0.0786526175513164,0.0929454629774996,-0.846223312377892,1,1,"5031439G07Rik"
"ENSMUSG00000036052.15",1633.32819770022,-0.074503375726051,0.101612463773026,-0.733210995576992,1,1,"Dnajb5"
"ENSMUSG00000036053.19",6203.05182271326,0.383814824086009,0.083792641632605,4.58053137611861,0.999999999999904,1,"Fmnl2"
"ENSMUSG00000036054.16",1686.70532555783,-0.0196393185072877,0.0604645610902091,-0.324807096143263,1,1,"Sugp2"
"ENSMUSG00000036057.12",3186.19921233599,0.233324839499966,0.0475674576275227,4.90513580370466,1,1,"Ptpn23"
"ENSMUSG00000036061.11",591.018353952062,-0.394595651090995,0.053058300984938,-7.4370201036594,1,1,"Smug1"
"ENSMUSG00000036067.13",179.018308054589,-0.482208595514053,0.16613146231781,-2.90257238927799,0.999085738996953,1,"Slc2a6"
"ENSMUSG00000036073.19",275.184384593026,0.546070510972481,0.0999300056919686,5.46452996966424,0.999997220112024,1,"Galt"
"ENSMUSG00000036078.17",1381.0890327328,0.204306995261936,0.0482868945163131,4.23110654160858,1,1,"Sigmar1"
"ENSMUSG00000036086.17",706.837046245842,-0.504506106850275,0.0580925035370403,-8.68453029449139,1,1,"Zranb3"
"ENSMUSG00000036087.19",2153.60153738574,-0.0438484118067708,0.0741631460983082,-0.59124260651843,1,1,"Slain2"
"ENSMUSG00000036091.9",19.3518921193261,0.290881870516747,0.147432827922033,1.97297898043829,0.99999924448319,1,"Hyal3"
"ENSMUSG00000036093.8",4841.61855984841,-0.0907463126533571,0.0719156579584716,-1.2618435988691,1,1,"Arl5a"
"ENSMUSG00000036095.12",651.978613855902,-0.353853096482336,0.182197635923746,-1.94213879169339,0.999804738446191,1,"Dgkb"
"ENSMUSG00000036097.10",2894.72810717585,0.0601643503692289,0.0646969908697968,0.929940474207063,1,1,"Slf2"
"ENSMUSG00000036098.16",811.667740028249,0.00725947315197845,0.208176866159983,0.034871661226755,0.999999727254539,1,"Myrf"
"ENSMUSG00000036099.17",1963.87519173518,0.34606526402599,0.0632209042101545,5.4739056384835,1,1,"Vezt"
"ENSMUSG00000036103.10",87.5186959376837,-0.442420104442109,0.369857941314953,-1.19618927977909,0.934213433877197,1,"Colec12"
"ENSMUSG00000036104.13",1989.49169158353,-0.25200336409752,0.0495909648581166,-5.08163865773776,1,1,"Rab3gap1"
"ENSMUSG00000036106.16",426.616621034983,0.120387692606713,0.133507868495463,0.901727321118939,0.999999999977781,1,"Prr5"
"ENSMUSG00000036111.9",944.396187284298,-0.450829885796245,0.0993472763362399,-4.53791892865202,0.999999983784792,1,"Lmo1"
"ENSMUSG00000036112.16",11693.033872567,0.388067518043798,0.0639533462705005,6.06797831035153,1,1,"Metap2"
"ENSMUSG00000036114.4",433.22872364619,0.0319822346329618,0.0716404574486078,0.446427001892118,1,1,"Rpp25l"
"ENSMUSG00000036120.11",752.695764803782,0.549121494801928,0.0810882005080418,6.7719038203033,0.999999986538034,1,"Rfxank"
"ENSMUSG00000036131.13",597.813534205697,0.0572676415970919,0.162698716989842,0.351985821748474,0.999999996611178,1,"Frmd7"
"ENSMUSG00000036138.17",1708.84929462325,0.197847799813513,0.0574287743388928,3.44509876958185,1,1,"Acaa1a"
"ENSMUSG00000036151.16",15.2633824796074,0.149779087249029,0.157760209335972,0.949409790209226,0.999999964638594,1,"Tm6sf2"
"ENSMUSG00000036155.14",3724.41382533529,-0.161452497482584,0.0937387366597567,-1.72236690226163,1,1,"Mgat5"
"ENSMUSG00000036158.13",612.790067401077,-0.138967281571488,0.0894161925473149,-1.55416236827522,1,1,"Prickle1"
"ENSMUSG00000036160.14",752.717318732064,0.143417532904615,0.0488487445717938,2.93595125446534,1,1,"Surf6"
"ENSMUSG00000036167.17",3068.88185139837,-0.21152144810515,0.0674269975440322,-3.13704385201223,1,1,"Pphln1"
"ENSMUSG00000036169.7",53.0396658015285,-0.674505751087048,0.331711887325087,-2.03340843925202,0.836766942866352,1,"Sostdc1"
"ENSMUSG00000036180.16",3966.42429245749,0.0678544148715056,0.0726153316875049,0.934436479110395,1,1,"Gatad2a"
"ENSMUSG00000036181.3",4287.62737630907,0.0264661106774888,0.126985633481723,0.20841814898138,0.999999999999991,1,"H1f2"
"ENSMUSG00000036185.10",67.5061159834046,0.180307248862027,0.159625730790147,1.12956255842656,0.999999858996761,1,"Sapcd1"
"ENSMUSG00000036186.6",571.944730251111,-0.220460780222846,0.0816095360321057,-2.70140955263017,1,1,"Dipk1b"
"ENSMUSG00000036188.5",1366.88653012411,-0.123154631696339,0.0429587260368859,-2.86681294018342,1,1,"Ankmy2"
"ENSMUSG00000036196.17",14.6588380704436,-0.683389251527366,0.19365187347759,-3.52895760446362,0.948970028370271,1,"Slc26a8"
"ENSMUSG00000036197.17",2633.53096254619,0.204547689419766,0.0955748395791326,2.14018344493697,1,1,"Gxylt1"
"ENSMUSG00000036199.10",2758.29410664288,0.341738900297981,0.0729564909854311,4.68414661508629,1,1,"Ndufa13"
"ENSMUSG00000036202.17",2802.60331826166,0.0260314698777375,0.0826191806464276,0.31507780244324,1,1,"Rif1"
"ENSMUSG00000036208.14",541.537000901954,0.0106089454695043,0.0807830185852235,0.131326430421911,1,1,"Nepro"
"ENSMUSG00000036214.15",190.666237532415,0.194863183322121,0.0845055059133035,2.3059229243836,1,1,"Polr1has"
"ENSMUSG00000036218.17",746.444308462011,-0.344143350945408,0.0895894290863952,-3.84133881033592,0.999999999999877,1,"Pdzrn4"
"ENSMUSG00000036223.17",482.818333548931,-0.363199666967983,0.129202982632095,-2.81107803836227,0.999999586067691,1,"Ska1"
"ENSMUSG00000036225.16",1145.94235129491,0.612186517573198,0.086301949909546,7.09354212986887,0.999996499886082,1,"Kctd1"
"ENSMUSG00000036241.4",4672.98642678667,0.0395735251852157,0.0322447321252296,1.22728652331559,1,1,"Ube2r2"
"ENSMUSG00000036242.16",2685.20180833772,-0.150357948351203,0.128324366372815,-1.17170224643366,0.999999999982167,1,"Armh4"
"ENSMUSG00000036246.15",177.79087984342,-0.390699962231532,0.116224521796109,-3.36159664237579,0.999999920766371,1,"Gmip"
"ENSMUSG00000036249.17",633.010095470514,0.141250524215525,0.0454781780985275,3.10589672060981,1,1,"Rbm43"
"ENSMUSG00000036256.14",132.642865731131,0.774098286709738,0.423225945147152,1.82904260853051,0.703260556203988,1,"Igfbp7"
"ENSMUSG00000036257.16",2731.01027348159,-0.0180729422171071,0.0777861492037569,-0.232341392421496,1,1,"Pnpla8"
"ENSMUSG00000036270.17",2039.54577798333,0.0637671573740005,0.0468380102722965,1.36144035588372,1,1,"Edc4"
"ENSMUSG00000036273.16",969.819687001449,0.340695320586113,0.114734141358001,2.96943278220083,0.999999995440982,1,"Lrrk2"
"ENSMUSG00000036275.14",11078.1497455414,0.353107296274569,0.0502852406116047,7.02208624200319,1,1,"9530068E07Rik"
"ENSMUSG00000036278.8",163.926053027273,0.561501588588376,0.172551225466966,3.25411533339629,0.994477393528154,1,"Macrod1"
"ENSMUSG00000036281.14",1144.14043255603,0.574744902071185,0.0976515231195032,5.88567268293223,0.99999334127568,1,"Snapc4"
"ENSMUSG00000036282.16",2398.53943304309,0.573175725082665,0.0508061201542895,11.2816275547518,1,1,"Naa30"
"ENSMUSG00000036285.11",869.825092989715,-0.0757538124247861,0.0521655035285465,-1.45218213763299,1,1,"Noa1"
"ENSMUSG00000036291.7",1467.83037406734,0.779708705979935,0.0506026595428932,15.4084530936367,0.999993296482499,1,"Ap5m1"
"ENSMUSG00000036292.15",118.336813478862,0.0277393600629634,0.0962889572472806,0.288084541114363,1,1,"Gramd1c"
"ENSMUSG00000036295.6",1234.10871631694,-0.643441615208578,0.146541211278267,-4.39085776346386,0.992516181538704,1,"Lrrn3"
"ENSMUSG00000036298.11",372.237169605839,-0.359003961965712,0.20375575349255,-1.76193288195338,0.999172128269035,1,"Slc2a13"
"ENSMUSG00000036299.6",2117.50201900772,0.0307116817248198,0.0327238410263926,0.938510907079951,1,1,"BC031181"
"ENSMUSG00000036304.15",75.7136488621739,-0.38187933479349,0.205373274623387,-1.85944025820195,0.998692653549232,1,"Zdhhc23"
"ENSMUSG00000036309.15",8724.68864022859,-0.00556152479242347,0.0388516673703174,-0.143147647677857,1,1,"Skp1"
"ENSMUSG00000036315.14",498.769874455783,8.34915330104447e-05,0.0612183523390876,0.00136383175665993,1,1,"Polr1h"
"ENSMUSG00000036323.15",6138.60530662997,0.274199180590041,0.0429328741314798,6.38669518724321,1,1,"Srp72"
"ENSMUSG00000036327.19",2032.45883151042,0.439719165389623,0.0736643628345132,5.96922512419541,0.999999999999986,1,"Qsox2"
"ENSMUSG00000036333.12",9038.5520315338,-0.404911096565042,0.0760842215924383,-5.32187999154459,0.999999999999997,1,"Kidins220"
"ENSMUSG00000036334.13",1683.77594024186,0.00813240392053055,0.106257761713647,0.0765346812258902,1,1,"Igsf10"
"ENSMUSG00000036339.19",1468.47384371013,0.774327420821763,0.0537810962493301,14.3977619428204,0.999986424398008,1,"Tmem260"
"ENSMUSG00000036352.17",1318.71504764741,0.150381412700553,0.0484540097686028,3.10359067120999,1,1,"Ubac1"
"ENSMUSG00000036353.14",134.917116255216,-0.218042046668068,0.266902181546547,-0.816936172663099,0.998306366141603,1,"P2ry12"
"ENSMUSG00000036356.16",1038.04915704729,0.723847957309111,0.139301375503932,5.19627286299608,0.976283154953954,1,"Csgalnact1"
"ENSMUSG00000036362.3",67.0357307523503,-0.0138785219412135,0.400530696106172,-0.0346503328612161,0.998773900011146,1,"P2ry13"
"ENSMUSG00000036368.9",148.213317859115,0.0217427040829923,0.205137715156828,0.10599076852528,0.999999389957636,1,"Rmdn2"
"ENSMUSG00000036371.7",19532.6543219813,0.144669871071041,0.0582957188026078,2.4816551548305,1,1,"Serbp1"
"ENSMUSG00000036372.15",1442.56873872666,0.263437463747285,0.0785193555014792,3.3550640102022,1,1,"Tmem258"
"ENSMUSG00000036376.4",550.478866124309,-0.00145669743186982,0.0548822650351529,-0.0265422250874082,1,1,"Abt1"
"ENSMUSG00000036377.21",4665.3755910551,-0.58782229545752,0.108674457765419,-5.40901981518395,0.99992551326459,1,"Cracd"
"ENSMUSG00000036381.14",28.9250115537326,1.26792720608654,0.351063262045421,3.61167727633802,0.222675695495503,1,"P2ry14"
"ENSMUSG00000036391.17",2130.79880235253,0.217053499835084,0.0589928397645279,3.67931940048082,1,1,"Sec24a"
"ENSMUSG00000036398.14",969.590970311893,0.0744643829704337,0.0776939091904744,0.958432697573202,1,1,"Ppp1r11"
"ENSMUSG00000036402.14",12184.0677094413,0.589264694731321,0.0765400450505625,7.69877642928028,0.999999959811411,1,"Gng12"
"ENSMUSG00000036403.16",631.166265325988,-0.091074417444275,0.081777549330514,-1.11368484614508,1,1,"Cep135"
"ENSMUSG00000036411.11",169.504197075007,-0.434947814122487,0.0958236274759049,-4.53904559428056,0.999999998146839,1,"Matcap2"
"ENSMUSG00000036427.6",41821.3059588166,0.567611235646959,0.113177545519154,5.01522835685546,0.99993339486631,1,"Gpi1"
"ENSMUSG00000036430.9",477.567582261019,0.184592562327591,0.0731362547617702,2.52395426767302,1,1,"Tbcc"
"ENSMUSG00000036432.9",720.417720187182,0.188203159066355,0.0631761400031604,2.9790227617094,1,1,"Siah2"
"ENSMUSG00000036435.14",1813.26325269934,-0.188495953374842,0.0431277558916385,-4.37064135329579,1,1,"Exoc1"
"ENSMUSG00000036438.15",35023.9640490249,0.76188495616358,0.0641779574873992,11.8714428752765,0.99989646486846,1,"Calm2"
"ENSMUSG00000036442.9",971.520206122939,0.117390811606998,0.0444729252162597,2.6396017585117,1,1,"Thap11"
"ENSMUSG00000036450.5",1852.39911580342,-0.0308532757142745,0.0625417866012456,-0.493322583043383,1,1,"Hif1an"
"ENSMUSG00000036452.19",323.551546975905,0.206075111964003,0.142051808684424,1.4507038936886,0.999999988579716,1,"Arhgap26"
"ENSMUSG00000036459.16",564.53728019245,0.420088375666415,0.0819464089661438,5.1263793126063,0.999999999999262,1,"Wtip"
"ENSMUSG00000036461.17",1063.02483982973,0.44979019964464,0.0924575286563424,4.86483043816233,0.999999998667018,1,"Elf1"
"ENSMUSG00000036473.17",1778.64329168781,-0.0949831155391862,0.0771116952816389,-1.23176017843045,1,1,"Tbc1d24"
"ENSMUSG00000036478.9",3882.53575693807,0.0276537000577973,0.100313583935969,0.275672535789858,1,1,"Btg1"
"ENSMUSG00000036499.10",3116.10991763306,0.127420583517963,0.0593964521043971,2.14525580238369,1,1,"Eea1"
"ENSMUSG00000036501.8",1344.12229432083,0.158805884118041,0.0938839995061459,1.69151170543863,1,1,"Fam13b"
"ENSMUSG00000036502.15",434.804054323172,-0.976148434761248,0.161897101968246,-6.02943735801215,0.558562431750184,1,"Tmem255a"
"ENSMUSG00000036503.14",4076.89812257914,0.284855333647184,0.0764052714221327,3.7282157152925,1,1,"Rnf13"
"ENSMUSG00000036504.7",1269.21198577987,0.163745981279545,0.0550763675906346,2.97307154488868,1,1,"Phpt1"
"ENSMUSG00000036513.16",669.578607059398,-0.046340185457813,0.0411213901714833,-1.12691193718321,1,1,"Commd2"
"ENSMUSG00000036523.17",49.2537222488711,1.12599199279458,0.306487166827298,3.6738634261612,0.340505444186762,1,"Greb1"
"ENSMUSG00000036528.17",213.17958490542,-0.104732526906099,0.162721663984554,-0.64362989132191,0.999999981212532,1,"Ppfibp2"
"ENSMUSG00000036529.18",3808.67080275533,-0.251565249993072,0.0648606994875067,-3.87854666972144,1,1,"Sbf1"
"ENSMUSG00000036533.10",1072.00257850697,0.147014095857329,0.125738359287925,1.16920641155087,0.999999999994148,1,"Cdc42ep3"
"ENSMUSG00000036534.7",1105.67815238039,0.224636547833954,0.0618079075602772,3.63443055591035,1,1,"Slc38a7"
"ENSMUSG00000036537.7",134.827353614094,-0.466698307232428,0.0993532499493073,-4.697363271665,0.999999960133708,1,"Rnf113a1"
"ENSMUSG00000036545.10",99.2143641041567,-0.684351910954742,0.3802551484741,-1.79971767299123,0.79676232741441,1,"Adamts2"
"ENSMUSG00000036550.17",7765.56637757914,0.131620300632608,0.0847938641257931,1.55223850203769,1,1,"Cnot1"
"ENSMUSG00000036552.20",785.500889979477,-0.0614501834503956,0.0728986894083301,-0.842953199147277,1,1,"Ermard"
"ENSMUSG00000036553.17",46.2019600235685,0.820370485970935,0.180271280240169,4.55075531098456,0.840481796361596,1,"Sh3tc1"
"ENSMUSG00000036555.15",931.548230781733,0.143996322617613,0.0648990413359149,2.218774263125,1,1,"Iqce"
"ENSMUSG00000036560.15",90.6873181002342,-1.06202304837306,0.300223212268767,-3.53744482429395,0.41816511993677,1,"Lgi4"
"ENSMUSG00000036561.10",1715.23420019074,-0.230940387164906,0.0584427748195947,-3.95156437862147,1,1,"Ppp6r2"
"ENSMUSG00000036564.18",1950.17163048805,-0.399636317577616,0.121326112602727,-3.29390193919915,0.99999962576769,1,"Ndrg4"
"ENSMUSG00000036565.8",12508.9865162649,0.483428541056783,0.0748283627168222,6.46049871338563,0.999999999997462,1,"Ttyh3"
"ENSMUSG00000036568.8",1131.78374134739,0.24498163683806,0.0584428371419081,4.19181629124554,1,1,"Bicral"
"ENSMUSG00000036570.15",159.091089414451,0.749751896564683,0.260541211857024,2.87767102647899,0.831596513853298,1,"Fxyd1"
"ENSMUSG00000036572.17",1382.53621175132,-0.498834254825622,0.0824470801409826,-6.050356834622,0.999999999393952,1,"Upf3b"
"ENSMUSG00000036580.16",2532.37319144372,0.225403539901231,0.0750370804324362,3.00389538881627,1,1,"Spart"
"ENSMUSG00000036585.17",6400.83879672707,0.897846333994442,0.139302402948057,6.44530399327877,0.768319296713938,1,"Fgf1"
"ENSMUSG00000036591.17",6041.57369347478,0.104545211585627,0.106899269812985,0.977978724911068,1,1,"Arhgap21"
"ENSMUSG00000036596.7",12.4313627685802,0.302623132245308,0.242115142907011,1.24991410537893,0.998013881017158,1,"Cpz"
"ENSMUSG00000036599.11",459.987001517231,0.210018373289678,0.0937160156678158,2.24100834625861,1,1,"Chst12"
"ENSMUSG00000036606.18",15136.0858969935,0.43349567053761,0.0962725483684844,4.50279625795714,0.999999998002264,1,"Plxnb2"
"ENSMUSG00000036611.6",375.112512849375,-0.486229307312541,0.111913944533103,-4.344671339582,0.999997791885157,1,"Eepd1"
"ENSMUSG00000036613.9",406.189104198563,-0.2641095543848,0.0603347961659783,-4.37740029249866,1,1,"Eipr1"
"ENSMUSG00000036615.8",787.723518069703,0.138900418640257,0.0639106733353763,2.17335245259217,1,1,"Rfxap"
"ENSMUSG00000036620.15",2799.12129007677,0.653683345984205,0.0643850701829909,10.1527162139662,0.999999962515263,1,"Mgat4b"
"ENSMUSG00000036622.16",1668.27244586816,-0.163230629221182,0.0592640780611545,-2.75429289649532,1,1,"Atp13a2"
"ENSMUSG00000036632.10",1204.49224195377,0.229844992572817,0.0466097731898995,4.93126176856456,1,1,"Alg5"
"ENSMUSG00000036634.16",282.9453188583,0.199435562538295,0.571206368662357,0.349148002332905,0.937344544178411,1,"Mag"
"ENSMUSG00000036636.11",1646.73601203561,0.114811764809194,0.0555318541200714,2.06749381284744,1,1,"Clcn7"
"ENSMUSG00000036639.13",313.195283578492,-0.203461839311573,0.0756827146227653,-2.68835282039912,1,1,"Nudt1"
"ENSMUSG00000036641.10",47.9529247908696,-0.172837944463912,0.162109890175442,-1.06617766674729,0.999999832382363,1,"Ccdc148"
"ENSMUSG00000036644.16",3206.44731464764,0.314437942206714,0.0641402351863314,4.90235093920768,1,1,"Tbc1d9b"
"ENSMUSG00000036646.14",4016.30690250613,0.331129131427193,0.0388927664814172,8.51390017692377,1,1,"Man1b1"
"ENSMUSG00000036655.9",16.4221817108533,-0.0247661081084431,0.153049977275467,-0.161817130255876,0.999999999917445,1,"Colec11"
"ENSMUSG00000036661.15",460.959932117115,0.48645614530482,0.143710784685444,3.38496617612645,0.999823848310742,1,"Dennd3"
"ENSMUSG00000036667.15",6435.53076260884,-0.310876040311585,0.0545618503049807,-5.69768141245032,1,1,"Tcaf1"
"ENSMUSG00000036672.6",960.420972806213,-0.0894397974118637,0.0549794263006325,-1.62678666239256,1,1,"Cenpt"
"ENSMUSG00000036676.15",2992.70244119518,0.219568524074712,0.082253314071585,2.66941857058333,1,1,"Tmtc3"
"ENSMUSG00000036678.9",1826.89882307065,0.125848699918001,0.0923484479436332,1.36275923115476,1,1,"Aaas"
"ENSMUSG00000036686.17",746.417708078453,-0.130714191710326,0.0456652278030422,-2.86244475280201,1,1,"Cc2d1a"
"ENSMUSG00000036693.13",1703.22880098443,0.23242535815049,0.0416725824028894,5.5774167269839,1,1,"Nop14"
"ENSMUSG00000036698.12",8429.80417987438,0.212933148953397,0.115489134276252,1.84375049902146,0.999999999995289,1,"Ago2"
"ENSMUSG00000036707.17",6559.43160720133,-0.458560810481186,0.0518261660318254,-8.84805582955129,1,1,"Cab39"
"ENSMUSG00000036712.17",1577.37185930459,-0.635820725083088,0.0765206752096933,-8.30913636531196,0.999999028321823,1,"Cyld"
"ENSMUSG00000036718.18",327.17033217298,0.393825230404693,0.132266660049695,2.97750945141221,0.999997707963463,1,"Micall2"
"ENSMUSG00000036721.15",487.876579640586,-0.175878600421615,0.0390932140005361,-4.49895473979713,1,1,"Zscan12"
"ENSMUSG00000036733.17",1684.59380637756,-0.0416635130031389,0.0468990570153724,-0.888365686957898,1,1,"Rbm42"
"ENSMUSG00000036737.13",2126.36901630741,0.0559577039305974,0.0495307596704164,1.12975662604302,1,1,"Oxsr1"
"ENSMUSG00000036745.16",1456.10614379298,-0.110617704808892,0.111173864959805,-0.994997384042426,0.999999999999999,1,"Ttll7"
"ENSMUSG00000036748.17",2669.23687510949,0.159857279512711,0.0508076729177965,3.14632161507081,1,1,"Cuedc2"
"ENSMUSG00000036751.8",5350.15332901906,0.307350492613622,0.0811695730497769,3.78652346027668,1,1,"Cox6b1"
"ENSMUSG00000036752.5",10263.5848532219,0.0817228266040648,0.0791839377156082,1.03206318050985,1,1,"Tubb4b"
"ENSMUSG00000036764.13",152.700845715729,-0.435975140595538,0.130943032022109,-3.32950240927616,0.999991741003666,1,"Dnajc12"
"ENSMUSG00000036768.7",2541.64813687935,0.134827454685637,0.139104549496835,0.969252660486885,0.999999999750764,1,"Kif15"
"ENSMUSG00000036769.15",539.179055666893,-0.00100732582960102,0.0745502463091648,-0.0135120389196781,1,1,"Wdr44"
"ENSMUSG00000036775.14",921.903639786381,0.171372626192714,0.0590262079190618,2.9033311173861,1,1,"Decr2"
"ENSMUSG00000036777.9",4815.10984668893,0.410796583042198,0.112465269878977,3.6526528010314,0.999999919267189,1,"Anln"
"ENSMUSG00000036779.14",1694.39959032243,0.175668355826262,0.0484516780359401,3.62564028630662,1,1,"Tent4b"
"ENSMUSG00000036781.14",3820.54910472703,0.171461850358506,0.0810391869608726,2.11578937041028,1,1,"Rps27l"
"ENSMUSG00000036782.14",6954.38648210607,-0.556607700695338,0.0938382512582812,-5.93156514781298,0.99999884981909,1,"Klhl13"
"ENSMUSG00000036792.13",1355.99347613296,0.0488080203710586,0.0798035925865778,0.611601793717588,1,1,"Mbd5"
"ENSMUSG00000036810.17",1562.48183436011,0.110580599960508,0.0419106724943383,2.63848307314673,1,1,"Cnep1r1"
"ENSMUSG00000036817.15",3019.65218869112,0.351320169543347,0.0585268913718537,6.00271364681264,1,1,"Sun1"
"ENSMUSG00000036819.15",527.46133806395,-0.449727184690411,0.0669092224527631,-6.72145286111958,1,1,"Jmjd4"
"ENSMUSG00000036820.13",574.588585708808,0.412887801716755,0.09872097843026,4.18237145014151,0.999999998636058,1,"Amdhd2"
"ENSMUSG00000036822.7",2501.04173414859,-0.0717814590910096,0.0432047738485433,-1.66142425239034,1,1,"Topors"
"ENSMUSG00000036825.13",1558.55877242132,-0.148295536659947,0.0684699940141155,-2.1658470808304,1,1,"Ssx2ip"
"ENSMUSG00000036833.17",589.375126176859,0.677894612297198,0.144846633115625,4.68008539595163,0.986917989890015,1,"Pnpla7"
"ENSMUSG00000036834.18",158.272107570252,-0.710184714778161,0.22641378005079,-3.1366673645873,0.899731817608278,1,"Plch1"
"ENSMUSG00000036835.8",1396.96766184958,0.112832662556974,0.110416726218472,1.02188016635923,1,1,"Psenen"
"ENSMUSG00000036840.6",1075.17144899267,0.15199476127456,0.0482037670328655,3.15317185005332,1,1,"Siah1a"
"ENSMUSG00000036845.13",347.286301070981,-0.0289699601856431,0.088095238881033,-0.328848193768623,1,1,"Lin37"
"ENSMUSG00000036850.5",711.829933153042,-0.0698331587570336,0.0480713394740583,-1.45269841699999,1,1,"Mrpl41"
"ENSMUSG00000036854.15",409.152383681602,0.327495277236037,0.0855598799326428,3.82767340830608,0.999999999999998,1,"Hspb6"
"ENSMUSG00000036856.5",55.209989134396,-0.336148175672908,0.316811713603304,-1.06103455535049,0.981945266579389,1,"Wnt4"
"ENSMUSG00000036860.15",567.940154088965,0.139020565248348,0.0546795375469825,2.54246051603668,1,1,"Mrpl55"
"ENSMUSG00000036863.13",413.143128129883,0.352410503028495,0.0818445265040641,4.3058530372339,0.999999999999999,1,"Syde2"
"ENSMUSG00000036864.17",211.044797382755,-0.0531099814668634,0.120847866760651,-0.439478022165272,0.999999999999998,1,"Proser3"
"ENSMUSG00000036867.8",27.3628799907234,0.462041706505672,0.277955897335754,1.66228423622023,0.97352999772574,1,"Smad6"
"ENSMUSG00000036873.14",783.535202444936,-0.0202860910563567,0.0523671063323672,-0.387382318350828,1,1,"2410004B18Rik"
"ENSMUSG00000036875.16",818.673602549685,-0.379180492381843,0.121135502247537,-3.1302176929683,0.999999851231509,1,"Dna2"
"ENSMUSG00000036879.17",2266.67879076705,0.392283677692517,0.0538076797150789,7.29047748889616,1,1,"Phkb"
"ENSMUSG00000036880.11",1085.81291832523,0.646749996150396,0.142961294855332,4.52395172277131,0.993262239716883,1,"Acaa2"
"ENSMUSG00000036885.15",2441.02450754871,-0.12465702268433,0.114535964293403,-1.08836576749815,0.999999999999989,1,"Arhgef26"
"ENSMUSG00000036890.14",876.26303396556,-0.024007921879814,0.0656162607441087,-0.365883724667586,1,1,"Gtdc1"
"ENSMUSG00000036893.19",2354.60694190868,-0.0800437173798768,0.0617667651575178,-1.29590269420374,1,1,"Ehmt1"
"ENSMUSG00000036894.4",3397.94947734518,0.114991795178271,0.0471397269095026,2.43938186996774,1,1,"Rap2b"
"ENSMUSG00000036898.17",1115.22554398159,-0.299258296980979,0.0486866333725247,-6.14662128496771,1,1,"Zfp157"
"ENSMUSG00000036902.12",7166.65761128947,0.362782885507686,0.106538033326348,3.40519600541532,0.99999999889198,1,"Neto2"
"ENSMUSG00000036904.7",300.416415111961,-0.576981418516257,0.100799581287058,-5.72404578619352,0.999986454221368,1,"Fzd8"
"ENSMUSG00000036905.9",989.883774109135,0.0559259263333594,0.40049455385263,0.139642164407405,0.994982720073068,1,"C1qb"
"ENSMUSG00000036908.18",200.184771689916,0.587851677298897,0.236478016600374,2.4858618392944,0.959321054839613,1,"Unc93b1"
"ENSMUSG00000036912.19",29.9739727644174,0.626235551900427,0.20275108255038,3.08869153260781,0.967369398881821,1,"Piwil4"
"ENSMUSG00000036915.18",34.8927347560651,0.656775791967817,0.398472142288203,1.64823515188871,0.805493569956732,1,"Kirrel2"
"ENSMUSG00000036916.14",1207.04126941598,0.0858401728026583,0.0575602100737558,1.49131097146215,1,1,"Zfp280c"
"ENSMUSG00000036918.17",733.36938478338,0.694562711412985,0.199259809431816,3.48571402027088,0.937344759696549,1,"Ttc7"
"ENSMUSG00000036923.13",43.1517978562684,-0.933667862977243,0.21690218375336,-4.30455722861194,0.620127590026366,1,"Stox1"
"ENSMUSG00000036928.15",1769.70663977747,0.958102349849369,0.143537305876651,6.67493613592494,0.614816089296229,1,"Stag3"
"ENSMUSG00000036931.16",17.0661058943958,0.433676049793606,0.182805477264299,2.3723361919107,0.999025709454721,1,"Nfkbid"
"ENSMUSG00000036932.15",1202.05856078004,-0.0156572034522168,0.045633859154177,-0.343104960711692,1,1,"Aifm1"
"ENSMUSG00000036934.10",841.115643617214,0.329807287912171,0.0734802685526369,4.48837891325774,1,1,"4921524J17Rik"
"ENSMUSG00000036940.16",4556.75617268988,-0.299717859146749,0.0532189049607431,-5.63179305113166,1,1,"Kdm1a"
"ENSMUSG00000036941.3",546.992680137153,0.00900148353208025,0.0626999249394586,0.143564502521683,1,1,"Elac1"
"ENSMUSG00000036943.10",3411.12029339315,-0.136285268657103,0.0638264635691298,-2.13524705954441,1,1,"Rab8b"
"ENSMUSG00000036944.7",74.9010255991078,0.341275548713651,0.164208913239757,2.07830100072195,0.999969833219553,1,"Tmem71"
"ENSMUSG00000036948.18",620.572314728437,-0.103447297108318,0.0877207244628044,-1.17928001326736,1,1,"Trappc14"
"ENSMUSG00000036955.17",2535.15394017275,0.0440349287259163,0.0543394179981094,0.810368059655118,1,1,"Kifbp"
"ENSMUSG00000036957.9",470.887440895497,-0.0328248996649613,0.0662975788085054,-0.495114606821058,1,1,"Lrfn3"
"ENSMUSG00000036959.16",626.039528304639,-0.243716206300025,0.0939158018846749,-2.59505004918447,1,1,"Bcorl1"
"ENSMUSG00000036964.15",20.4485859520678,-0.0857636267145839,0.194934106935859,-0.439962139323334,0.999998646561835,1,"Trim17"
"ENSMUSG00000036966.16",652.730702316469,-0.149384970613327,0.0835254557205653,-1.78849632515738,1,1,"Spryd3"
"ENSMUSG00000036968.16",1210.79136198626,0.116557204758283,0.0564327870497356,2.06541641573645,1,1,"Cnpy4"
"ENSMUSG00000036972.15",141.700460519023,0.464503971010123,0.146899111923694,3.16206112431372,0.999866476572495,1,"Zic4"
"ENSMUSG00000036975.6",527.883444016483,-0.767808015449562,0.0631733811667213,-12.1539800667505,0.999881294893605,1,"Tmem177"
"ENSMUSG00000036977.9",741.601160860856,-0.0615971861716411,0.0474792908727369,-1.29734848687496,1,1,"Anapc10"
"ENSMUSG00000036980.14",1573.49423919197,-0.149004935639903,0.0419186454127613,-3.55462191520485,1,1,"Taf6"
"ENSMUSG00000036983.8",297.137694019441,-0.0750792183289205,0.0736385056591772,-1.01956466466622,1,1,"Tfb1m"
"ENSMUSG00000036985.13",2061.43244177162,0.0682581579581117,0.0502086795331473,1.35948920769861,1,1,"Zdhhc9"
"ENSMUSG00000036986.17",1111.56318148106,-0.060908870602744,0.0728581406912206,-0.835992656755837,1,1,"Pml"
"ENSMUSG00000036989.17",1353.07816673422,0.00365667437938037,0.0628928938040348,0.0581412963883335,1,1,"Trim3"
"ENSMUSG00000036990.14",3117.96335964981,0.0437086586364343,0.0647097634999409,0.675456936826454,1,1,"Otud4"
"ENSMUSG00000036992.11",681.683538898782,-0.258093426850802,0.0734740341946805,-3.51271615448452,1,1,"Nxt1"
"ENSMUSG00000036995.8",524.846814285287,-0.822097650799601,0.137874342789058,-5.96265870915066,0.901530624037881,1,"Asap3"
"ENSMUSG00000037001.11",377.836158657716,-0.150128835148603,0.0592122318452323,-2.53543618387846,1,1,"Zfp39"
"ENSMUSG00000037003.17",1244.79917711789,0.0774395560874132,0.116071827421908,0.667169267577126,0.999999999999999,1,"Tns2"
"ENSMUSG00000037007.18",748.604498540007,-0.292476128039009,0.0661744508652272,-4.4197741607962,1,1,"Zfp113"
"ENSMUSG00000037012.19",12122.5005005685,0.341590081010548,0.0757560796549916,4.50907811711242,1,1,"Hk1"
"ENSMUSG00000037013.18",4168.16506864993,0.16207253470333,0.0368504225498926,4.3981187592597,1,1,"Ss18"
"ENSMUSG00000037016.12",1188.84513690144,-0.356542392341719,0.150565047896857,-2.3680289504239,0.999990383709855,1,"Frem2"
"ENSMUSG00000037017.16",1585.68460090116,-0.438972009024653,0.0486965673344935,-9.01443434419891,1,1,"Zscan21"
"ENSMUSG00000037020.17",685.643920195542,-0.294411378870329,0.104884247672494,-2.80701235317663,0.999999999991358,1,"Wdr62"
"ENSMUSG00000037022.4",356.460963515907,0.0513743949626098,0.0768962854448061,0.668099826479718,1,1,"Mmaa"
"ENSMUSG00000037029.9",2224.87109585642,-0.0599697415362065,0.0466234302853268,-1.28625759986347,1,1,"Zfp146"
"ENSMUSG00000037031.11",1552.98212809862,0.39142782018763,0.118383455550701,3.30644023159123,0.99999986313145,1,"Tspan15"
"ENSMUSG00000037032.18",1801.31957294922,-0.883806251548966,0.106464869430143,-8.30138858272753,0.862447391780254,1,"Apbb1"
"ENSMUSG00000037035.6",1743.75512122625,-0.227783647852689,0.140593573134243,-1.62015690173258,0.999999980190732,1,"Inhbb"
"ENSMUSG00000037049.10",2377.60629502884,-0.135608981466762,0.0620812177786876,-2.18438017679023,1,1,"Smpd1"
"ENSMUSG00000037058.17",4057.84029356255,0.257228452686509,0.0620639018630856,4.14457430108021,1,1,"Paip2"
"ENSMUSG00000037062.14",8889.96150458734,0.0159837993941509,0.0447060475771638,0.35753103350419,1,1,"Sh3glb1"
"ENSMUSG00000037070.11",4288.33185398681,0.0604890894779603,0.0527962612928174,1.14570782090946,1,1,"Rbmxl1"
"ENSMUSG00000037072.17",10096.6259778382,0.0984324608026508,0.0377906744583686,2.60467594753005,1,1,"Selenof"
"ENSMUSG00000037075.8",1851.41364560561,-0.0724989544018698,0.0380184348029414,-1.90694211315245,1,1,"Rnf139"
"ENSMUSG00000037085.9",238.318845328933,-0.250882691508742,0.0413519875772693,-6.06700442245849,1,1,"Trmt12"
"ENSMUSG00000037089.12",2668.96815122488,0.113844975367545,0.0515292005310524,2.20932935489538,1,1,"Slc35b2"
"ENSMUSG00000037096.7",77.6187983149857,0.758230124378879,0.317909833539855,2.38504772229332,0.776521611840982,1,"Gm9762"
"ENSMUSG00000037098.19",1658.60738206083,-0.0490544012377294,0.0442166628783374,-1.10940984788253,1,1,"Rab11fip3"
"ENSMUSG00000037103.9",1057.72125375955,-0.0419015114300653,0.0569085668830831,-0.736295319405085,1,1,"Dcaf15"
"ENSMUSG00000037104.10",2276.60023627347,0.751690636419248,0.0755890594589855,9.94443695687356,0.999490071459845,1,"Socs5"
"ENSMUSG00000037108.14",2806.18539853669,-0.408250158385728,0.081459059280177,-5.0117219863976,0.999999999999813,1,"Zcwpw1"
"ENSMUSG00000037110.21",2044.17227878232,-0.582636291528365,0.0853009940077253,-6.83035758616832,0.999999503031914,1,"Ralgapa2"
"ENSMUSG00000037111.10",5807.41283090093,-0.0155967463055042,0.062449492663898,-0.249749768015661,1,1,"Setd7"
"ENSMUSG00000037112.17",1299.06933103629,-0.185218096855253,0.128492011421975,-1.44147558128719,0.999999999885942,1,"Sik2"
"ENSMUSG00000037119.5",4104.56629226931,0.14892881190835,0.0480553302377831,3.09911119477139,1,1,"Fam91a1"
"ENSMUSG00000037126.17",537.774864801424,0.0427071301516496,0.146668396837255,0.291181543349368,0.999999999967015,1,"Psd"
"ENSMUSG00000037134.18",741.228310549313,0.0907705988604681,0.0349755941871167,2.59525537650204,1,1,"Prmt9"
"ENSMUSG00000037139.16",15.0607110821438,-0.374214218586397,0.268395395808426,-1.39426467231018,0.99013879778696,1,"Myom3"
"ENSMUSG00000037143.18",20.5926740184029,-1.24975309357494,0.293498709860631,-4.25812125091928,0.197398217346154,1,"Cfap61"
"ENSMUSG00000037148.9",916.203037052113,0.356322916838076,0.0675421063164907,5.27556714278954,1,1,"Arhgap10"
"ENSMUSG00000037149.11",7344.17084178738,-0.0409935373115669,0.0864585406790338,-0.47414098121029,1,1,"Ddx1"
"ENSMUSG00000037151.9",658.287722242358,-0.130249908154815,0.0589058081937266,-2.21115560839867,1,1,"Lrrc20"
"ENSMUSG00000037152.12",1412.27359924256,0.224438037270491,0.0802199463028924,2.79778343933394,1,1,"Ndufc1"
"ENSMUSG00000037172.15",1232.0045045098,-0.721160155045017,0.096246907351942,-7.4928137940888,0.998117034298788,1,"Dennd11"
"ENSMUSG00000037174.19",3113.58251559634,0.111145472704649,0.0419489634566738,2.64954038302862,1,1,"Elf2"
"ENSMUSG00000037188.8",21.1778683823338,0.194724791307837,0.192372615736057,1.01222718505324,0.99998580571423,1,"Grhl3"
"ENSMUSG00000037190.13",232.559722641526,-0.419080553835377,0.0838312747383671,-4.99909556598424,0.99999999999789,1,"Cyb561d2"
"ENSMUSG00000037196.7",77.6161844128395,-0.230718332658962,0.188745352188082,-1.22237888236344,0.999977068358535,1,"Pacrg"
"ENSMUSG00000037197.12",3259.38225051431,0.192087342655039,0.0693632650628455,2.76929499326483,1,1,"Rbm17"
"ENSMUSG00000037204.8",412.901757224454,-0.0669718302680693,0.0443689573431777,-1.50942988698307,1,1,"Atg101"
"ENSMUSG00000037210.17",2230.84117464029,-0.140150491459319,0.0521613052896832,-2.68686703066533,1,1,"Fam193a"
"ENSMUSG00000037211.13",4656.8202824788,0.580537252934282,0.139447266824109,4.16313109719488,0.998685300866928,1,"Spry1"
"ENSMUSG00000037214.13",442.320359177111,0.039317866090985,0.0585823960358778,0.671154967217549,1,1,"Thap1"
"ENSMUSG00000037216.6",142.950867051696,0.131174535239966,0.0692139857795789,1.89520273630403,1,1,"Lipt1"
"ENSMUSG00000037221.14",650.540087648521,-0.252213726137198,0.05837655853567,-4.32046239901393,1,1,"Mospd3"
"ENSMUSG00000037224.16",223.528878862575,-0.547512311209656,0.120401939654231,-4.5473711867267,0.999914410424755,1,"Zfyve28"
"ENSMUSG00000037225.14",73.8293820094313,-0.0852347559660693,0.308083996648119,-0.276660770742405,0.998720879647279,1,"Fgf2"
"ENSMUSG00000037234.18",5379.61069270263,-0.0771821859296317,0.0887332736007798,-0.869822365360736,1,1,"Hook3"
"ENSMUSG00000037235.14",3094.20123339671,0.201473777817566,0.0811820553581731,2.48175261058209,1,1,"Mxd4"
"ENSMUSG00000037236.17",15648.1406659052,-0.395705831773338,0.0467410045260808,-8.46592485089917,1,1,"Matr3"
"ENSMUSG00000037239.9",1453.80175003868,0.227991488941347,0.0738970844097089,3.08525689156138,1,1,"Spred3"
"ENSMUSG00000037242.9",19502.7713438297,0.730225376422368,0.0750887597375146,9.724829374929,0.999836392427418,1,"Clic4"
"ENSMUSG00000037243.18",472.794224794141,0.116797720314668,0.078632424887931,1.48536332792905,1,1,"Zfp692"
"ENSMUSG00000037251.6",935.601685790712,-0.160428083218068,0.0608646127881017,-2.63581867803206,1,1,"Pomk"
"ENSMUSG00000037253.9",3354.751227318,-0.0951770146438648,0.0445417386856174,-2.13680510578267,1,1,"Mex3c"
"ENSMUSG00000037257.9",878.456161029166,-0.292083543505142,0.0744984281965142,-3.92066719494639,1,1,"Aagab"
"ENSMUSG00000037259.16",602.899571018455,-0.773025888950096,0.155513324033478,-4.97080165802181,0.927788364854401,1,"Dzank1"
"ENSMUSG00000037260.9",1901.02229407132,0.364830687259605,0.0501479472522605,7.27508716208038,1,1,"Hgsnat"
"ENSMUSG00000037262.8",492.457645798556,-0.125492520175061,0.0584143210749698,-2.14831770472864,1,1,"Kin"
"ENSMUSG00000037266.19",4228.85866598856,0.435461827146835,0.109126582896177,3.9904285059593,0.999999884966361,1,"Rsrp1"
"ENSMUSG00000037270.19",3846.96043142649,0.0895158560014342,0.0490850585385304,1.82368848416809,1,1,"Bltp1"
"ENSMUSG00000037275.15",1875.93903040276,0.0402067355026959,0.0610351473978344,0.65874725001684,1,1,"Gemin5"
"ENSMUSG00000037278.10",2010.63464307355,-0.0680514345988721,0.0911671994583923,-0.746446474205123,1,1,"Tmem97"
"ENSMUSG00000037280.13",54.7758330735269,-0.562470105164039,0.326902368091334,-1.72060578345792,0.909619715036294,1,"Galnt6"
"ENSMUSG00000037286.16",3227.30795144631,0.0152629129675271,0.0725797935307564,0.210291490579389,1,1,"Stag1"
"ENSMUSG00000037287.16",1492.90512548404,0.00879219161932709,0.0410658631171016,0.214099764426129,1,1,"Tbcel"
"ENSMUSG00000037295.8",241.769910735889,1.12846123277222,0.182200816121728,6.19350262415014,0.240388625655967,1,"Ldlrap1"
"ENSMUSG00000037296.8",629.665314904301,0.0001458232854692,0.0524376114077994,0.00278089107330146,1,1,"Lsm1"
"ENSMUSG00000037300.20",2089.23051362661,0.400421450643215,0.0873046687636066,4.58648381940981,0.999999999996737,1,"Ttc13"
"ENSMUSG00000037306.15",1661.81654835716,0.27816123631465,0.0941503450392595,2.95443671713217,0.999999999999991,1,"Man1c1"
"ENSMUSG00000037313.17",2977.31570607848,-0.121366701895691,0.112585353572124,-1.07799725315017,0.999999999999997,1,"Tacc3"
"ENSMUSG00000037315.16",1047.90180400474,0.120275428994179,0.0579616206190438,2.07508740628039,1,1,"Jade3"
"ENSMUSG00000037316.10",1403.25615639022,-0.0304005806660352,0.0817659214268449,-0.371800135503081,1,1,"Bag4"
"ENSMUSG00000037321.18",1882.24081034676,-0.681247250715015,0.123162217008451,-5.53130064773251,0.995174267045718,1,"Tap1"
"ENSMUSG00000037325.11",932.710707578369,-0.317098185243659,0.0644403252354744,-4.92080361303168,1,1,"Bbs7"
"ENSMUSG00000037326.11",726.240778676815,0.14042659243096,0.0619854533970035,2.26547657127807,1,1,"Capn15"
"ENSMUSG00000037331.16",8746.09555183859,0.363843774780533,0.0320017234194246,11.3695056360522,1,1,"Larp1"
"ENSMUSG00000037336.15",25.5604380612907,-0.532838066100681,0.118955147763939,-4.47931910570252,0.999957031660606,1,"Mfsd2b"
"ENSMUSG00000037337.12",102.88563515536,0.217576433338245,0.0972017687491633,2.23839994002288,1,1,"Map4k1"
"ENSMUSG00000037339.18",915.412348062717,-0.0457341516172706,0.0429587109047704,-1.06460716939697,1,1,"Fam53a"
"ENSMUSG00000037341.15",715.749912080452,0.0383858009363319,0.120963961442865,0.317332538373115,0.999999999999999,1,"Slc9a7"
"ENSMUSG00000037343.9",2492.70401321188,-0.331421435332582,0.0620157143740625,-5.34415250517853,1,1,"Taf2"
"ENSMUSG00000037344.15",929.597168788303,-0.173658485036557,0.0663866837309471,-2.61586323155352,1,1,"Slc12a9"
"ENSMUSG00000037348.16",79.8758880751805,-1.02164758841279,0.392523204575615,-2.60276991653874,0.478009678517779,1,"Paqr7"
"ENSMUSG00000037349.10",264.262925241735,0.0447279112826079,0.0999713389646834,0.447407344403068,1,1,"Nudt22"
"ENSMUSG00000037351.10",4611.1429194362,0.166464344268054,0.0540245141991705,3.08127424624967,1,1,"Actr1b"
"ENSMUSG00000037353.10",1271.63249346753,-0.0838487906185085,0.0497555290905737,-1.6852155358628,1,1,"Letmd1"
"ENSMUSG00000037355.15",1073.37586181618,-0.119141028036407,0.0570504039200967,-2.08834679248324,1,1,"Uvssa"
"ENSMUSG00000037361.9",2091.83227857816,-0.141200326856242,0.0555880145898161,-2.54012178521142,1,1,"Sf3b6"
"ENSMUSG00000037363.10",225.897050479196,0.00793649962636533,0.136740000837706,0.0580408042836347,0.999999999999884,1,"Letm2"
"ENSMUSG00000037364.14",3765.3738976681,-0.17000484972911,0.0720291362613359,-2.36022335617491,1,1,"Srrt"
"ENSMUSG00000037366.15",590.990010865345,0.482489299874399,0.0814935487957012,5.92058275783237,0.999999999892571,1,"Pafah2"
"ENSMUSG00000037369.18",1963.46274983267,0.0367077103444949,0.069384185351331,0.529050102103573,1,1,"Kdm6a"
"ENSMUSG00000037370.14",46.4818183398543,-1.337461282178,0.380353947327083,-3.51635967386939,0.187477648840273,1,"Enpp1"
"ENSMUSG00000037373.13",6839.79007553211,0.0131539036513818,0.0493761496754696,0.266401972163429,1,1,"Ctbp1"
"ENSMUSG00000037376.15",1451.85775288027,-0.556701673812651,0.0854936752686284,-6.51161237440602,0.999999892084853,1,"Trmt6"
"ENSMUSG00000037379.8",116.747468675146,1.2302028053558,0.25555385319525,4.8138691315912,0.183847443658908,1,"Spon2"
"ENSMUSG00000037386.17",594.96679997953,-0.442963299007111,0.181436460218186,-2.44142383771391,0.998930234729355,1,"Rims2"
"ENSMUSG00000037395.17",1126.98527040754,-0.429203719013194,0.0735128687264469,-5.83848415180653,0.999999999999996,1,"Rcor3"
"ENSMUSG00000037400.18",2991.05975843576,0.106988301121383,0.0698137422928187,1.53248196712681,1,1,"Atp11b"
"ENSMUSG00000037408.11",687.05749950016,-0.0582460253492681,0.0624372418723867,-0.932873131524854,1,1,"Cnnm4"
"ENSMUSG00000037410.14",1188.30668251077,0.748420807271022,0.169485036575017,4.41585182028597,0.931145144423716,1,"Tbc1d2b"
"ENSMUSG00000037415.8",1304.83692882618,0.361264920405262,0.0548903984024953,6.58156856061076,1,1,"Ranbp10"
"ENSMUSG00000037416.14",2873.75538698664,0.294249291079781,0.0746769985353446,3.9402934886371,1,1,"Dmxl1"
"ENSMUSG00000037419.10",1521.87390642528,-0.233613324331811,0.100492384079732,-2.32468685533879,0.999999999999988,1,"Endod1"
"ENSMUSG00000037426.19",1390.1547011103,-0.309577325591493,0.162070763077523,-1.91013678045937,0.999989779000096,1,"Depdc5"
"ENSMUSG00000037428.15",532.119903635953,-1.23304603593593,0.388215591478993,-3.17618885742938,0.274152978086384,1,"Vgf"
"ENSMUSG00000037434.8",1857.97787302866,-0.548272363240524,0.121699202814684,-4.5051434237856,0.999897119868697,1,"Slc30a1"
"ENSMUSG00000037438.7",9.56107632050727,0.359479731772178,0.153755416696858,2.33799718731811,0.999984489502056,1,"Uqcrh-ps1"
"ENSMUSG00000037443.14",923.351671292272,-0.0592158242741413,0.0497659194251461,-1.18988707449099,1,1,"Cep85"
"ENSMUSG00000037447.17",715.369958327871,0.00733370795920754,0.122635273331967,0.0598009672091288,1,1,"Arid5a"
"ENSMUSG00000037455.18",932.063052317448,0.0896178344765489,0.106640016480116,0.84037716266913,1,1,"Slc18b1"
"ENSMUSG00000037458.16",6966.37370356856,-0.147936024742688,0.10880595421601,-1.35963170222278,0.999999999999998,1,"Azin1"
"ENSMUSG00000037461.11",3171.45381969229,-0.570007685315755,0.0848546769277597,-6.71745749266156,0.999999798353444,1,"Ints7"
"ENSMUSG00000037465.11",4290.62340070936,0.541881867765617,0.0926159649256581,5.85084729399062,0.999999622060198,1,"Klf10"
"ENSMUSG00000037466.14",680.352226063834,-0.284556417387176,0.143808622939493,-1.97871595993866,0.999999673711246,1,"Tedc1"
"ENSMUSG00000037470.15",11642.2302796585,0.362496428428468,0.0912835149828002,3.97110506203415,0.999999999998563,1,"Uggt1"
"ENSMUSG00000037474.14",2886.88404962564,-0.567852451905556,0.111114330808199,-5.1105239780975,0.999949715551262,1,"Dtl"
"ENSMUSG00000037475.16",4722.60312040123,0.09543465801052,0.0680134919807064,1.40317244757249,1,1,"Thoc2"
"ENSMUSG00000037486.19",2345.58706561529,0.165364951578897,0.0790875446237305,2.09091017258967,1,1,"Asxl2"
"ENSMUSG00000037487.8",9770.69710659168,0.213371779642046,0.0367902474500529,5.79968318864187,1,1,"Ubr5"
"ENSMUSG00000037490.6",25.4448515706326,-0.575296938362992,0.346537445987795,-1.66012921554011,0.889820928880434,1,"Slc2a12"
"ENSMUSG00000037493.7",433.88366381692,-0.0705202726955551,0.0700229362422847,-1.00710247927264,1,1,"Cib2"
"ENSMUSG00000037499.10",908.49667974916,0.367364723785184,0.0831743997279193,4.41680042160701,0.999999999999986,1,"Nenf"
"ENSMUSG00000037503.13",11756.8481255962,-0.208091776379383,0.0579330732135413,-3.59193401690183,1,1,"Fam168b"
"ENSMUSG00000037509.22",1458.18347583104,0.274526061255489,0.140870821495237,1.94877873459956,0.999999869703561,1,"Arhgef4"
"ENSMUSG00000037514.19",1589.50109888692,-0.356345675178392,0.0641737106911263,-5.55282952069758,1,1,"Pank2"
"ENSMUSG00000037519.18",2539.89266398028,-0.0383588843474763,0.0538880935863983,-0.711824853962886,1,1,"Ppfia1"
"ENSMUSG00000037523.14",1093.90382197803,0.0260645167663275,0.0622304895294016,0.418838369478244,1,1,"Mavs"
"ENSMUSG00000037525.6",286.461656346569,-0.122301656724631,0.0589648423802534,-2.07414540237266,1,1,"Bcdin3d"
"ENSMUSG00000037526.8",531.848621902374,0.449859254509581,0.0655454735854063,6.8633153427965,1,1,"Atg14"
"ENSMUSG00000037531.9",868.805332593504,0.168722753655554,0.0606818199300373,2.78044979287177,1,1,"Mrpl47"
"ENSMUSG00000037533.21",1333.44088044488,0.0673539494241607,0.0762165332596847,0.883718355368808,1,1,"Rapgef6"
"ENSMUSG00000037536.15",1018.57228752476,0.505129378857073,0.0698341520515174,7.23327145841813,0.999999999999312,1,"Fbxo34"
"ENSMUSG00000037544.15",2640.6707493932,0.615619216898887,0.129745354755845,4.74482664953484,0.998474629372121,1,"Dlgap5"
"ENSMUSG00000037552.18",2172.17173936683,0.211999712984363,0.0751351157397761,2.82157964218229,1,1,"Plekhg2"
"ENSMUSG00000037553.15",1096.47552622693,0.210920206843623,0.0709682505520318,2.97203615987381,1,1,"Zdhhc18"
"ENSMUSG00000037563.16",15507.9240224124,0.560318831311436,0.100306843060016,5.58604791276488,0.999994156906187,1,"Rps16"
"ENSMUSG00000037568.13",1271.60479789058,-0.5363099466037,0.0534174911302033,-10.0399688427235,1,1,"Vash2"
"ENSMUSG00000037570.17",1992.01000177363,-0.282119707234032,0.0653404736317485,-4.31768690297574,1,1,"Mcrs1"
"ENSMUSG00000037572.18",1483.09721363819,0.214196523106764,0.110371708970372,1.94068321587974,0.999999999999459,1,"Wdhd1"
"ENSMUSG00000037573.6",3220.30771440726,-0.210875576630359,0.0685237126143354,-3.07741026551214,1,1,"Tob1"
"ENSMUSG00000037580.11",92.9787639614268,1.11069526420443,0.186849729105978,5.94432365258854,0.276781557548491,1,"Gch1"
"ENSMUSG00000037593.13",43.3050711989516,-0.59786559269399,0.124694519249152,-4.79464210852279,0.999370041067252,1,"Rskr"
"ENSMUSG00000037594.12",202.567759148926,0.282382520016875,0.123497154137388,2.28655082774401,0.999999996891282,1,"Clba1"
"ENSMUSG00000037601.12",3738.94654634834,-0.188401835828604,0.0898689474721897,-2.09640639094951,1,1,"Nme1"
"ENSMUSG00000037605.18",4100.63583361974,-0.73557850222197,0.0974031269937665,-7.55189822878114,0.996683334744279,1,"Adgrl3"
"ENSMUSG00000037606.19",875.374923608265,-0.10786031831181,0.089637127038117,-1.20329959109404,1,1,"Osbpl5"
"ENSMUSG00000037608.17",9517.33943551445,-0.0237572318458335,0.0611453391872861,-0.388537084945524,1,1,"Bclaf1"
"ENSMUSG00000037613.17",22.4746983235499,-0.262877572440013,0.286957284639054,-0.916086074520362,0.994902132773106,1,"Tnfrsf23"
"ENSMUSG00000037617.13",155.978334742943,-0.393553709014462,0.0903623523500935,-4.35528401794705,0.999999999990353,1,"Spag1"
"ENSMUSG00000037622.15",1385.31385870699,-0.0847920042491526,0.0687226948293515,-1.2338282784123,1,1,"Wdtc1"
"ENSMUSG00000037628.11",542.890168167467,0.393129665262069,0.124767618719294,3.15089499420955,0.999999424830286,1,"Cdkn3"
"ENSMUSG00000037640.16",2082.13950806138,-0.324939687005982,0.0795161938355591,-4.08645926486325,1,1,"Zfp60"
"ENSMUSG00000037643.15",3284.50071182785,0.0467655062038075,0.0678244090487069,0.689508494946468,1,1,"Prkci"
"ENSMUSG00000037646.11",2580.76672293238,-0.00830450033477104,0.0985590183641028,-0.0842591624045203,1,1,"Vps13b"
"ENSMUSG00000037649.11",407.794311341091,-0.210615786314825,0.139021624000729,-1.5149858004372,0.999999993191629,1,"H2-DMa"
"ENSMUSG00000037652.16",4091.38391795305,0.0502068961388976,0.0582819529838289,0.861448417022473,1,1,"Phc3"
"ENSMUSG00000037656.10",2002.72121032749,0.664017506132773,0.109002082477412,6.09178734058013,0.998973131590799,1,"Slc20a2"
"ENSMUSG00000037669.16",1232.29091955963,-0.19172124440941,0.0849807109213726,-2.25605601942772,1,1,"Ldah"
"ENSMUSG00000037674.17",4592.7302562686,-0.0977588569274225,0.0558714251360784,-1.74971117506533,1,1,"Rfx7"
"ENSMUSG00000037679.10",1020.2025640836,1.06697529868316,0.139952328114495,7.62384815642561,0.316126570918056,1,"Inf2"
"ENSMUSG00000037685.16",2056.19211448382,-0.467454789321793,0.104894085292892,-4.45644564244528,0.999999808259751,1,"Atp8a1"
"ENSMUSG00000037692.15",2326.9511429743,0.136825294891645,0.0556930191552633,2.45677639616192,1,1,"Ahdc1"
"ENSMUSG00000037697.20",2193.47757132139,0.553589204410204,0.0556395494207533,9.94956303876389,0.999999999999999,1,"Ddhd1"
"ENSMUSG00000037703.15",570.235229751053,-0.629538914924648,0.114006313724214,-5.52196535752861,0.999421916264228,1,"Lzts3"
"ENSMUSG00000037705.14",106.942654473467,-0.39883283929505,0.303191154349796,-1.3154501164467,0.976307042868247,1,"Tecta"
"ENSMUSG00000037706.18",24304.999633333,0.196289663866021,0.0765375610727165,2.56461874555332,1,1,"Cd81"
"ENSMUSG00000037708.17",21.559762897136,0.0881121865808179,0.192017703511596,0.45887532747988,0.999998985040639,1,"Spag6"
"ENSMUSG00000037709.14",845.771410554853,0.375700463390286,0.0890338929158004,4.21974656039793,0.999999999998825,1,"Fam13a"
"ENSMUSG00000037710.9",1643.34466809954,0.195439799415731,0.0493976551911752,3.95645903959113,1,1,"Cisd1"
"ENSMUSG00000037712.18",9457.53049918997,0.833590659795124,0.0746855427332759,11.1613389859417,0.987064184311049,1,"Fermt2"
"ENSMUSG00000037720.17",4085.22083135105,-0.111811939632697,0.041274390405672,-2.70899069698511,1,1,"Tmem33"
"ENSMUSG00000037722.9",766.83309200856,0.688787419837186,0.0710454436334771,9.69502595255277,0.999994078875891,1,"Gnpnat1"
"ENSMUSG00000037725.9",2645.93867015363,0.18421635068971,0.10830618385787,1.70088488143444,0.999999999999975,1,"Ckap2"
"ENSMUSG00000037730.14",1361.62363220757,-0.0215546643456018,0.0619585839050809,-0.347888266436545,1,1,"Mynn"
"ENSMUSG00000037731.6",39.6225578579782,-0.357170782515133,0.424597622540199,-0.841198262906706,0.935679465138595,1,"Themis2"
"ENSMUSG00000037736.21",2871.49094304917,0.742691886459972,0.118693034626014,6.25724911996812,0.984914762960539,1,"Limch1"
"ENSMUSG00000037740.9",930.169128785461,-0.177747763994785,0.0495378153267555,-3.58812278705361,1,1,"Mrps26"
"ENSMUSG00000037742.15",282392.946768442,0.509712132740431,0.0675698171600555,7.54348841189039,0.999999999999801,1,"Eef1a1"
"ENSMUSG00000037747.10",2707.51175031034,-1.00464075194815,0.141966522893686,-7.07660321229739,0.486961274707599,1,"Phyhipl"
"ENSMUSG00000037750.17",1630.96027900875,-0.477273504539035,0.072278587416648,-6.60324892333333,0.999999999999762,1,"Fam222b"
"ENSMUSG00000037752.5",174.117733058667,-0.240307785975899,0.0697743925002752,-3.44406848078184,1,1,"Xkr8"
"ENSMUSG00000037754.14",189.154696477158,-0.817945025895764,0.245504952768701,-3.33168441887354,0.770820944778153,1,"Ppp1r16b"
"ENSMUSG00000037761.17",375.399900986294,-0.508124121556238,0.0620958780299707,-8.18289615473334,0.999999999999999,1,"Actr5"
"ENSMUSG00000037762.7",17.7481521392653,0.503947043950871,0.354996417891207,1.4195834621219,0.918856631919795,1,"Slc16a9"
"ENSMUSG00000037772.14",795.978463303962,0.273844672155013,0.083327035215113,3.28638444231298,1,1,"Mrpl23"
"ENSMUSG00000037773.15",867.724722033381,-0.268578185302804,0.0582175120562609,-4.61335731838304,1,1,"Pced1a"
"ENSMUSG00000037784.15",647.817892161052,0.0793900921877063,0.0881538060371727,0.900586097828028,1,1,"Dzip1l"
"ENSMUSG00000037787.15",825.087559847807,0.316551434163028,0.0660625330240078,4.79169386447822,1,1,"Coa8"
"ENSMUSG00000037788.15",2531.86794033285,-0.133983828130019,0.0509867620580485,-2.62781598049859,1,1,"Vopp1"
"ENSMUSG00000037791.16",2381.90953219615,-0.349406688483176,0.0449333051255368,-7.77611812678785,1,1,"Phf12"
"ENSMUSG00000037795.15",1461.54677555369,-0.715073279641856,0.109904622753858,-6.50630757582717,0.995235813132659,1,"N4bp2"
"ENSMUSG00000037805.16",15123.5240409794,0.663382338595129,0.0839255771025781,7.9044119980767,0.999969756997359,1,"Rpl10a"
"ENSMUSG00000037808.14",1356.97670561332,0.00988580890120182,0.0524011682879894,0.188656269014286,1,1,"Fam76b"
"ENSMUSG00000037815.8",8474.2305266145,0.226558772182395,0.0498133108359165,4.54815727725211,1,1,"Ctnna1"
"ENSMUSG00000037816.11",298.296623803953,-0.377821773403979,0.0638435348496604,-5.91793318295547,1,1,"Fbxw17"
"ENSMUSG00000037818.18",672.5060028738,-0.04764041039791,0.149361547839252,-0.318960342116849,0.999999999910391,1,"Abhd18"
"ENSMUSG00000037820.16",241.185505156627,-0.163530121297588,0.196060639710474,-0.834079300868732,0.999990068115375,1,"Tgm2"
"ENSMUSG00000037822.13",2485.79623511847,0.0326460912668702,0.0823651248726848,0.396358183361376,1,1,"Smim14"
"ENSMUSG00000037824.7",1842.56760180311,0.906607586245396,0.0681356632357061,13.305918562928,0.914763143998466,1,"Tspan14"
"ENSMUSG00000037826.6",718.330968816779,0.182623356014061,0.159419844248283,1.1455497079124,0.999999852954701,1,"Ppm1k"
"ENSMUSG00000037827.6",14.1298423159395,0.426662110055494,0.214467432429415,1.98940279753625,0.996244657390634,1,"Gm5884"
"ENSMUSG00000037845.15",191.57433071214,-0.0648649065652351,0.0866510871140686,-0.748575796629604,1,1,"Fdxacb1"
"ENSMUSG00000037846.19",1247.67274463355,0.0562732404478258,0.139348586412108,0.403830723344432,0.999999999993685,1,"Rtkn2"
"ENSMUSG00000037847.15",253.967717605243,0.36806791594327,0.0580465006400691,6.34091481630496,1,1,"Nmrk1"
"ENSMUSG00000037851.15",5176.63530929663,0.0533712226677863,0.104228808656696,0.512058262544074,1,1,"Iars1"
"ENSMUSG00000037852.9",16692.9621213157,0.419225825239499,0.148340823395379,2.82609881517321,0.999954822960453,1,"Cpe"
"ENSMUSG00000037855.16",3916.87223987255,0.155973414093078,0.12309841720625,1.26706270992702,0.999999999996472,1,"Zfp365"
"ENSMUSG00000037857.17",3424.26760788024,-0.233153008378626,0.075614253614714,-3.0834531484849,1,1,"Nufip2"
"ENSMUSG00000037868.16",450.135641655645,0.559541711972007,0.227657469986435,2.45782276331783,0.973488969439905,1,"Egr2"
"ENSMUSG00000037876.18",10291.6962821015,-0.265235701798536,0.0784238020459982,-3.38208164968802,1,1,"Jmjd1c"
"ENSMUSG00000037885.19",1686.82409057804,-0.53277443463671,0.080646737653995,-6.60627385725774,0.999999996552942,1,"Stk35"
"ENSMUSG00000037890.14",705.87224274274,0.293828671723219,0.0781053012568689,3.76195555224721,1,1,"Wdr19"
"ENSMUSG00000037892.14",693.188745356936,0.689120190381689,0.142557341670119,4.83398597580703,0.985398495171254,1,"Pcdh18"
"ENSMUSG00000037894.14",12126.91777435,0.0888219690219382,0.0898784738070037,0.98824518552313,1,1,"H2az1"
"ENSMUSG00000037896.18",2371.45900027966,0.419724626414225,0.0739762013993358,5.6737791137515,0.999999999999998,1,"Rcor1"
"ENSMUSG00000037902.19",8125.02153822533,0.489717014592835,0.124130614178179,3.94517515147302,0.999980290185099,1,"Sirpa"
"ENSMUSG00000037904.15",146.548310630181,0.652526212053493,0.124628520057547,5.23576956343693,0.997348894978004,1,"Ankrd9"
"ENSMUSG00000037905.14",3427.11355534824,0.0776989051802768,0.0616984839683654,1.25933248570768,1,1,"Bri3bp"
"ENSMUSG00000037907.17",1398.13802055083,-0.661162449015838,0.0659905567017851,-10.0190463917992,0.99999985865541,1,"Ankrd13b"
"ENSMUSG00000037913.13",9.87445634265903,-0.280687598344668,0.195791624955186,-1.43360370194033,0.999880546498329,1,"Tmem156"
"ENSMUSG00000037916.15",3252.46891361984,0.339819165630714,0.0484282026164941,7.01696836287241,1,1,"Ndufv1"
"ENSMUSG00000037926.16",2191.10369883801,-0.766692315621737,0.113380471826466,-6.76211964257121,0.980192515286895,1,"Ssh2"
"ENSMUSG00000037933.17",3698.52137873075,0.0576733840201515,0.0502719460144373,1.14722799876473,1,1,"Bicd2"
"ENSMUSG00000037935.17",6536.68307404314,-0.262030942934502,0.0688864282873776,-3.80381084415311,1,1,"Smarce1"
"ENSMUSG00000037936.16",4630.76793328193,0.533512927627012,0.0845308549068605,6.31145784831891,0.99999998290881,1,"Scarb1"
"ENSMUSG00000037938.5",707.172717910058,0.154809567556597,0.074876563085078,2.06753036167934,1,1,"Chchd5"
"ENSMUSG00000037946.12",262.047822233654,-0.99788210427374,0.116293912176291,-8.58069081691086,0.507264967122661,1,"Fgd3"
"ENSMUSG00000037949.9",1589.30683759452,0.131488555207539,0.0486642232501878,2.70195528512894,1,1,"Ano10"
"ENSMUSG00000037957.15",668.59897475225,-0.000860716077631283,0.0352753092871156,-0.0243999583568686,1,1,"Wdr20"
"ENSMUSG00000037958.14",1386.56963799435,-0.268608901993005,0.0857067979202313,-3.13404430583212,1,1,"Nsrp1"
"ENSMUSG00000037960.12",406.499355317573,0.717707272032096,0.117667751068681,6.09943901802951,0.991781529292343,1,"Card19"
"ENSMUSG00000037962.8",327.198296626417,0.756889617961649,0.179256896514402,4.22237377015417,0.912484162243432,1,"Rflna"
"ENSMUSG00000037965.16",2577.01300795877,-0.13465303257349,0.0700820986725802,-1.92136130515414,1,1,"Zc3h7a"
"ENSMUSG00000037966.16",733.016506881104,0.430938361863408,0.0895324217973238,4.81321015574594,0.999999999896414,1,"Ninj1"
"ENSMUSG00000037971.11",393.197837913031,0.17463202257687,0.0936474063010455,1.86478226653161,1,1,"Cfap68"
"ENSMUSG00000037972.8",3449.74903421896,-0.120061435474041,0.0930165705544182,-1.29075319331194,1,1,"Snn"
"ENSMUSG00000037977.7",34.0096491833561,-0.792024839510401,0.133900006479394,-5.91504705888335,0.93981380903208,1,"6430571L13Rik"
"ENSMUSG00000037990.19",681.841676387985,0.0639857168548987,0.0735070615809169,0.870470339566803,1,1,"Sh3rf3"
"ENSMUSG00000037991.10",207.358287446034,-0.656886157571322,0.135562395691897,-4.84563697933074,0.994313755646115,1,"Rmi2"
"ENSMUSG00000037992.17",1141.10783675553,0.568175731421009,0.11467930648997,4.95447477676108,0.999916890023744,1,"Rara"
"ENSMUSG00000037993.9",1912.84542575934,0.175960383137962,0.0524842661240295,3.35263110514182,1,1,"Dhx38"
"ENSMUSG00000037997.13",1049.68926375966,-0.444849413167374,0.0936881096481158,-4.74819499334748,0.999999998443428,1,"Parp11"
"ENSMUSG00000037999.14",1888.42327535707,0.931273393961223,0.146342377051614,6.36366179587727,0.680689904748378,1,"Arap2"
"ENSMUSG00000038000.11",780.291492229961,0.0076742427849212,0.0423141895621486,0.181363340863464,1,1,"Acd"
"ENSMUSG00000038002.10",1587.28225486799,0.0597318524927026,0.046901480193025,1.27356007202488,1,1,"Cramp1"
"ENSMUSG00000038005.16",1772.94571206952,-0.0146986971985415,0.0681619650247146,-0.215643683294811,1,1,"Hpf1"
"ENSMUSG00000038007.15",52.4796263677933,-0.0170185805434239,0.183783873812022,-0.0926010546541797,0.999999971345291,1,"Acer2"
"ENSMUSG00000038009.8",32.4663944648954,0.705460144225398,0.218730310801904,3.22525095693896,0.910943699203505,1,"Dnajc22"
"ENSMUSG00000038010.10",30.7248501128505,0.37109389173925,0.153563764255208,2.41654594454019,0.999978928627158,1,"Ccdc138"
"ENSMUSG00000038011.16",41.6750866392921,0.147691435410429,0.189076497316877,0.781120009658893,0.999996724621155,1,"Dnah10"
"ENSMUSG00000038013.15",1870.45804745893,0.0667274454950912,0.0669785434350448,0.996251068968123,1,1,"Wipf2"
"ENSMUSG00000038014.8",14978.0948997814,0.182193584180786,0.0463433766915832,3.93138345082816,1,1,"Fam120a"
"ENSMUSG00000038020.6",367.137558231332,-0.59615887453413,0.139668613683537,-4.26838112594798,0.998082495865349,1,"Rapgefl1"
"ENSMUSG00000038022.12",171.016638089324,-0.0497237620501508,0.0831529983093851,-0.597979183686738,1,1,"Mindy4"
"ENSMUSG00000038023.13",3050.68810214637,-0.258934962611734,0.0948391981994006,-2.73025254881763,0.999999999999997,1,"Atp6v0a2"
"ENSMUSG00000038024.18",1828.20939316808,0.293659331584358,0.0663244537322955,4.42761779493354,1,1,"Dennd4c"
"ENSMUSG00000038025.9",4280.80241640509,-0.0343153121584982,0.0357933838346546,-0.9587054500635,1,1,"Phf2"
"ENSMUSG00000038028.10",802.193892166029,-0.177063355703601,0.0651848023970525,-2.71632879432656,1,1,"Tigar"
"ENSMUSG00000038034.16",4364.9212330213,-0.927745903525861,0.0910052770287236,-10.1944187613762,0.786389191083852,1,"Igsf8"
"ENSMUSG00000038039.14",1806.66253040713,0.0253207805971542,0.0705050552834444,0.359134256336083,1,1,"Gcc2"
"ENSMUSG00000038042.12",1387.90846546518,-0.0456439287182602,0.0444451987390968,-1.02697096678992,1,1,"Ptpdc1"
"ENSMUSG00000038046.5",276.334586354119,-0.243899308624174,0.0778127886070603,-3.13443732052605,1,1,"Mrm3"
"ENSMUSG00000038047.19",1824.6696844905,-0.101646296999767,0.0973951791239948,-1.04364813447656,1,1,"Haus6"
"ENSMUSG00000038055.13",433.758404622514,-0.020389298308704,0.0808192788042678,-0.252282606456856,1,1,"Dexi"
"ENSMUSG00000038056.16",4414.77738339304,0.00156644868202651,0.0542744572225621,0.028861618562172,1,1,"Kmt2c"
"ENSMUSG00000038057.5",12.2042104743733,-0.767814933695193,0.169051895687457,-4.54188893045441,0.915194432662156,1,"Dbil5"
"ENSMUSG00000038058.15",299.458639914213,0.373363022492974,0.138312735781013,2.69941173807818,0.999997058907595,1,"Nod1"
"ENSMUSG00000038060.16",17.0910848872762,-0.0948663915601987,0.245917119717769,-0.385765707036068,0.99988792784015,1,"Dlec1"
"ENSMUSG00000038065.14",688.535120912186,-1.05905935816905,0.142198828429364,-7.44773617241951,0.338950380362686,1,"Mturn"
"ENSMUSG00000038068.16",70.9380275637901,0.0251735303151048,0.149175921800031,0.168750626852836,0.999999999971301,1,"Rnf144b"
"ENSMUSG00000038069.7",761.872722818117,-0.212459157407687,0.040650763326202,-5.2264493953732,1,1,"Cdkn2aip"
"ENSMUSG00000038070.16",1644.32894104505,-0.0251383925476944,0.0551357172593372,-0.455936619622687,1,1,"Cntln"
"ENSMUSG00000038072.15",1387.00737956108,0.164794419003956,0.0420755664504068,3.91662983784649,1,1,"Galnt11"
"ENSMUSG00000038074.17",1304.92523075676,0.356010902483196,0.0779397099852279,4.56777299467334,1,1,"Fkbp14"
"ENSMUSG00000038079.15",1471.20502727526,-0.0505095510201102,0.0578392073832199,-0.873275297246965,1,1,"Tmem237"
"ENSMUSG00000038080.18",1052.9855918213,-0.321506626818825,0.0605630341289263,-5.30862813336603,1,1,"Kdm1b"
"ENSMUSG00000038084.17",4440.49269259615,0.0860156863507472,0.0736142394041107,1.16846532745598,1,1,"Opa1"
"ENSMUSG00000038085.14",226.469759050138,-0.431923985351839,0.157708728239859,-2.73874496467264,0.999842146159162,1,"Cnbd2"
"ENSMUSG00000038095.16",6446.41256690171,-0.0359344297315272,0.080692058690335,-0.445327958100929,1,1,"Sbno1"
"ENSMUSG00000038102.16",2030.06875206874,-0.12081713284146,0.044144094415485,-2.73688099033875,1,1,"Trappc11"
"ENSMUSG00000038116.17",6028.06516270194,0.0172203493284749,0.120331440937765,0.143107646632281,1,1,"Phf20"
"ENSMUSG00000038119.16",1592.20145439204,-0.661807514555912,0.207900302424806,-3.18329269768752,0.948100129096127,1,"Cdon"
"ENSMUSG00000038121.7",3024.4669510453,0.378113024851377,0.0768383336026186,4.920890486861,1,1,"Fam210a"
"ENSMUSG00000038122.10",857.796134232048,-0.0649810625473897,0.0582005330084984,-1.11650287700804,1,1,"Tbc1d32"
"ENSMUSG00000038126.18",1779.56145240684,-0.299250417794575,0.0921992252477219,-3.24569341001018,0.999999999999985,1,"Mphosph9"
"ENSMUSG00000038127.16",5900.51487271175,0.20363096405863,0.087511390078764,2.32690811876435,1,1,"Ccdc50"
"ENSMUSG00000038132.7",1641.09358398324,0.0188190005863995,0.10668683985272,0.176394770080162,1,1,"Rbm24"
"ENSMUSG00000038141.12",3811.09375028622,-0.0120783559862654,0.0323065388936666,-0.373867223165563,1,1,"Tmem181a"
"ENSMUSG00000038143.17",5637.33772390351,-0.418012898043257,0.0844937643913502,-4.94726328095815,0.999999999997169,1,"Stox2"
"ENSMUSG00000038145.18",3484.67324898668,0.968337852545394,0.129256816622677,7.49158054365629,0.596754494219207,1,"Snrk"
"ENSMUSG00000038146.9",1899.91749998342,0.974266236532568,0.120221119525157,8.10395245345141,0.584747370644787,1,"Notch3"
"ENSMUSG00000038147.15",276.525584888623,0.203915896135645,0.337828587359758,0.60360758019123,0.990958147144889,1,"Cd84"
"ENSMUSG00000038150.8",2288.18553364207,0.0682813877016322,0.0630520931107466,1.0829360982783,1,1,"Ormdl3"
"ENSMUSG00000038155.12",559.856797507043,0.847438809245697,0.403269775784868,2.10141909989748,0.647402339277022,1,"Gstp2"
"ENSMUSG00000038160.8",1225.7545370049,0.0875780572542571,0.0469223225113047,1.86644762166573,1,1,"Atg5"
"ENSMUSG00000038168.6",211.761500230898,0.234523790803538,0.14652640231542,1.60055653518805,0.999999912522526,1,"P3h2"
"ENSMUSG00000038170.16",3481.00746790597,-0.490939388491204,0.104864668250524,-4.68164727626219,0.999999396402757,1,"Pde4dip"
"ENSMUSG00000038172.15",1749.46089170362,0.554257107637332,0.0962661225612413,5.75755097318615,0.999998174489233,1,"Ttc39b"
"ENSMUSG00000038173.16",332.028741925265,0.484845519344483,0.271637871171157,1.78489662451737,0.971051403512789,1,"Enpp6"
"ENSMUSG00000038174.15",1607.45029162592,0.120345861571443,0.0915857956283459,1.314023214471,1,1,"Hycc2"
"ENSMUSG00000038175.11",410.856907305157,-0.117973870683795,0.144992985813968,-0.813652260635287,0.999999999411092,1,"Mylip"
"ENSMUSG00000038178.17",1438.63352460354,-1.01626569531934,0.123942477682446,-8.19949475209884,0.44779437197734,1,"Slc43a2"
"ENSMUSG00000038179.14",53.5033273719621,0.212787598183488,0.394863274707316,0.538889311347611,0.977969151109176,1,"Slamf7"
"ENSMUSG00000038180.12",194.157530770359,-0.0700542169586424,0.0948855676214854,-0.73830213292395,1,1,"Spag4"
"ENSMUSG00000038181.17",1470.8493417538,0.387453172656057,0.072138006823518,5.3709991406325,1,1,"Chpf2"
"ENSMUSG00000038187.15",1061.4983014761,-0.400013164811274,0.060899759710525,-6.56838658662461,1,1,"Btbd10"
"ENSMUSG00000038188.18",20.3532269212997,-0.106063141359251,0.167885614961684,-0.631758363475378,0.999999949456277,1,"Scarf1"
"ENSMUSG00000038192.6",22.6065675714492,-0.477780681331787,0.20173035521393,-2.36841243265106,0.995183047189949,1,"Cer1"
"ENSMUSG00000038195.7",10.1527539556155,-0.214916702465712,0.156877435354337,-1.36996568040701,0.999999719872867,1,"Rilp"
"ENSMUSG00000038205.13",1505.31110084658,-0.45227777095264,0.0954490107199638,-4.73842282430323,0.99999999522054,1,"Prkab2"
"ENSMUSG00000038206.14",873.285456140435,-0.346390400892268,0.0551643498305754,-6.27924378617941,1,1,"Fbxo8"
"ENSMUSG00000038208.14",208.567651914699,-0.145493232500905,0.0516928886574054,-2.81456959128674,1,1,"Pgap3"
"ENSMUSG00000038212.17",3245.0933517808,0.014045470568035,0.0559819785862695,0.25089271445436,1,1,"Mfsd14b"
"ENSMUSG00000038213.8",160.108004410761,-0.224264388296808,0.112789704895602,-1.98834094392202,0.999999999996959,1,"Tapbpl"
"ENSMUSG00000038214.17",899.767778353562,0.0853706824235564,0.0942296877355002,0.905984987058316,1,1,"Bend3"
"ENSMUSG00000038215.16",517.365334417041,-0.0111701943493148,0.058497403200085,-0.190951969459366,1,1,"Cep44"
"ENSMUSG00000038217.14",19.6562035135235,0.606876508964468,0.198751463314472,3.0534442305174,0.976033687408163,1,"Tlcd2"
"ENSMUSG00000038225.16",776.455392569032,0.252775268916126,0.0752428599020673,3.35945854856032,1,1,"Primpol"
"ENSMUSG00000038233.11",78.0552987929015,0.272731933118253,0.13550361798137,2.01272805244027,0.999999960004447,1,"Gask1a"
"ENSMUSG00000038235.5",69.3000064651665,-0.158264119642552,0.238758240277804,-0.662863486757173,0.999789250452427,1,"F11r"
"ENSMUSG00000038236.9",449.859973922927,-0.174892330379802,0.0988214683296727,-1.76978073019876,1,1,"Hoxa7"
"ENSMUSG00000038239.12",371.757098140125,-0.391027467460326,0.182003059142867,-2.1484664560137,0.999589989194802,1,"Hrc"
"ENSMUSG00000038240.14",333.485863384229,0.056307321609009,0.0721580826505804,0.78033284062816,1,1,"Pdss2"
"ENSMUSG00000038241.17",1936.79991135133,-0.242510026943996,0.0830940717492438,-2.91849974178456,1,1,"Cep250"
"ENSMUSG00000038242.13",223.067020302789,1.04410570845758,0.226808837918147,4.60346130266046,0.422907059485712,1,"Aox4"
"ENSMUSG00000038244.15",457.816313710992,0.370472119435275,0.188601217852629,1.96431456622277,0.999577896162896,1,"Mical2"
"ENSMUSG00000038248.9",1136.45889868733,-0.194117844295455,0.0923545734455327,-2.10187581462805,1,1,"Sobp"
"ENSMUSG00000038250.10",1824.81778303212,0.0984163383218561,0.0565504977406584,1.74032665058396,1,1,"Usp38"
"ENSMUSG00000038252.14",6632.79398254181,-0.0839897262326621,0.115873925281749,-0.724837154074483,0.999999999999999,1,"Ncapd2"
"ENSMUSG00000038253.7",2248.14150536295,0.942438398067821,0.0920729054506855,10.2357842782815,0.734071622522667,1,"Hoxa5"
"ENSMUSG00000038256.16",1926.9513266996,-0.492229061927186,0.0728890424859259,-6.75312838719524,0.999999999998374,1,"Bcl9"
"ENSMUSG00000038260.11",488.915276783496,0.503641394949207,0.115531437789204,4.35934499376818,0.999991316675596,1,"Trpm4"
"ENSMUSG00000038267.16",2900.98097543523,-0.6483132352554,0.0999656953164915,-6.48535713379314,0.999782654855716,1,"Slc22a23"
"ENSMUSG00000038268.5",971.383632125541,-0.579925938447305,0.0600567861435616,-9.65629324654555,0.99999999999867,1,"Ovca2"
"ENSMUSG00000038271.18",1583.68421634432,0.141784734234187,0.0542744154823946,2.61236777907225,1,1,"Iffo1"
"ENSMUSG00000038274.14",8639.35536547681,0.738465543110924,0.0937347943832134,7.87824359108183,0.997365846444233,1,"Fau"
"ENSMUSG00000038279.11",2104.29113121207,0.169358621573394,0.0585726547766902,2.89142812834894,1,1,"Nop2"
"ENSMUSG00000038280.13",4400.75926095826,0.384259185598539,0.0501267778127981,7.66574677976673,1,1,"Ostm1"
"ENSMUSG00000038286.12",726.694823741627,0.297558266289182,0.0876492851012631,3.39487385373887,0.999999999999999,1,"Bphl"
"ENSMUSG00000038290.16",1632.88917264959,-0.421672569576552,0.0563359068712937,-7.48496994181552,1,1,"Smg6"
"ENSMUSG00000038291.17",2457.27338385271,-0.55793791483926,0.108812446032601,-5.12751927910984,0.999975736039804,1,"Snx25"
"ENSMUSG00000038292.15",59.0467672358451,-0.229709405176825,0.144055682130753,-1.5945876051479,0.99999995533059,1,"Kash5"
"ENSMUSG00000038295.15",15.1478084634143,0.183465008773366,0.236416338920303,0.776025081901012,0.999723905551074,1,"Atg9b"
"ENSMUSG00000038296.15",949.659256626188,0.00745233750523392,0.127045168349124,0.058658960447474,0.999999999999998,1,"Galnt18"
"ENSMUSG00000038299.17",2108.71086074848,0.205832730790255,0.0560041347660265,3.67531311125832,1,1,"Wdr36"
"ENSMUSG00000038301.16",1664.64665285547,-0.485988564294301,0.0542666795960853,-8.95556109037045,1,1,"Snx10"
"ENSMUSG00000038302.15",341.029573043672,0.341314356284605,0.0671693779715594,5.08139819947599,1,1,"Afg1l"
"ENSMUSG00000038305.16",3815.14806757898,0.549687665444042,0.12613113635127,4.35806479942579,0.999821639953794,1,"Spats2l"
"ENSMUSG00000038312.11",1418.15153698561,-0.214878139823146,0.0634974083631632,-3.38404582741685,1,1,"Edem2"
"ENSMUSG00000038319.15",453.244774499494,-0.258469879159259,0.0946107007556005,-2.73193071285817,0.999999999999998,1,"Kcnh2"
"ENSMUSG00000038323.4",2234.11443117996,0.0708040744847777,0.0573058200948173,1.23554770471178,1,1,"1700066M21Rik"
"ENSMUSG00000038324.14",5956.35479222163,-0.382872683636694,0.0529726020285498,-7.22774923214728,1,1,"Trpc4ap"
"ENSMUSG00000038331.16",761.213025476778,0.278638265306555,0.0777870700417142,3.58206402628525,1,1,"Satb2"
"ENSMUSG00000038332.14",1557.02882444907,0.20273423219329,0.100720817315899,2.01283346974279,0.999999999999999,1,"Sesn1"
"ENSMUSG00000038335.14",2474.1059877423,-0.380972797130444,0.0747894908547148,-5.09393489348011,1,1,"Tsr1"
"ENSMUSG00000038342.16",1204.07475902271,-0.204612493307605,0.0667699914981884,-3.06443791165013,1,1,"Mlxip"
"ENSMUSG00000038344.15",722.386635666879,-0.166422901577429,0.0429322938080295,-3.87640367695199,1,1,"Txlng"
"ENSMUSG00000038346.20",1699.84132897424,0.0885550051737856,0.0371488475052732,2.383788761178,1,1,"Zfp384"
"ENSMUSG00000038347.16",23.5779657474639,-0.516836165185353,0.156044415774582,-3.3121093287437,0.999020314330466,1,"Tcte2"
"ENSMUSG00000038349.11",384.565383244329,-0.832407312596041,0.18577864160176,-4.48064053768038,0.816500662752854,1,"Plcl1"
"ENSMUSG00000038351.15",1259.81115107727,-0.625821178474984,0.0826797674339734,-7.56921793442094,0.999996989342688,1,"Sgsm2"
"ENSMUSG00000038352.16",23.2562833809117,-0.692993541283176,0.16489454247632,-4.20264692133577,0.968686836363024,1,"Arl5c"
"ENSMUSG00000038365.9",941.22801737193,-0.263336961751576,0.0695062911061141,-3.78867808310392,1,1,"Fbxo25"
"ENSMUSG00000038366.16",8113.82023171895,0.150122360647906,0.101004464871738,1.48629430232159,1,1,"Lasp1"
"ENSMUSG00000038368.17",1101.14296956541,0.152684564419033,0.0592860937033155,2.57538580941275,1,1,"Focad"
"ENSMUSG00000038369.15",4120.90187854031,-0.331433907336184,0.0648529769934307,-5.11054268749693,1,1,"Ncoa6"
"ENSMUSG00000038371.16",7674.65905014605,-0.19487585827729,0.078643654592805,-2.47796035530525,1,1,"Sbf2"
"ENSMUSG00000038372.15",631.52681715129,-0.312096420140128,0.064017854461818,-4.87514651598127,1,1,"Gmds"
"ENSMUSG00000038374.11",3762.15809335838,-0.225106058288812,0.0542102902529179,-4.15245993405643,1,1,"Rbm8a"
"ENSMUSG00000038375.16",6341.16289024152,-0.526196098845581,0.0758932605875484,-6.93337056244376,0.999999999785413,1,"Trp53inp2"
"ENSMUSG00000038379.16",1216.92301594278,0.0292588227409467,0.137959570653873,0.212082587690521,0.999999999999057,1,"Ttk"
"ENSMUSG00000038383.17",1409.25240602616,-0.210230857158228,0.0460646322146312,-4.5638236332527,1,1,"Pigu"
"ENSMUSG00000038384.17",1461.03432542966,-0.181897171699585,0.0716488147144865,-2.53873246088477,1,1,"Setd1b"
"ENSMUSG00000038388.15",1814.52615473964,0.2041286656707,0.0632009559024085,3.2298350991068,1,1,"Pals2"
"ENSMUSG00000038390.12",935.01453585627,-0.241207861048612,0.109652824193214,-2.19974143687892,0.999999999997741,1,"Gpr162"
"ENSMUSG00000038393.15",7520.42557846454,-0.485566085633514,0.184312364573289,-2.63447374655343,0.997373523614485,1,"Txnip"
"ENSMUSG00000038398.9",1574.65328521885,-0.0830045838705993,0.0368352024736102,-2.25340376315472,1,1,"Upf3a"
"ENSMUSG00000038406.18",4192.7740114166,0.241733461002915,0.0670185056616384,3.60696584646895,1,1,"Scaf1"
"ENSMUSG00000038412.9",4122.41435233994,0.288426460643838,0.129046387011421,2.23506033236181,0.999999982470655,1,"Higd1a"
"ENSMUSG00000038416.16",3779.68621288276,0.146757214465301,0.0537364863839441,2.73105341158202,1,1,"Cdc16"
"ENSMUSG00000038417.5",1445.55519747275,-0.0333414464715261,0.047829943775467,-0.697083120733829,1,1,"Fig4"
"ENSMUSG00000038418.9",5860.77274728834,0.933958903014858,0.189683967895703,4.92376300103754,0.636141425511091,1,"Egr1"
"ENSMUSG00000038422.3",162.209542475572,0.19785249809626,0.105655575996219,1.8726176657571,0.999999999999984,1,"Hdhd3"
"ENSMUSG00000038425.19",449.78267684861,0.350706751846414,0.112341087880695,3.12180305943681,0.999999996257404,1,"Poli"
"ENSMUSG00000038429.11",4557.60863641348,0.39284532023346,0.0637988655530767,6.15755964981284,1,1,"Usp5"
"ENSMUSG00000038437.12",2685.68279084165,-0.300334627698412,0.064708653725962,-4.64133636546226,1,1,"Mllt6"
"ENSMUSG00000038446.9",1895.77397670598,0.0667637983729727,0.0550389035874566,1.21302922153755,1,1,"Cdc40"
"ENSMUSG00000038451.14",192.232527294778,-0.0268241056816501,0.0987208756635644,-0.271716650620738,1,1,"Spsb2"
"ENSMUSG00000038456.10",8235.08432754212,0.35335454430392,0.0757084156505212,4.66730866400699,1,1,"Dennd2a"
"ENSMUSG00000038459.11",2331.43710848022,-0.0220634349970336,0.0456329522251751,-0.48349786549338,1,1,"Abhd17c"
"ENSMUSG00000038462.4",4001.85179473675,0.184647607101955,0.0474023620726212,3.89532502239175,1,1,"Uqcrfs1"
"ENSMUSG00000038463.9",1153.46635634776,-0.190224489015784,0.110559951376259,-1.72055510741327,0.99999999999988,1,"Olfml2b"
"ENSMUSG00000038467.16",4192.25266596878,-0.143560384641142,0.0438610852200447,-3.27306959964444,1,1,"Chmp4b"
"ENSMUSG00000038473.15",192.795173248736,-0.176611871131652,0.156552349358581,-1.12813299739837,0.999999927778841,1,"Nos1ap"
"ENSMUSG00000038481.14",4701.46213965428,-0.173892323386434,0.105074346779844,-1.6549455572708,0.999999999999998,1,"Cdk19"
"ENSMUSG00000038482.12",4916.61538817163,-0.301831789042974,0.0834802326414921,-3.61560790491802,1,1,"Tfdp1"
"ENSMUSG00000038485.7",2070.48905254994,-0.221569971342553,0.0773763785485684,-2.86353504129785,1,1,"Socs7"
"ENSMUSG00000038486.10",1308.11390753236,-1.03313442776825,0.152680805216049,-6.76662941557275,0.414097299542111,1,"Sv2a"
"ENSMUSG00000038489.9",517.483248745564,-0.101205606552736,0.0839977734261263,-1.20486058647428,1,1,"Polr2l"
"ENSMUSG00000038495.15",2072.41439309096,-0.141189810293078,0.0678060989293103,-2.08225827060589,1,1,"Otud7b"
"ENSMUSG00000038497.8",1588.92734855578,0.157461164631633,0.0649701202835067,2.42359355261355,1,1,"Tmco3"
"ENSMUSG00000038500.16",981.843983860379,0.0336848865744744,0.0328555755330361,1.02524110529138,1,1,"Prr3"
"ENSMUSG00000038502.18",4345.26684854831,0.15028467875583,0.0560190841615109,2.68274073032929,1,1,"Ptov1"
"ENSMUSG00000038503.16",3074.57228512133,0.269407602320581,0.0638169800538544,4.22156614263526,1,1,"Mesd"
"ENSMUSG00000038506.14",782.409112560087,-0.0386834822187732,0.0488395907991195,-0.792051726597812,1,1,"Dcun1d2"
"ENSMUSG00000038507.7",532.34081661963,-0.81431969249229,0.0986678788623016,-8.25313873047513,0.970073293924308,1,"Parp12"
"ENSMUSG00000038508.8",101.96505435103,0.958885389447991,0.292601203422603,3.27710678641016,0.555873114921834,1,"Gdf15"
"ENSMUSG00000038510.13",1573.7804724558,0.563566932921391,0.101659078366856,5.5436950833614,0.999991190406547,1,"Rpf2"
"ENSMUSG00000038515.11",212.881855983929,0.0320859954244198,0.128359139225181,0.249970478285394,0.999999999999977,1,"Grtp1"
"ENSMUSG00000038517.16",951.742199163285,0.250161332209186,0.0769145756231565,3.25245677015567,1,1,"Tbkbp1"
"ENSMUSG00000038518.16",1797.31166163438,-0.109716849827977,0.096358386643615,-1.13863311383335,1,1,"Jarid2"
"ENSMUSG00000038520.16",960.97563335103,0.172143051558499,0.12500769380956,1.37705965379015,0.999999999982335,1,"Tbc1d17"
"ENSMUSG00000038521.18",174.735476635294,-0.354198857759585,0.211849080771473,-1.67193955465716,0.998849690044735,1,"C1s1"
"ENSMUSG00000038524.14",410.626021476029,-0.250899047424448,0.128204535747013,-1.95702161364671,0.999999997436771,1,"Fchsd1"
"ENSMUSG00000038525.17",1124.99775977516,-0.211587958931352,0.0413273174197668,-5.11980869172384,1,1,"Armc10"
"ENSMUSG00000038527.10",58.376099860247,0.411466138475897,0.165007145027457,2.49362619059575,0.999819259556835,1,"C1rl"
"ENSMUSG00000038528.16",9.63309648199348,1.24766497854192,0.329351778967085,3.78824423676975,0.226032430753561,1,"Mfsd4b5"
"ENSMUSG00000038533.16",1876.08526888124,-0.361063639912772,0.0686892034996814,-5.256483137331,1,1,"Cbfa2t2"
"ENSMUSG00000038534.21",439.145225779602,-0.0332247843345959,0.0721168343479061,-0.460707747851395,1,1,"Osbpl7"
"ENSMUSG00000038535.18",1708.3277013051,0.049220026060234,0.0471288738303488,1.04437093569035,1,1,"Zfp280d"
"ENSMUSG00000038538.18",3237.49836924699,-0.00398177599425252,0.0811088182219071,-0.0490917767209812,1,1,"Ubn2"
"ENSMUSG00000038539.16",4002.07564392839,0.486282980758234,0.133202633018305,3.65070096393222,0.999942526128798,1,"Atf5"
"ENSMUSG00000038542.15",1443.82162711318,0.122913585800089,0.093018979686582,1.32138178911695,1,1,"Pcid2"
"ENSMUSG00000038544.15",1012.50243725352,-0.233842763141161,0.047723457128356,-4.89995438746658,1,1,"Inip"
"ENSMUSG00000038545.14",3248.48649236178,0.244811723935086,0.0458706068760901,5.33700643194876,1,1,"Cul7"
"ENSMUSG00000038546.10",5417.91251724786,0.0694541764356234,0.0880911472021609,0.788435372242713,1,1,"Ranbp9"
"ENSMUSG00000038550.11",422.294560036569,0.547317251948014,0.201416916198663,2.71733507928491,0.987695674039758,1,"Ciart"
"ENSMUSG00000038552.15",469.875503865462,-0.220379664912291,0.193996046153744,-1.13600080662282,0.999970745487393,1,"Fndc4"
"ENSMUSG00000038560.8",14.0798511132899,0.620965104746515,0.211091046650066,2.94169323901223,0.963720851137369,1,"Sp6"
"ENSMUSG00000038563.15",976.626123441935,0.167607607388938,0.0313773556110476,5.34167408708991,1,1,"Efl1"
"ENSMUSG00000038564.12",49.16379021583,-0.664777163427542,0.287445366756265,-2.31270787534116,0.878236054711415,1,"Ift172"
"ENSMUSG00000038569.14",444.837812596111,0.231180961689651,0.0836577912942921,2.76341220719538,1,1,"Rad9b"
"ENSMUSG00000038570.16",46.9072045472171,-0.0933143794656802,0.138241783394103,-0.675008504481295,0.999999999972861,1,"Saxo2"
"ENSMUSG00000038582.16",787.063112173766,0.259809320447518,0.0806361201380645,3.22199679253757,1,1,"Pptc7"
"ENSMUSG00000038587.11",5126.49955026657,0.60838509228554,0.171395090432204,3.54960629707296,0.988839672812553,1,"Akap12"
"ENSMUSG00000038593.19",481.704516925325,0.526596993474195,0.0682197522469812,7.7191279084057,0.999999999998031,1,"Tctn1"
"ENSMUSG00000038594.10",751.589625528111,0.0552369805437231,0.0876561064320641,0.63015553384787,1,1,"Cep85l"
"ENSMUSG00000038602.8",2333.02754744883,-0.0973224963913164,0.138494176989226,-0.70271904932788,0.999999999964328,1,"Slc35f1"
"ENSMUSG00000038604.10",2059.39573110802,0.280654813877113,0.0496371510721791,5.65412816438645,1,1,"Ripor1"
"ENSMUSG00000038605.12",170.993344389645,0.884414146776828,0.183306514470862,4.82478295618573,0.735836043895293,1,"Samd10"
"ENSMUSG00000038607.13",1952.39377349045,-0.432813924137985,0.0483614052200083,-8.9495729532466,1,1,"Gng10"
"ENSMUSG00000038608.16",5278.46849487326,-0.922478483333928,0.0983572700920786,-9.37885407423708,0.784699183768439,1,"Dock10"
"ENSMUSG00000038611.18",3212.20399587017,0.0338618936496689,0.0630086934683852,0.537416216488591,1,1,"Phrf1"
"ENSMUSG00000038612.17",7002.42710860133,-0.110649290627601,0.0567600833526688,-1.94942086219467,1,1,"Mcl1"
"ENSMUSG00000038615.18",16106.444047268,0.783291442419134,0.0831263685281703,9.42289981251482,0.995432729499341,1,"Nfe2l1"
"ENSMUSG00000038618.13",139.993608393215,0.0105448386133355,0.154252816687626,0.0683607524307947,0.999999999957892,1,"Rassf7"
"ENSMUSG00000038619.13",3629.16068220999,-0.31457051767659,0.0637688042385885,-4.93298441820606,1,1,"Ensa"
"ENSMUSG00000038622.9",810.236067726745,-0.382597378710971,0.0698132616339953,-5.48029657626921,1,1,"Med30"
"ENSMUSG00000038623.10",169.000284169267,-0.40354074646945,0.212411153188592,-1.89980959291323,0.997507806961692,1,"Tm6sf1"
"ENSMUSG00000038628.9",2760.159235324,-0.896955278253826,0.0875210759253363,-10.2484489452462,0.880476145016628,1,"Polr3k"
"ENSMUSG00000038630.9",99.6865424034968,-0.511107552206457,0.161669794765453,-3.16142884295709,0.998752794013507,1,"Zkscan16"
"ENSMUSG00000038633.6",4463.27251296415,-0.164690311402886,0.0709072895870896,-2.32261467561259,1,1,"Degs1"
"ENSMUSG00000038637.16",118.289662590078,-0.256380445757518,0.0965978310348416,-2.65410147423543,0.999999999999993,1,"Lrrc56"
"ENSMUSG00000038642.11",1848.60863321754,0.0976029873160549,0.349912063593654,0.278935759783919,0.995898609466519,1,"Ctss"
"ENSMUSG00000038644.15",1946.85056174075,0.0203873984721126,0.100029965558024,0.203812911045007,1,1,"Pold1"
"ENSMUSG00000038646.14",1049.27862491768,0.072623000712581,0.0529049820505425,1.37270627260021,1,1,"Ramac"
"ENSMUSG00000038648.6",5692.25326830592,0.611934258827109,0.0814655952259174,7.51156678018635,0.999999048935409,1,"Creb3l2"
"ENSMUSG00000038650.16",756.791786768807,0.449216626588245,0.0735879618947449,6.10448523130417,0.999999999999964,1,"Rnh1"
"ENSMUSG00000038658.16",2446.47888066765,0.297511239148305,0.0622626800776324,4.77832368888316,1,1,"Ric1"
"ENSMUSG00000038664.17",4180.0333980623,-0.116438359920885,0.0831683084875437,-1.40003280141647,1,1,"Herc1"
"ENSMUSG00000038668.15",112.657221051437,0.543762888239829,0.187852417856482,2.89462810457547,0.992423461349017,1,"Lpar1"
"ENSMUSG00000038670.12",11.5301804038786,1.15240312355168,0.25431978767813,4.53131521566924,0.274500482808453,1,"Mybpc2"
"ENSMUSG00000038671.16",1124.88949077301,-0.262225632522276,0.0475723892946443,-5.51213921373921,1,1,"Arfrp1"
"ENSMUSG00000038677.15",33.5835876411158,-0.848967904010028,0.347100019795715,-2.44588837681336,0.668264409967775,1,"Scube3"
"ENSMUSG00000038679.18",4963.83336916505,0.532969589621981,0.0784923431822945,6.79008382236961,0.999999998659389,1,"Trps1"
"ENSMUSG00000038683.17",1941.59130562859,0.0971293499819366,0.0534985527259675,1.81555098283605,1,1,"Pak1ip1"
"ENSMUSG00000038685.19",1584.36430333633,-0.408207993267493,0.0877271622324887,-4.65315397055346,0.999999999992392,1,"Rtel1"
"ENSMUSG00000038690.16",3630.40292024823,0.0804686542982848,0.0817274479541722,0.984597663485182,1,1,"Atp5mf"
"ENSMUSG00000038695.14",1382.94061248426,0.350247527290192,0.0730952170211422,4.79166136395607,1,1,"Josd2"
"ENSMUSG00000038696.15",2142.76038531462,-0.268992972801491,0.0613155939958049,-4.3870238429052,1,1,"Mapkap1"
"ENSMUSG00000038697.16",1125.62874176104,0.0746934185375251,0.067784361944357,1.10192699901549,1,1,"Taf5l"
"ENSMUSG00000038702.7",1501.24373942331,-0.577771843842388,0.0944733004889881,-6.11571566624512,0.999996075934892,1,"Dsel"
"ENSMUSG00000038704.13",50.1943403227041,-0.580595859516382,0.113408371797073,-5.11951499096794,0.999891422929214,1,"Aspdh"
"ENSMUSG00000038705.14",1171.0368371037,-0.103489990320873,0.0558845785592712,-1.8518523891365,1,1,"Gmeb2"
"ENSMUSG00000038708.11",3081.90741120435,0.307447315817075,0.0536457003965006,5.73107096271838,1,1,"Golga4"
"ENSMUSG00000038712.17",1161.63695317405,-0.338783363209252,0.0639374759778061,-5.29866651800346,1,1,"Mindy1"
"ENSMUSG00000038717.10",4189.84146603902,0.271455476008379,0.0838272775786029,3.23827140579439,1,1,"Atp5mg"
"ENSMUSG00000038718.16",1200.74689703931,-0.330860114397585,0.114963669083257,-2.87795367907033,0.999999997065469,1,"Pbx3"
"ENSMUSG00000038722.18",2165.69976181044,-0.137348182554302,0.0589748678422708,-2.32892734786015,1,1,"Bud31"
"ENSMUSG00000038729.25",3875.18093637418,0.352003132027563,0.0624177944658636,5.63946763963399,1,1,"Pakap"
"ENSMUSG00000038732.16",444.616684670198,0.493347032625796,0.0944952093456331,5.22086819048457,0.999999958773989,1,"Mboat1"
"ENSMUSG00000038733.15",12098.8399736788,-0.41448809879997,0.0610337215679328,-6.79113264195482,1,1,"Wdr26"
"ENSMUSG00000038736.11",1532.44203054081,-0.0914637102955207,0.0729057176914171,-1.25454783509097,1,1,"Nudcd1"
"ENSMUSG00000038738.16",452.325252391856,-0.537344888716676,0.1771273126297,-3.03366477331501,0.995499181060726,1,"Shank1"
"ENSMUSG00000038740.10",3335.51124385299,0.00972908356540471,0.0711975356410018,0.136649161769608,1,1,"Mvb12b"
"ENSMUSG00000038742.8",140.432525749679,0.0937481371756759,0.101719247759505,0.921636162679108,1,1,"Angptl6"
"ENSMUSG00000038754.6",18.2593121998071,0.701771240300985,0.322052094154929,2.1790612544919,0.822783947593523,1,"Elovl3"
"ENSMUSG00000038759.17",4619.61317702083,0.0273127230035411,0.0679630177644084,0.401876254203716,1,1,"Nup205"
"ENSMUSG00000038762.16",4856.99419098421,-0.00579079151949955,0.0512369467700766,-0.113019839872299,1,1,"Abcf1"
"ENSMUSG00000038764.15",383.673843786331,0.334730556262795,0.148571896350015,2.25298703514031,0.999996228501093,1,"Ptpn3"
"ENSMUSG00000038765.15",355.324711274595,-0.787555159916552,0.110349634201376,-7.13690775339909,0.972897672734075,1,"Lmx1b"
"ENSMUSG00000038766.17",1462.80589659669,-0.315277462380579,0.0916777637781563,-3.4389741785532,0.99999999999996,1,"Gabpb2"
"ENSMUSG00000038773.12",3216.62986731413,-0.00344470833377919,0.0473395895350777,-0.0727659104696446,1,1,"Kdm3b"
"ENSMUSG00000038774.10",2055.64584931049,0.163662933642808,0.0623118594783027,2.62651339589371,1,1,"Ascc3"
"ENSMUSG00000038775.15",20.4179557761053,-0.622266745755286,0.277908418139602,-2.23910722072011,0.912958467411736,1,"Vill"
"ENSMUSG00000038776.14",8361.26999414844,0.488429079753791,0.122220886299269,3.99628160573004,0.999985780937247,1,"Ephx1"
"ENSMUSG00000038777.20",418.883017724866,-0.48547106651273,0.123065326797076,-3.94482409584976,0.999985484773159,1,"Sema6c"
"ENSMUSG00000038780.15",2149.2720892773,0.084343043660345,0.0840266003206242,1.00376599003784,1,1,"Smurf1"
"ENSMUSG00000038781.8",22.4376057224151,-0.10777641213154,0.127440418332955,-0.845700395065876,0.99999999999873,1,"Stap2"
"ENSMUSG00000038782.8",15.1814799910268,0.231022900327963,0.128846536000743,1.79300823676494,0.9999999988003,1,"1700028J19Rik"
"ENSMUSG00000038784.14",1416.59501639847,-0.148279840218334,0.053064265435857,-2.79434453676875,1,1,"Cnot4"
"ENSMUSG00000038793.9",119.271407567625,0.213138804505884,0.290998236224073,0.732440193698505,0.996589859669382,1,"Lefty1"
"ENSMUSG00000038797.14",210.61146119757,-0.120001130218942,0.102669018260909,-1.16881540557823,1,1,"Zscan2"
"ENSMUSG00000038803.8",1860.76744425394,0.329275100073884,0.0478024507866845,6.88824724789225,1,1,"Ost4"
"ENSMUSG00000038805.11",568.527268864673,0.732159423282943,0.106476385049718,6.87626108776206,0.994056694228923,1,"Six3"
"ENSMUSG00000038806.8",2505.63443099762,-0.247841627875172,0.0395069801116494,-6.27336301521287,1,1,"Sde2"
"ENSMUSG00000038811.14",42.6429582460615,0.10558280457569,0.274261453390214,0.384971359520465,0.999473015837557,1,"Gngt2"
"ENSMUSG00000038812.17",1243.41069286788,0.353165795063957,0.0816123225028796,4.32735871536429,0.999999999999999,1,"Trmt112"
"ENSMUSG00000038816.15",576.136736928792,-0.0297776239174007,0.11681848901888,-0.254905059699823,1,1,"Ctnnal1"
"ENSMUSG00000038822.16",1108.87787359467,-0.0774475948803593,0.063522964697184,-1.21920623902796,1,1,"Hace1"
"ENSMUSG00000038827.12",1112.54558023661,-0.173263854023319,0.0665438058274818,-2.60375630562091,1,1,"Abitram"
"ENSMUSG00000038828.14",1499.61423811465,0.17895513812433,0.0484502698371609,3.69358393102431,1,1,"Tmem214"
"ENSMUSG00000038831.17",1547.77222235597,-0.555659886128669,0.110645857318665,-5.02196737947759,0.999970387384827,1,"Ralgps1"
"ENSMUSG00000038836.16",264.429856182691,-0.4516335038246,0.0606778292072624,-7.4431387827326,1,1,"Agbl3"
"ENSMUSG00000038838.16",880.178468640303,0.322264401740667,0.0596563204763362,5.40201606749278,1,1,"Vars2"
"ENSMUSG00000038843.19",63.6456338240039,-0.0574227181874093,0.375623536901002,-0.152873056521331,0.996390615142858,1,"Gcnt1"
"ENSMUSG00000038844.11",447.646983855828,-0.215673863117327,0.0775443123251753,-2.781298288041,1,1,"Kif16b"
"ENSMUSG00000038845.12",3711.23730866037,0.141580158424277,0.0572869860148002,2.47141922229422,1,1,"Phb1"
"ENSMUSG00000038848.15",3478.81148049142,-0.4217872381024,0.0525393819934872,-8.02802054570579,1,1,"Ythdf1"
"ENSMUSG00000038855.11",3373.74694936961,0.287003679577403,0.1313698345396,2.18470001567133,0.999999971409168,1,"Itpkb"
"ENSMUSG00000038860.16",371.132059355425,-0.537087100018139,0.142814516249751,-3.76073185080775,0.99940519048398,1,"Garnl3"
"ENSMUSG00000038861.15",1571.16508279809,-0.425662714270116,0.0559450562864639,-7.60858496755337,1,1,"Pi4kb"
"ENSMUSG00000038866.16",1598.77195771208,-0.405915199643759,0.0616256091511811,-6.58679411424495,1,1,"Zcchc2"
"ENSMUSG00000038871.6",1134.13228458085,-0.632909706271802,0.0885504191147796,-7.14745014872737,0.999983050135985,1,"Bpgm"
"ENSMUSG00000038872.11",1276.93855688158,0.557972560475698,0.081117783146651,6.87854794388244,0.999999974702283,1,"Zfhx3"
"ENSMUSG00000038876.13",1763.15689837776,-0.0298590345014597,0.0551533357367082,-0.541382204768197,1,1,"Rnf146"
"ENSMUSG00000038880.14",934.432467242594,0.235639777997606,0.0577211381767591,4.08238273604391,1,1,"Mrps34"
"ENSMUSG00000038886.11",3995.95060148423,0.44022400406582,0.0759516412448605,5.79610916697088,0.999999999999915,1,"Man2a2"
"ENSMUSG00000038888.9",391.801980421519,-0.0621419880143537,0.057576990444607,-1.07928510216488,1,1,"Ctu1"
"ENSMUSG00000038893.13",223.687921735399,0.075763179963504,0.151121553729981,0.501339339713744,0.999999999520329,1,"Fam117a"
"ENSMUSG00000038894.8",5730.6845314041,0.366601844506428,0.0938892922734484,3.90461825443008,0.999999999992413,1,"Irs2"
"ENSMUSG00000038895.17",249.178786296189,-0.194361457406327,0.0551852498092557,-3.52198201653748,1,1,"Zfp653"
"ENSMUSG00000038900.18",19893.1006852743,0.6866254651777,0.106231928643378,6.46345664572005,0.998410662911376,1,"Rpl12"
"ENSMUSG00000038902.16",2949.16462372878,-0.637513655502053,0.07925034378079,-8.04430145142896,0.999997606819104,1,"Pogz"
"ENSMUSG00000038909.18",4675.96409285549,-0.119885104689294,0.0681127050850281,-1.76009900854233,1,1,"Kat7"
"ENSMUSG00000038910.8",923.973095086494,0.0601163060396383,0.0756052461572041,0.795134056102932,1,1,"Plcl2"
"ENSMUSG00000038914.16",3765.88835550445,-0.482793659268949,0.0799071959948588,-6.04192968177749,0.999999999951831,1,"Dido1"
"ENSMUSG00000038930.12",274.887430255864,-0.350099172294458,0.151056725589219,-2.31766689585547,0.999991550682117,1,"Rccd1"
"ENSMUSG00000038936.14",3205.67655053393,-0.423190131685796,0.0519855736719041,-8.1405301854832,1,1,"Sccpdh"
"ENSMUSG00000038943.17",6761.21177092517,0.0142841731014856,0.12282424079856,0.116297670627678,1,1,"Prc1"
"ENSMUSG00000038949.9",1487.43098141548,-0.859750493170487,0.0657628781438598,-13.0734924844642,0.983523466014332,1,"Cnst"
"ENSMUSG00000038954.15",651.301553899202,0.227746217997179,0.0772343296945666,2.94876927006205,1,1,"Supt3"
"ENSMUSG00000038957.14",1063.25167113333,-0.0825750321107738,0.0517290088074477,-1.59630029676666,1,1,"Edc3"
"ENSMUSG00000038965.18",8146.24281529069,0.113463193443584,0.051941954288524,2.18442288122864,1,1,"Ube2l3"
"ENSMUSG00000038967.14",940.289622493787,0.34928796824123,0.12113210817743,2.88352917733097,0.999999961048731,1,"Pdk2"
"ENSMUSG00000038970.8",2030.71761688532,-0.108184618049953,0.0875810117093931,-1.23525197914961,1,1,"Lmtk2"
"ENSMUSG00000038975.15",2012.80040663842,0.483920848125213,0.0534657141572492,9.05104992522764,1,1,"Rabggtb"
"ENSMUSG00000038976.13",8576.36030084225,-0.153540975223657,0.0639239859350939,-2.40193055826583,1,1,"Ppp1r9b"
"ENSMUSG00000038982.11",795.01652841429,0.0206737887534473,0.0581311182721352,0.355640651133959,1,1,"Bloc1s5"
"ENSMUSG00000038990.15",774.763205084967,-0.527991777926243,0.0567405957675182,-9.30536189802395,1,1,"Cables2"
"ENSMUSG00000038991.18",7653.91304305093,0.647889525195183,0.0615990815755809,10.5178439129849,0.999999994552232,1,"Txndc5"
"ENSMUSG00000039000.9",3529.48129181511,0.0337605713412648,0.0832096438386247,0.405729069177841,1,1,"Ube3c"
"ENSMUSG00000039001.13",7395.01414144831,0.128621847317817,0.100696580201771,1.27732090861567,1,1,"Rps21"
"ENSMUSG00000039005.14",1149.38232785049,0.688439325922434,0.143523464954458,4.79670224057707,0.985026836255228,1,"Tlr4"
"ENSMUSG00000039007.11",3453.20962379222,0.215350960859694,0.0845165741051489,2.54803230182723,1,1,"Cpq"
"ENSMUSG00000039016.6",1422.10155210428,0.173629384216693,0.0713772579782515,2.43255890089807,1,1,"Timm8b"
"ENSMUSG00000039018.16",431.785540631098,0.41486820987955,0.0844289403425904,4.91381519412803,0.999999999997903,1,"Mtg1"
"ENSMUSG00000039021.16",15.7155434586452,0.109728630363422,0.207501114063977,0.528809837279187,0.999991128533794,1,"Ttc16"
"ENSMUSG00000039033.12",325.44399468628,-0.415067021843186,0.0624619756275021,-6.64511517084374,1,1,"Tasp1"
"ENSMUSG00000039041.16",2657.79090600053,-0.355696187343852,0.0549628385912858,-6.47157600408663,1,1,"Adrm1"
"ENSMUSG00000039043.6",1440.44895306808,-0.0467608689829091,0.0411237437609883,-1.13707714099874,1,1,"Arpin"
"ENSMUSG00000039046.16",2059.79327037404,0.393295391748735,0.0986620192755323,3.9862897053666,0.999999999610928,1,"Usp6nl"
"ENSMUSG00000039047.18",1819.05730942673,0.311406557596033,0.0919222792467525,3.38771579803961,0.999999999999966,1,"Pigk"
"ENSMUSG00000039048.16",992.460670987345,0.136543551848407,0.0533048172225419,2.56156120521627,1,1,"Foxred1"
"ENSMUSG00000039050.9",1622.71037494127,-0.462683709012949,0.0508276196880538,-9.10299777665361,1,1,"Osbpl2"
"ENSMUSG00000039055.5",366.998510656861,-0.298456592308672,0.13896124704098,-2.14776852298006,0.999999777333236,1,"Eme1"
"ENSMUSG00000039057.12",406.045566263725,-0.29418883673244,0.166189088071826,-1.7702054939088,0.999989169177686,1,"Myo16"
"ENSMUSG00000039058.12",604.37128710667,0.0960773762914738,0.128004977769802,0.750575313283945,0.999999999999177,1,"Ak5"
"ENSMUSG00000039062.16",239.743674307293,1.0000755222534,0.298522486155107,3.35008439442575,0.499899072874051,1,"Anpep"
"ENSMUSG00000039065.12",353.700446565636,0.125798357233815,0.0515819229887065,2.43880704605289,1,1,"Atpsckmt"
"ENSMUSG00000039067.6",4159.69242157403,0.038390407036261,0.0463482828286241,0.828302683363959,1,1,"Psmd7"
"ENSMUSG00000039068.17",2544.07170878245,-0.0231278743007408,0.0664841052985308,-0.347870730859514,1,1,"Zzz3"
"ENSMUSG00000039069.20",470.329337803121,-0.6055684251913,0.0517741872822471,-11.6963385999676,0.999999999999987,1,"Mtg2"
"ENSMUSG00000039081.11",371.689087746017,0.15156738356385,0.0622042633557064,2.43660764370977,1,1,"Zfp503"
"ENSMUSG00000039086.10",707.724926201659,-0.610125121054625,0.0773630320230253,-7.88652028106959,0.999999766686316,1,"Ss18l1"
"ENSMUSG00000039089.16",1397.04632538164,0.0193119077685024,0.0709365965306214,0.272241814705136,1,1,"L3mbtl3"
"ENSMUSG00000039095.9",664.711912397547,-0.110836258200478,0.0891085608375988,-1.24383400605558,1,1,"En2"
"ENSMUSG00000039096.11",501.526952000788,0.0161470261599602,0.0685082259857426,0.235694705674039,1,1,"Rsad1"
"ENSMUSG00000039097.6",44.1349889716612,-0.179333160033638,0.180954935268285,-0.99103768442545,0.999997122590846,1,"Rln1"
"ENSMUSG00000039099.8",57.4532825569066,0.653045318353943,0.177387505071445,3.68146176976175,0.974762349462095,1,"Wdr93"
"ENSMUSG00000039100.11",7895.67833227745,0.13823303407932,0.0591254907511008,2.33796002913932,1,1,"Marchf6"
"ENSMUSG00000039103.13",715.941495597168,0.596628306730407,0.116225100822857,5.13338601133805,0.999740358670244,1,"Nexn"
"ENSMUSG00000039105.7",5586.49366391301,0.239676467880048,0.075822933404275,3.16100231314098,1,1,"Atp6v1g1"
"ENSMUSG00000039108.15",3054.19865163493,-0.644909430669527,0.0510073123896857,-12.6434701311559,0.999999999998317,1,"Lsm14b"
"ENSMUSG00000039114.17",812.875368412801,-0.314003684165987,0.158632426814261,-1.9794419745822,0.999992353988244,1,"Nrn1"
"ENSMUSG00000039115.14",3744.10274562435,-0.0206937650391647,0.145355200251678,-0.142366870970795,0.999999999993027,1,"Itga9"
"ENSMUSG00000039117.17",1324.61445576345,-0.639135306787082,0.124739487909487,-5.12376086753579,0.998091769881951,1,"Taf4"
"ENSMUSG00000039126.11",2077.10553972372,0.558954761070182,0.167847542830943,3.33013371326599,0.995701202078217,1,"Prune2"
"ENSMUSG00000039128.14",2942.67872108658,-0.0865607965168057,0.0463186256166409,-1.86881185191529,1,1,"Cdc123"
"ENSMUSG00000039130.19",1134.52821682005,-0.0538284762144257,0.0528271461507419,-1.01895483925682,1,1,"Zc3hc1"
"ENSMUSG00000039137.19",1404.82658857819,-0.493748777845016,0.0945657464501565,-5.22122223299173,0.999999956849083,1,"Whrn"
"ENSMUSG00000039145.17",902.505413653249,-0.616901190923179,0.135861895191399,-4.54064909115322,0.997597069059822,1,"Camk1d"
"ENSMUSG00000039148.6",2937.9557321165,0.212799244048228,0.0751397934472953,2.83204457033129,1,1,"Sart1"
"ENSMUSG00000039153.18",655.315665674994,-0.526299978445481,0.12692937398843,-4.14640017442656,0.999905016054179,1,"Runx2"
"ENSMUSG00000039155.16",89.0632338695025,-0.449560798440594,0.320062405137422,-1.40460357487963,0.95726739079004,1,"Cdh26"
"ENSMUSG00000039156.20",4929.33448748058,0.496696357877399,0.0668412313777768,7.43098754524949,0.999999999999975,1,"Stim2"
"ENSMUSG00000039157.13",732.927702017892,-0.129761655430389,0.102792490808504,-1.26236512423973,1,1,"Eeig1"
"ENSMUSG00000039158.12",733.294186372682,-0.0401287895156179,0.0867030522435588,-0.462830182758636,1,1,"Akna"
"ENSMUSG00000039159.17",5638.94710793476,-0.0868736137067105,0.0712570976525225,-1.21915734107415,1,1,"Ube2h"
"ENSMUSG00000039163.11",618.374585351008,0.427310978818594,0.096467182907805,4.42959943410995,0.999999998545211,1,"Cmc1"
"ENSMUSG00000039164.3",280.630423148623,-0.0819253303149986,0.0523339785473474,-1.56543287151156,1,1,"Naif1"
"ENSMUSG00000039166.17",868.248119637893,0.0314068293060202,0.103276943027339,0.304103010656564,1,1,"Akap7"
"ENSMUSG00000039168.16",1738.50407438236,0.200139064531543,0.0978632674356793,2.04508872200782,1,1,"Dap"
"ENSMUSG00000039176.18",3882.62084772492,-0.0137136642664648,0.0946555695602618,-0.144879633920898,1,1,"Polg"
"ENSMUSG00000039178.10",1068.09582607497,-0.267485055243168,0.0670625278962887,-3.98859189526571,1,1,"Tbc1d19"
"ENSMUSG00000039182.7",553.72760468707,-0.166193328930358,0.048225512261845,-3.44617031806723,1,1,"AW209491"
"ENSMUSG00000039183.7",704.659690827401,-0.00034510780932902,0.0498267604831902,-0.00692615385753298,1,1,"Nubp2"
"ENSMUSG00000039187.17",1297.91662392412,-0.178733053293799,0.135382039275413,-1.32021244657273,0.999999999345514,1,"Fanci"
"ENSMUSG00000039191.13",4543.1489244028,0.547562377901081,0.102018563495792,5.36728178811955,0.999995393303958,1,"Rbpj"
"ENSMUSG00000039195.5",521.516365884749,0.0298358539264802,0.144993424575377,0.205773841219741,0.999999999989536,1,"Bbln"
"ENSMUSG00000039197.11",1533.68087311335,0.609471375756776,0.0792548838434178,7.69001664251879,0.999999583562831,1,"Adk"
"ENSMUSG00000039199.7",343.644685979751,0.375039912908101,0.0779376403222656,4.81205116497423,0.999999999999999,1,"Zdhhc1"
"ENSMUSG00000039200.17",12.3319572764556,-0.467100710400944,0.212281089012492,-2.20038776215934,0.993969378804599,1,"Atf7ip2"
"ENSMUSG00000039201.11",158.010558498589,-0.300787492305599,0.0583297418758143,-5.15667449627987,1,1,"Tbc1d25"
"ENSMUSG00000039202.13",12877.7398180459,0.227054196418966,0.0849041218260702,2.67424232811802,1,1,"Abhd2"
"ENSMUSG00000039205.17",1624.72105248148,0.0335591455290686,0.0550330469460414,0.60979988191409,1,1,"Ciz1"
"ENSMUSG00000039206.14",821.554940292517,-0.144192441649234,0.0711882242265377,-2.02550974147606,1,1,"Daglb"
"ENSMUSG00000039208.16",596.950396090111,0.54878187945717,0.0940241324860853,5.83660667689101,0.999999202544749,1,"Metrnl"
"ENSMUSG00000039210.17",1061.17992633436,-0.366350489754867,0.0589135906484057,-6.21843764270344,1,1,"Gpatch2"
"ENSMUSG00000039217.14",322.798030660996,-0.135583782470397,0.0970093328587893,-1.39763647965457,1,1,"Il18"
"ENSMUSG00000039218.18",21649.7221769363,0.253125615072379,0.0505878850386492,5.00368052309343,1,1,"Srrm2"
"ENSMUSG00000039219.19",2677.2459369054,-0.0394977209721793,0.0440286414848175,-0.897091521340701,1,1,"Arid4b"
"ENSMUSG00000039220.17",2287.86252776842,-0.353307822798829,0.0735931205064204,-4.80082676706182,1,1,"Ppp1r10"
"ENSMUSG00000039221.11",2842.1015840627,0.904958993949306,0.0958673327935199,9.43970138293528,0.839250095227912,1,"Rpl22l1"
"ENSMUSG00000039230.15",2389.54546968907,-0.518875957037982,0.0683733523602545,-7.58886231443005,0.999999999999016,1,"Tbcd"
"ENSMUSG00000039231.19",1636.31785454456,-0.0639056257745051,0.053945987338542,-1.18462241451733,1,1,"Suv39h1"
"ENSMUSG00000039232.13",90.2483669827996,0.122269270268212,0.159155030413888,0.768240060966011,0.999999982556116,1,"Stx11"
"ENSMUSG00000039233.13",946.533831655217,-0.086119612741198,0.0493781274155173,-1.74408421802838,1,1,"Tbce"
"ENSMUSG00000039234.12",2805.06846631994,0.243217234059154,0.0759459934275066,3.20250250319412,1,1,"Sec24d"
"ENSMUSG00000039236.19",50.0342602185642,0.251585242380122,0.162369894554518,1.54945744757904,0.999997980056712,1,"Isg20"
"ENSMUSG00000039238.7",8.91663021853798,-0.963464551023553,0.234596112426337,-4.10690757429359,0.561880093487139,1,"Zfp750"
"ENSMUSG00000039239.15",2276.065589013,-0.436153021950598,0.113393952580061,-3.84635169713003,0.999999669458201,1,"Tgfb2"
"ENSMUSG00000039242.11",705.397487702564,0.262105156003113,0.0812483669867097,3.22597444999709,1,1,"B3galnt2"
"ENSMUSG00000039244.11",845.424479800327,-0.432571546218632,0.0734586114604053,-5.88864310962087,0.999999999999994,1,"Ints15"
"ENSMUSG00000039246.9",735.010043255733,-0.0386983067116036,0.0613137593859293,-0.631152079063094,1,1,"Lyplal1"
"ENSMUSG00000039253.8",865.76909685619,-0.423168993374678,0.0658120944629674,-6.42995784935542,1,1,"Fn3krp"
"ENSMUSG00000039254.17",1041.60452456524,0.189897263819924,0.0470312013416129,4.0376868632506,1,1,"Pomt1"
"ENSMUSG00000039262.17",13822.7787483888,0.000207056017266149,0.0854814034569278,0.00242223464862132,1,1,"Prrc2b"
"ENSMUSG00000039263.17",2302.07404294833,0.0506170749207253,0.0684125411406109,0.739880058200003,1,1,"Npepl1"
"ENSMUSG00000039270.10",2858.17045587708,-0.51367202311542,0.115061216641204,-4.46433679488378,0.999988142244935,1,"Megf9"
"ENSMUSG00000039275.10",6174.72984680214,-0.344488147241368,0.079875265921985,-4.31282629566245,1,1,"Foxk2"
"ENSMUSG00000039278.11",1101.57795493487,-0.480467877590924,0.137350832439401,-3.49810677560258,0.999922375355732,1,"Pcsk1n"
"ENSMUSG00000039285.13",2227.22475031597,0.0979586780343051,0.0350273445742201,2.79663443589732,1,1,"Azi2"
"ENSMUSG00000039286.13",9199.43565020046,0.812744097047466,0.0883562052686868,9.19849482643524,0.982968680392757,1,"Fndc3b"
"ENSMUSG00000039294.15",1033.36535156908,-0.150930524078683,0.0840020242817718,-1.79674865420397,1,1,"Cybc1"
"ENSMUSG00000039298.17",5293.54784862584,0.26411215968403,0.0803798038497578,3.28580249060693,1,1,"Cdk5rap2"
"ENSMUSG00000039304.12",49.7294688616781,-0.598085606489878,0.228352934807497,-2.61912817978042,0.960801007470245,1,"Tnfsf10"
"ENSMUSG00000039307.17",531.003706992745,-0.453955522873908,0.0785869810763368,-5.77647234511974,0.999999999998151,1,"Hexd"
"ENSMUSG00000039308.7",996.912642209603,0.808341568547709,0.0791289441172855,10.2154979769423,0.99228450616772,1,"Ndst2"
"ENSMUSG00000039318.13",4325.17004080205,-0.332528014277155,0.0658862179465514,-5.04700413289635,1,1,"Rab3gap2"
"ENSMUSG00000039323.19",50959.4602727014,0.966314222674055,0.217366739725479,4.44554775902906,0.561578338662343,1,"Igfbp2"
"ENSMUSG00000039328.12",1433.74505596785,0.198435278785879,0.0941347916313945,2.10799084320382,1,1,"Rnf122"
"ENSMUSG00000039329.9",19.1671768307851,1.05339241014636,0.347224075163856,3.03375395167877,0.438895814010361,1,"Tex19.1"
"ENSMUSG00000039345.17",474.924228864858,-0.0980305335441235,0.0747919696977972,-1.3107093440676,1,1,"Mettl22"
"ENSMUSG00000039347.8",4980.3944775718,-0.0873708802184593,0.0688898866010099,-1.26826860268309,1,1,"Atp6v0e2"
"ENSMUSG00000039354.17",1480.61099402157,-0.551972926616477,0.0500313602775352,-11.0325388627165,1,1,"Smarcal1"
"ENSMUSG00000039356.16",856.486145083856,-0.0190991252042687,0.064266599030757,-0.29718587092384,1,1,"Exosc2"
"ENSMUSG00000039357.3",1826.74927572904,0.636551114007803,0.0518934509819578,12.2665018795747,0.999999999998754,1,"Fut11"
"ENSMUSG00000039361.12",10485.1198487503,0.194184786922226,0.0496040607887899,3.91469536635416,1,1,"Picalm"
"ENSMUSG00000039367.12",5468.6042047056,0.718696832853823,0.0711337784194694,10.1034536449861,0.99996166302496,1,"Sec24c"
"ENSMUSG00000039372.6",87.6165001649235,-0.0199212097666462,0.203664213068812,-0.0978139922889417,0.99999952891561,1,"Marchf4"
"ENSMUSG00000039376.14",59.9113491095442,-1.09803317870842,0.19626854517015,-5.59454485055924,0.308718903654525,1,"Synpo2l"
"ENSMUSG00000039377.8",1657.53548186602,0.354044567731134,0.159496407381294,2.21976515674583,0.999974387740602,1,"Hlx"
"ENSMUSG00000039382.13",459.121925374773,0.322732945275254,0.121967726562993,2.64605198743761,0.999999985946592,1,"Wdr45"
"ENSMUSG00000039384.9",478.343992511811,-0.479450989304961,0.0860821417924893,-5.5696916842605,0.999999999262709,1,"Dusp10"
"ENSMUSG00000039385.6",1042.73868361261,-0.622647060661713,0.180365616470383,-3.45213834458274,0.981787701778962,1,"Cdh6"
"ENSMUSG00000039395.9",266.043848738528,-0.832118440253164,0.116367103512041,-7.15080478192929,0.925445974018792,1,"Mreg"
"ENSMUSG00000039396.12",682.844172134551,-0.0748218079393559,0.122741754726191,-0.609587243609696,0.999999999999976,1,"Neil3"
"ENSMUSG00000039405.8",717.705285867583,0.48904266886852,0.17973364298629,2.72093004260657,0.99776445485224,1,"Prss23"
"ENSMUSG00000039414.11",2135.64705813192,-0.09009234796309,0.0628497219897303,-1.43345658677394,1,1,"Heatr5b"
"ENSMUSG00000039427.15",594.48109714195,0.0740437120396864,0.0502106624199673,1.47466112716014,1,1,"Alg1"
"ENSMUSG00000039428.12",1822.9927630487,0.149168866996281,0.0529702499647645,2.81608765477806,1,1,"Tmem135"
"ENSMUSG00000039449.15",1690.1845956968,-0.213131022287697,0.0527625896604377,-4.03943444890283,1,1,"Prpf18"
"ENSMUSG00000039450.12",751.488566452826,-0.0559688783458351,0.100824537016427,-0.55511168215646,1,1,"Dcxr"
"ENSMUSG00000039452.7",32.2626047877346,0.27110516328756,0.178903167676551,1.51537374552085,0.999976917791762,1,"Snx22"
"ENSMUSG00000039456.12",1818.77105554937,-0.118741411598855,0.223499190002711,-0.531283409113986,0.999960045116275,1,"Morc3"
"ENSMUSG00000039458.16",1208.63518612113,0.313763950949527,0.0771448398371132,4.06720594160311,1,1,"Mtmr12"
"ENSMUSG00000039461.13",373.935514726994,0.0169938091044039,0.0603172642906311,0.281740382364184,1,1,"Tcta"
"ENSMUSG00000039463.16",945.795225651359,-0.170605589217598,0.0791523437663058,-2.1554079272915,1,1,"Slc9a8"
"ENSMUSG00000039470.17",1688.22571356431,-0.661716211866125,0.12402795268683,-5.33521837240155,0.996808995846605,1,"Zdhhc2"
"ENSMUSG00000039473.9",3121.68872088888,0.15536542313671,0.0485176424073637,3.20224593421568,1,1,"Ubn1"
"ENSMUSG00000039474.14",1186.84449075435,0.680559018472491,0.108624938996216,6.26521887847687,0.998363013294776,1,"Wfs1"
"ENSMUSG00000039477.17",4280.25108657359,-0.082224470754467,0.113520539768459,-0.724313599302605,1,1,"Tnrc18"
"ENSMUSG00000039478.16",549.824911816165,-0.0152787898117886,0.0836965862180946,-0.182549737118017,1,1,"Micu3"
"ENSMUSG00000039480.15",341.245337311517,0.192889816798055,0.0924728570759888,2.0859073991793,1,1,"Nt5dc1"
"ENSMUSG00000039481.6",27.646839359148,0.370230558276635,0.226722157219955,1.63297034051001,0.997262866698244,1,"Nrtn"
"ENSMUSG00000039483.11",675.678757432331,0.0428010509981794,0.069673285817256,0.614310786352764,1,1,"Asb6"
"ENSMUSG00000039485.9",3293.90086894901,-0.612964945748412,0.126700872157599,-4.83789049996406,0.998873627574362,1,"Tspyl4"
"ENSMUSG00000039496.9",58.59526642796,0.581781417089524,0.1591171829077,3.65630792638532,0.995710223352503,1,"Cdnf"
"ENSMUSG00000039497.9",1247.40802288202,0.463299795351882,0.126217151827663,3.67065639370844,0.999989415827914,1,"Dse"
"ENSMUSG00000039501.15",1705.90686739139,-0.520827005967902,0.0932024851981166,-5.5881235877005,0.999999863508305,1,"Znfx1"
"ENSMUSG00000039509.9",1871.10978210108,0.0394016374943585,0.0618211387165823,0.637348944266369,1,1,"Nup133"
"ENSMUSG00000039512.13",1646.03558737722,0.127299809505659,0.0724948716753672,1.75598365186035,1,1,"Bltp3a"
"ENSMUSG00000039515.12",5855.53321549922,0.198223610162406,0.146025449733159,1.35745933688019,0.999999979978501,1,"Ptpa"
"ENSMUSG00000039518.8",38.9322630088096,1.22507652085055,0.273789899806824,4.47451320050493,0.205516390411183,1,"Cdsn"
"ENSMUSG00000039523.17",1170.15084751124,0.0543279683920156,0.0514131653658108,1.05669370880913,1,1,"Cep104"
"ENSMUSG00000039529.10",18.3684380160418,1.37837061027788,0.305425976824291,4.51294491912468,0.107704383847058,1,"Atp8b1"
"ENSMUSG00000039531.9",598.270772192182,0.103889942464269,0.0644915348652152,1.61090820184997,1,1,"Zup1"
"ENSMUSG00000039536.17",4315.40278488947,-0.379856629929942,0.0364160724000657,-10.4310158920174,1,1,"Stau1"
"ENSMUSG00000039542.17",20796.3871112766,-0.20304382992389,0.0887171115359543,-2.28866592260054,1,1,"Ncam1"
"ENSMUSG00000039545.17",21.7894068261404,-0.385054264115002,0.216898033387773,-1.77527780266499,0.997710031892296,1,"Flicr"
"ENSMUSG00000039556.17",95.9483133368155,0.1808328779065,0.18808862210824,0.961423800544591,0.999993353471051,1,"Ppp1r3f"
"ENSMUSG00000039563.9",12.6062102750627,-0.878304125321781,0.16798735390294,-5.22839431014104,0.765600560083006,1,"2210406O10Rik"
"ENSMUSG00000039568.7",771.662276669086,-0.00745936342370645,0.0927535348744631,-0.0804213384837817,1,1,"Ubald1"
"ENSMUSG00000039577.18",277.127718691127,-0.029750953526516,0.113443529659982,-0.262253419086015,1,1,"Nphp4"
"ENSMUSG00000039585.16",3869.27639432255,0.0340216399221481,0.104571742918527,0.325342573171556,1,1,"Myo9a"
"ENSMUSG00000039599.17",1204.70475417733,0.639636439447953,0.042965389743046,14.8872486267038,1,1,"Fam149b"
"ENSMUSG00000039607.18",2159.68230880844,0.850712189301711,0.121892970048749,6.97917352380111,0.889664351154273,1,"Rbms3"
"ENSMUSG00000039611.3",864.922812881012,-0.637271727229522,0.142831820436046,-4.46169295668164,0.994450210320547,1,"Pgap4"
"ENSMUSG00000039615.10",2668.93754457194,0.144905320101692,0.0426393429273751,3.39839477237021,1,1,"Stub1"
"ENSMUSG00000039616.11",17.2069370062171,0.094329933647679,0.316556836769562,0.297987352319756,0.998161619861126,1,"Mocos"
"ENSMUSG00000039617.9",459.994616205967,0.05599788190932,0.0693871000798642,0.807035916544526,1,1,"Gm7488"
"ENSMUSG00000039621.14",8122.29079715393,-0.327978193759158,0.0995256298167366,-3.29541440092453,0.999999999992721,1,"Prex1"
"ENSMUSG00000039623.14",636.134567862647,-0.0148471080476173,0.0872756772531043,-0.170117362762593,1,1,"Ap5z1"
"ENSMUSG00000039630.11",37281.050827045,-0.273564988711655,0.0552253742286307,-4.95361041066209,1,1,"Hnrnpu"
"ENSMUSG00000039632.14",25.6920217544013,0.330566937092721,0.157930732095329,2.09311343464923,0.999988762932811,1,"Odad3"
"ENSMUSG00000039633.8",1121.76495549748,0.338299256497668,0.0856931468976622,3.94779826328093,0.999999999999994,1,"Lonrf1"
"ENSMUSG00000039634.13",438.994022208596,-0.124603072415537,0.0582863591381847,-2.13777415947579,1,1,"Zfp189"
"ENSMUSG00000039637.16",867.106068456506,0.13783000882445,0.0720984498670616,1.91169170874807,1,1,"Coro7"
"ENSMUSG00000039640.8",2484.28257307186,0.104633085511048,0.0661752999224519,1.58115015169803,1,1,"Mrpl12"
"ENSMUSG00000039648.15",253.893431306776,0.0665441111172341,0.0881199162729995,0.75515404384949,1,1,"Kyat1"
"ENSMUSG00000039652.17",465.954509115007,-0.0340490385609487,0.107400536100769,-0.317028571710313,1,1,"Cpeb3"
"ENSMUSG00000039653.10",8.86178344683039,-0.40725637551534,0.191045192279254,-2.13172794696684,0.999040971892039,1,"Baat"
"ENSMUSG00000039656.18",950.847946397867,0.0426742432916871,0.0607336196260414,0.702646138241846,1,1,"Rxrb"
"ENSMUSG00000039660.17",1057.76517674705,0.247907481768691,0.0410868486035311,6.03374291761537,1,1,"Spout1"
"ENSMUSG00000039661.15",112.765315643393,0.0366561316396613,0.302696094189118,0.121098792958852,0.999577756616453,1,"Dusp26"
"ENSMUSG00000039662.17",1188.05908463825,0.329299487793582,0.0823085394877857,4.00079371888805,1,1,"Icmt"
"ENSMUSG00000039670.3",148.211666275939,0.219230352696481,0.134552743963696,1.62932650972642,0.999999996737289,1,"Oxld1"
"ENSMUSG00000039671.19",3896.96584246078,0.134040875039438,0.0813493724514825,1.64771861171248,1,1,"Zmynd8"
"ENSMUSG00000039678.13",1151.98571277545,0.0372018043214705,0.0693680620132913,0.536295857801857,1,1,"Tbc1d13"
"ENSMUSG00000039682.13",3493.33895044613,0.229441928754463,0.0723525726527408,3.17116476086731,1,1,"Lap3"
"ENSMUSG00000039686.15",1360.0451802565,0.0248285827533249,0.0640414446494311,0.387695544490586,1,1,"Zer1"
"ENSMUSG00000039693.12",801.623759488317,-0.148744827436465,0.0709236074741261,-2.09725411233106,1,1,"Msantd3"
"ENSMUSG00000039697.17",862.527763509121,0.023660172079228,0.085492220786242,0.276752339120843,1,1,"Ncoa7"
"ENSMUSG00000039699.15",32.5782201222802,0.13395214491481,0.242160048837907,0.553155425750979,0.999827199964933,1,"Batf2"
"ENSMUSG00000039701.12",551.765967445202,-0.1174963717514,0.0947337554356942,-1.24027988979237,1,1,"Usp53"
"ENSMUSG00000039703.17",4184.88392819515,-0.211846580954774,0.0809173359111451,-2.61806173633054,1,1,"Nploc4"
"ENSMUSG00000039704.9",4032.91565990992,0.000604171745458573,0.103638204516258,0.00582962381757391,1,1,"Lmbrd2"
"ENSMUSG00000039706.12",463.831736930243,-0.442355046086288,0.22444064638277,-1.97092217125359,0.993515123891579,1,"Ldb2"
"ENSMUSG00000039713.18",1568.14189516866,0.327466791392598,0.115553476062312,2.83389823094557,0.999999997059443,1,"Plekhg5"
"ENSMUSG00000039715.9",379.252370002874,-0.0794104475714239,0.0574581718345821,-1.38205663417278,1,1,"Dync2i2"
"ENSMUSG00000039716.13",748.791900552772,-1.25373881789734,0.269383094708641,-4.65411097624132,0.173115380669843,1,"Dock3"
"ENSMUSG00000039725.7",721.795957710876,-0.382161444075358,0.0533980762049401,-7.15683918290678,1,1,"Trp53rka"
"ENSMUSG00000039735.17",5025.70390156124,-0.486561943556201,0.0928225318436336,-5.24185166997869,0.999999984115268,1,"Fnbp1l"
"ENSMUSG00000039737.12",667.594810288777,0.179056346084448,0.058419149134339,3.06502831242364,1,1,"Prkrip1"
"ENSMUSG00000039738.17",1203.29074622638,-0.145032361902793,0.0768542569479345,-1.88710902508687,1,1,"Slx4"
"ENSMUSG00000039740.7",3706.54551071228,-0.145522996830795,0.0400154809028177,-3.63666744838615,1,1,"Alg2"
"ENSMUSG00000039741.17",4681.59864320131,-0.0891398984692301,0.0548775990706818,-1.62434034977403,1,1,"Bahcc1"
"ENSMUSG00000039745.9",25.1609197131709,1.09075212079161,0.313548090400345,3.47873947948117,0.386123855509945,1,"Htatip2"
"ENSMUSG00000039747.12",876.76106065643,0.288598927873021,0.0885730685690261,3.25831466082844,1,1,"Orai2"
"ENSMUSG00000039748.12",1399.53170979016,-0.574342336962992,0.148427809704157,-3.86950624756748,0.997933157500756,1,"Exo1"
"ENSMUSG00000039753.17",1991.16149858539,0.283015765265843,0.0579405735521552,4.88458687781347,1,1,"Fbxl5"
"ENSMUSG00000039754.11",176.11874132589,-0.235807873638231,0.0544455030098141,-4.33108081664201,1,1,"Alkbh4"
"ENSMUSG00000039756.13",2422.66287799978,0.138470633629621,0.0772297831771967,1.79296934334145,1,1,"Dnttip2"
"ENSMUSG00000039759.11",276.752209554552,0.315856689592377,0.07885696580453,4.00543802782522,1,1,"Thap3"
"ENSMUSG00000039763.11",139.736404630631,0.181247139616924,0.125181194560816,1.44787833550245,0.999999999969352,1,"Dnajc28"
"ENSMUSG00000039765.16",1322.97194501703,0.0871255518567474,0.062551507680799,1.39286094111992,1,1,"Cc2d2a"
"ENSMUSG00000039768.17",2210.82645025163,0.013215193110409,0.0631336053023093,0.209321058842265,1,1,"Dnajc11"
"ENSMUSG00000039770.7",1625.08891485546,0.400793435735141,0.0611607641604611,6.5531136053765,1,1,"Ypel5"
"ENSMUSG00000039771.14",979.485437073461,-0.0581325670818012,0.0661962930371252,-0.878184629601516,1,1,"Polr2j"
"ENSMUSG00000039774.13",34.2346452662099,0.528579722498676,0.148940282202311,3.54893729676627,0.9992250196538,1,"Galnt12"
"ENSMUSG00000039781.16",787.398545234872,-0.20329234883305,0.128911359395804,-1.57699329047388,0.99999999968005,1,"Cep131"
"ENSMUSG00000039782.16",1481.07967578615,-0.454797598416074,0.12389500606621,-3.67083075304124,0.999994600401205,1,"Cpeb2"
"ENSMUSG00000039789.8",742.64661764172,-0.302574429353682,0.0648948325517225,-4.66253501944894,1,1,"Zfp597"
"ENSMUSG00000039795.15",1118.21978458051,0.0128912030035768,0.0520511968762056,0.247663911249462,1,1,"Zfand1"
"ENSMUSG00000039801.8",1884.91289457481,0.0155950307518065,0.24946233239571,0.0625145712462468,0.999983676110994,1,"Cplane1"
"ENSMUSG00000039804.16",2225.95504875278,-0.609547686740213,0.0646992052738636,-9.42125462221792,0.999999999204624,1,"Ncoa5"
"ENSMUSG00000039810.12",517.308765983818,-0.1005785858211,0.0560569339259818,-1.79422203065735,1,1,"Zc3h10"
"ENSMUSG00000039813.15",66.2406096519087,-1.11419257315205,0.124223559287555,-8.96925333279895,0.17898227244515,1,"Tbc1d2"
"ENSMUSG00000039814.16",285.131153669019,0.438448408279973,0.11769896081431,3.72516804945881,0.999999083813075,1,"Xkr5"
"ENSMUSG00000039824.5",250.394380779934,-0.512050394434817,0.103393962720619,-4.95242063425339,0.999998816851396,1,"Myl6b"
"ENSMUSG00000039826.14",671.273692871007,-0.0858725313749644,0.0928874265511062,-0.924479604650451,1,1,"Trub2"
"ENSMUSG00000039828.8",1122.99791604206,-0.0472302028758325,0.0296946512176513,-1.59052896528913,1,1,"Wdr70"
"ENSMUSG00000039830.10",18005.1782789392,-0.392341917289931,0.0689025415327536,-5.69415740787191,1,1,"Olig2"
"ENSMUSG00000039834.18",976.157142749162,-0.179433864327383,0.0498978288096741,-3.59602549064409,1,1,"Zfp335"
"ENSMUSG00000039835.17",6548.57989934516,0.120887318746829,0.0757086542645473,1.59674372660773,1,1,"Nhsl1"
"ENSMUSG00000039840.9",1288.36056925147,0.151617397817094,0.0713573621077632,2.12476180927376,1,1,"Epg5"
"ENSMUSG00000039841.15",723.476992015256,0.0448313230849049,0.0824049386914844,0.544036847751914,1,1,"Zfp800"
"ENSMUSG00000039842.16",514.260978273908,0.100784469621564,0.0766149583930775,1.31546726299169,1,1,"Mcph1"
"ENSMUSG00000039844.21",3588.96017941565,-0.251901906721172,0.068859641330175,-3.65819370904545,1,1,"Rapgef1"
"ENSMUSG00000039849.7",2303.84177686217,-0.0752823028446317,0.0666458621090334,-1.12958705105306,1,1,"Pcif1"
"ENSMUSG00000039850.17",1138.30347539082,-0.0167109557253886,0.05274859598113,-0.31680380140102,1,1,"Endov"
"ENSMUSG00000039852.18",6115.07907357823,-0.0460095035904365,0.0506510519685869,-0.908362251172413,1,1,"Rere"
"ENSMUSG00000039873.5",174.274361536487,0.457441806964185,0.102549995773868,4.46067114398412,0.99999993906548,1,"Neurl2"
"ENSMUSG00000039879.10",1904.29822689348,0.0238588272328579,0.0824957274636325,0.289212883702079,1,1,"Heca"
"ENSMUSG00000039883.6",130.091486556021,-0.666251059594178,0.137502543637862,-4.84537261615227,0.992392489328851,1,"Lrrc17"
"ENSMUSG00000039886.9",494.23692579694,0.066640798126296,0.0893435733891022,0.745893583594056,1,1,"Tmem120a"
"ENSMUSG00000039887.12",880.481915513988,-0.246761068638653,0.0637349102570972,-3.87167829441126,1,1,"Alg14"
"ENSMUSG00000039901.11",686.976916153161,-0.0301665108655953,0.0514129267607533,-0.586749534917029,1,1,"Armh3"
"ENSMUSG00000039908.15",365.523564359774,0.415551331406595,0.0724523840975338,5.73550941880931,1,1,"Slc26a11"
"ENSMUSG00000039910.11",1800.92441980385,0.700188837485793,0.0698897251863366,10.0184803362581,0.999991057269579,1,"Cited2"
"ENSMUSG00000039911.14",665.889610081301,0.961589094157421,0.143695507272357,6.69185218390196,0.605383844662972,1,"Spsb1"
"ENSMUSG00000039914.7",595.0289266956,0.133511677771802,0.0564831425389955,2.36374379629509,1,1,"Coq10a"
"ENSMUSG00000039917.11",1072.98685824795,0.10111216308834,0.0713512993506086,1.41710331849026,1,1,"Rhbdd2"
"ENSMUSG00000039929.15",587.672554634144,-0.13776952269291,0.0791079136507806,-1.74153907409427,1,1,"Urb1"
"ENSMUSG00000039942.16",18.2053331523203,0.00471433237273865,0.230836363621028,0.0204228324289423,0.999998627788805,1,"Ptger4"
"ENSMUSG00000039943.17",1191.86799420107,0.0675768222049582,0.106289816691798,0.635778894989595,1,1,"Plcb4"
"ENSMUSG00000039952.16",14692.9692600353,0.478428512881474,0.097816086183388,4.89110259415311,0.999999951475587,1,"Dag1"
"ENSMUSG00000039953.14",12735.1741230134,0.451046617425349,0.0653807819418254,6.89876449973758,1,1,"Clstn1"
"ENSMUSG00000039954.10",24.1217190494163,-1.33886370664881,0.431267561114719,-3.10448507462091,0.216010258418985,1,"Stk32a"
"ENSMUSG00000039959.14",36342.4531597853,0.541023838049367,0.111495266452956,4.85243773355748,0.999980770945121,1,"Hip1"
"ENSMUSG00000039960.6",561.474657206139,0.153247907303278,0.159971692000647,0.957968909290889,0.999999939882416,1,"Rhou"
"ENSMUSG00000039967.15",3293.03354644066,-0.355911832196255,0.0934406678997761,-3.8089607041123,0.999999999997269,1,"Zfp292"
"ENSMUSG00000039968.10",1434.56936701603,0.364412202671729,0.0860049060632328,4.23710947842678,0.999999999999927,1,"Rsbn1l"
"ENSMUSG00000039976.5",1829.02857995205,-0.848877270519343,0.129764599629234,-6.5416706323972,0.877907775357766,1,"Tbc1d16"
"ENSMUSG00000039981.7",15.1248371657384,-0.25799706145106,0.234826965620648,-1.09866880393899,0.999210616759601,1,"Zc3h12d"
"ENSMUSG00000039982.9",2682.56896284241,0.503703641615964,0.103621675021969,4.86098725492688,0.999999164026913,1,"Dtx4"
"ENSMUSG00000039983.14",702.309261420938,-0.404431041794128,0.0552794888342313,-7.31611399314691,1,1,"Ccdc32"
"ENSMUSG00000039985.15",1178.62289540317,0.188502956927385,0.089362813125552,2.10941162586885,1,1,"Sinhcaf"
"ENSMUSG00000039987.16",1549.43696601998,0.0942827679064608,0.0779199861910734,1.20999466908609,1,1,"Phtf2"
"ENSMUSG00000039988.16",3630.65622253366,0.0336209094900307,0.0795223862631428,0.422785470480951,1,1,"Ankrd13c"
"ENSMUSG00000039989.8",2173.05690931957,-0.167780039672479,0.048789332121988,-3.43886731740822,1,1,"Cbx4"
"ENSMUSG00000039990.17",989.043999402544,0.0884235731832357,0.065422784855071,1.3515715263286,1,1,"Edrf1"
"ENSMUSG00000039994.16",1637.72033005156,0.0633088040324363,0.1234806663837,0.512702157240652,0.999999999999983,1,"Timeless"
"ENSMUSG00000040003.19",1423.83295681471,-0.51086992555106,0.124876829935555,-4.09099050492154,0.999955152562172,1,"Magi2"
"ENSMUSG00000040006.14",2432.99574627078,0.318462147836398,0.0930917108831348,3.42095063905516,0.999999999999877,1,"Ginm1"
"ENSMUSG00000040007.9",916.974902127537,-0.147999303396261,0.0403467243455926,-3.66818634713844,1,1,"Bahd1"
"ENSMUSG00000040009.7",733.483919593852,0.0373263893607805,0.0965084196565476,0.386768216634537,1,1,"Gnaz"
"ENSMUSG00000040010.11",16544.6322035705,1.13059577168456,0.118256474204067,9.56054016741252,0.134722074264639,1,"Slc7a5"
"ENSMUSG00000040018.10",1831.75765794586,0.243572686963039,0.0744349499591709,3.27228925520395,1,1,"Cox15"
"ENSMUSG00000040021.15",4249.14458397854,0.169291338439813,0.0674482228180611,2.50994513074821,1,1,"Lats1"
"ENSMUSG00000040022.15",1193.68681142042,0.285433451989155,0.0933544965443601,3.05752226785908,0.99999999999999,1,"Rab11fip2"
"ENSMUSG00000040025.18",3172.48979004506,-0.0559748756452905,0.0417490572045148,-1.34074586094455,1,1,"Ythdf2"
"ENSMUSG00000040028.11",5528.37049365297,-0.0533167356872639,0.0435610593932274,-1.22395406424742,1,1,"Elavl1"
"ENSMUSG00000040029.16",2345.07774316168,-0.142429510334514,0.057791358963193,-2.46454682654593,1,1,"Ipo8"
"ENSMUSG00000040033.18",1176.49804777548,-0.622064309881634,0.107148807090344,-5.80561115680116,0.999790013394895,1,"Stat2"
"ENSMUSG00000040034.16",844.934154233878,0.135671569842337,0.0831056569227778,1.63251907109529,1,1,"Nup43"
"ENSMUSG00000040035.15",2767.98401427773,-0.0218257249851911,0.154691108967918,-0.141092304081403,0.999999999891865,1,"Disp2"
"ENSMUSG00000040037.14",2331.89408390825,0.196502239182172,0.168329214951026,1.16736859516242,0.999999094161681,1,"Negr1"
"ENSMUSG00000040040.17",285.213880673934,0.720559343232947,0.0820088953165746,8.7863559245788,0.999672127284576,1,"Ift88"
"ENSMUSG00000040043.18",1803.32667205267,0.471196128166096,0.0963153608268899,4.89222201028753,0.999999979941719,1,"Rbms2"
"ENSMUSG00000040044.12",1718.84307220191,0.224533777391182,0.0364507574959087,6.1599207483242,1,1,"Orc3"
"ENSMUSG00000040048.15",2346.46803774083,0.18273671380595,0.063439495835639,2.88048811546973,1,1,"Ndufb10"
"ENSMUSG00000040054.18",4506.15103270137,0.134077560366276,0.0565139297279274,2.37246924805547,1,1,"Baz2a"
"ENSMUSG00000040061.18",31.9775639222319,0.271448031155093,0.243433770109223,1.11507960063758,0.998617996767626,1,"Plcb2"
"ENSMUSG00000040078.10",1141.31941099214,0.0398074796534772,0.137147177507992,0.290253728708034,0.999999999998748,1,"Ptges3-ps"
"ENSMUSG00000040084.10",3265.6200160987,-0.430562141692908,0.140765818423083,-3.05871231039072,0.999973870249502,1,"Bub1b"
"ENSMUSG00000040093.17",246.29480016419,-0.782437887328695,0.169644989011566,-4.61220748038334,0.900158509365419,1,"Bmf"
"ENSMUSG00000040097.17",2313.84405995072,0.00039973396750309,0.067914641669123,0.00588582900062369,1,1,"Flywch1"
"ENSMUSG00000040102.11",2144.50207653179,-0.0143205652827346,0.0549704348306501,-0.260513953125032,1,1,"Klhl42"
"ENSMUSG00000040105.4",473.80599675469,-0.572145990263881,0.093649285637277,-6.10945386684444,0.999997546021639,1,"Plpp6"
"ENSMUSG00000040111.18",2080.91851918796,-0.289190857680252,0.0883596167529273,-3.27288492534879,1,1,"Gramd1b"
"ENSMUSG00000040112.10",1033.92805288228,0.158274891579276,0.0676200458902888,2.34065046090136,1,1,"Mrps35"
"ENSMUSG00000040118.17",1422.01537583188,0.308771213756653,0.189358771837502,1.63061478884973,0.999869066455759,1,"Cacna2d1"
"ENSMUSG00000040121.6",42.3888316406821,-0.84528734985759,0.148887520470036,-5.67735527590914,0.850626549626589,1,"Rep15"
"ENSMUSG00000040123.18",1340.90201837515,0.696979410533516,0.0536434544755951,12.9928137057356,0.999999991920928,1,"Zmym5"
"ENSMUSG00000040124.6",1059.50336216763,-0.25178805706842,0.0557979578740629,-4.51249591672712,1,1,"Gorab"
"ENSMUSG00000040128.10",2619.04721488482,0.379817685314271,0.122206682321832,3.1079944083092,0.99999980611356,1,"Pnrc1"
"ENSMUSG00000040138.8",195.179547089668,0.575126282349432,0.119331466734584,4.81956937333742,0.999814890080267,1,"Ndp"
"ENSMUSG00000040139.15",223.483905520493,0.11010296304232,0.0766661301136165,1.43613565572113,1,1,"9430038I01Rik"
"ENSMUSG00000040147.15",35.3317094916699,-0.384507504201686,0.252046676754041,-1.52554086073869,0.992696505891813,1,"Maob"
"ENSMUSG00000040151.10",3984.99680823868,0.0928774051593232,0.0829044412016803,1.12029468883798,1,1,"Hs2st1"
"ENSMUSG00000040158.13",1268.61264980928,-0.170411806082646,0.0694731401898013,-2.45291641657594,1,1,"Tax1bp3"
"ENSMUSG00000040167.17",1978.97239555939,-0.223604765614989,0.0850926984042222,-2.62777852634056,1,1,"Ikzf5"
"ENSMUSG00000040174.15",880.955407225736,0.470422774734021,0.071193392082014,6.60767468688807,0.999999999999949,1,"Alkbh3"
"ENSMUSG00000040177.11",586.218090432506,0.0417419740806527,0.0840472293786781,0.496649019714648,1,1,"2310057M21Rik"
"ENSMUSG00000040181.15",392.897666228184,-0.282883395976546,0.240736230442584,-1.17507612151472,0.99855337735837,1,"Fmo1"
"ENSMUSG00000040183.14",574.667001678045,-0.0929431595083729,0.0695212085061788,-1.33690368026489,1,1,"Ankrd6"
"ENSMUSG00000040187.16",89.3835389918958,0.904227166377317,0.199374483290147,4.53532042543982,0.684516614117298,1,"Bmal2"
"ENSMUSG00000040188.11",1777.1522685102,-0.0660593337787118,0.049385237105052,-1.33763322100066,1,1,"Scamp2"
"ENSMUSG00000040195.12",1428.91438082859,0.342263145479317,0.0771588036580556,4.43582753040241,1,1,"Nemp1"
"ENSMUSG00000040204.7",6086.48319282675,-0.272076341179078,0.143513136071564,-1.89582883230567,0.999999803352182,1,"Pclaf"
"ENSMUSG00000040209.13",5363.48545289282,-0.264136201704034,0.0967217195436231,-2.73088819088772,0.999999999999986,1,"Zfp704"
"ENSMUSG00000040213.14",277.223060835986,0.221048568454942,0.1190847697519,1.85622870930911,0.999999999969476,1,"Kyat3"
"ENSMUSG00000040219.5",79.2188007767002,0.994563146007904,0.160076297242344,6.21305691811579,0.513547127389111,1,"Ttc12"
"ENSMUSG00000040220.11",459.891859602735,0.131143586149085,0.0520305222246858,2.52051258649224,1,1,"Gas8"
"ENSMUSG00000040225.16",17698.5022286469,-0.382880644651351,0.0684654692006946,-5.59231754519937,1,1,"Prrc2c"
"ENSMUSG00000040229.12",69.7367260849356,0.557710287454957,0.381838450589974,1.46059226511433,0.876655081298407,1,"Gpr34"
"ENSMUSG00000040231.17",48.3560576054788,0.400227576339005,0.140640329671327,2.84575254675758,0.999989986226289,1,"Syngr4"
"ENSMUSG00000040234.17",5252.66133649804,0.419064754974544,0.0518058300696329,8.08914275500022,1,1,"Tm7sf3"
"ENSMUSG00000040236.5",932.798175330045,-0.173335690679315,0.0433584995287653,-3.99773268363033,1,1,"Trappc5"
"ENSMUSG00000040242.15",2412.34478465657,0.403148512316241,0.0449334014711838,8.97213429468017,1,1,"Fgfr1op2"
"ENSMUSG00000040247.7",13.5717657140609,-0.016603721014591,0.189895943782418,-0.087435890856181,0.999999931364806,1,"Tbc1d10c"
"ENSMUSG00000040249.16",33625.2222984673,0.833073506306334,0.112802628587611,7.38523132605292,0.930538062852928,1,"Lrp1"
"ENSMUSG00000040250.15",1520.52159917946,-0.402438405836805,0.0620642995181022,-6.48421731915989,1,1,"Ints13"
"ENSMUSG00000040254.12",30.0249419746588,-0.783311082951747,0.321862989868949,-2.43367863845011,0.749600609334433,1,"Sema3d"
"ENSMUSG00000040260.9",351.170326415045,-0.505260908858335,0.212482971550291,-2.3778889440971,0.990053781704179,1,"Daam2"
"ENSMUSG00000040263.17",1173.75621577021,0.119909940088109,0.0539417203562613,2.22295357463863,1,1,"Klhdc4"
"ENSMUSG00000040268.18",2683.94071375907,0.984596763870234,0.0870793555316623,11.3068907993035,0.570201561015013,1,"Plekha1"
"ENSMUSG00000040269.6",436.617928506697,0.430241897412404,0.0682472922038409,6.30416070028623,1,1,"Mrps28"
"ENSMUSG00000040270.17",558.308662118065,-0.169497969422588,0.162114452545422,-1.04554508719756,0.999999849593357,1,"Bach2"
"ENSMUSG00000040272.15",309.440611296359,0.061417384144644,0.0684224145789217,0.897620823857396,1,1,"Accs"
"ENSMUSG00000040276.16",255.962594370451,-1.07408703068766,0.20503125949667,-5.23865011278979,0.358920760266414,1,"Pacsin1"
"ENSMUSG00000040280.11",69.6648712518818,-0.791740478083406,0.241330247015345,-3.28073454477947,0.8059216051136,1,"Ndufa4l2"
"ENSMUSG00000040282.14",547.71287737717,-0.463473704204391,0.0491875665886061,-9.42257843492812,1,1,"Cdin1"
"ENSMUSG00000040287.10",31.4348231992236,0.239341150615991,0.176989210797156,1.35229232074657,0.999991373733412,1,"Stac3"
"ENSMUSG00000040289.9",1094.92120682802,-1.05452563624919,0.123501098479337,-8.53859317231597,0.329425820065051,1,"Hey1"
"ENSMUSG00000040296.16",1194.75811945761,-0.99118657018716,0.127833223762122,-7.7537477426964,0.527483201548804,1,"Rigi"
"ENSMUSG00000040297.13",6852.79773061409,-0.318191040518222,0.143104202858758,-2.22349193218505,0.999999053026019,1,"Suco"
"ENSMUSG00000040302.18",280.520058185017,-0.242395635605568,0.053462035378492,-4.53397694063637,1,1,"Rbm48"
"ENSMUSG00000040312.15",466.635886124394,0.12676901123787,0.0964826164024847,1.31390519831099,1,1,"Cchcr1"
"ENSMUSG00000040321.4",1562.23780887422,0.341706966918046,0.0577910049951049,5.91280540885195,1,1,"Zfp770"
"ENSMUSG00000040322.11",403.81604692278,0.207056261678787,0.0724514770793733,2.85786115101489,1,1,"Slc25a24"
"ENSMUSG00000040325.17",2096.31756075828,0.0806143069609316,0.0872087687561606,0.924383042103628,1,1,"Dcaf1"
"ENSMUSG00000040327.17",611.974864910773,-0.114002836573283,0.0971962484678192,-1.17291395882453,1,1,"Cul9"
"ENSMUSG00000040331.17",1839.9606133722,0.0373626878789193,0.052138374632132,0.716606302795894,1,1,"Nsmce4a"
"ENSMUSG00000040339.11",8296.84835403247,0.478976206414675,0.110890611855735,4.31935759393054,0.999998689850106,1,"Eeig2"
"ENSMUSG00000040345.11",29.7723485047673,0.192595099015659,0.233677226760553,0.824192847910719,0.999725238853628,1,"Arhgap9"
"ENSMUSG00000040350.17",269.785144575675,-0.117353507090747,0.11078550436268,-1.05928575914197,0.999999999999999,1,"Trim7"
"ENSMUSG00000040351.12",3922.7537168581,-0.137732417635083,0.0776008848362463,-1.77488205096793,1,1,"Ankib1"
"ENSMUSG00000040354.15",5292.17969100818,0.385380189761976,0.0819768555128889,4.70108529231624,0.999999999999967,1,"Mars1"
"ENSMUSG00000040356.17",1983.85398830024,0.0390235192174078,0.0451147024919917,0.864984518613081,1,1,"Skic2"
"ENSMUSG00000040359.15",2017.68808280269,0.175664160129877,0.0458187007666629,3.83389657913844,1,1,"Ufl1"
"ENSMUSG00000040363.16",1649.81440431025,-0.236766235339847,0.073765633998774,-3.20970921694759,1,1,"Bcor"
"ENSMUSG00000040365.15",1395.02206137363,-0.0248726309020894,0.0421889064239223,-0.589553819010249,1,1,"Trim41"
"ENSMUSG00000040370.14",1038.27953601832,0.453420087942676,0.0593750606663764,7.63654104692888,1,1,"Etfrf1"
"ENSMUSG00000040372.3",153.916186821088,-0.0980041991578881,0.147940253297794,-0.662457965112526,0.999999999459763,1,"Gpr63"
"ENSMUSG00000040374.14",1477.10899833085,-0.231445796438461,0.0451488835701404,-5.12627950321078,1,1,"Pex2"
"ENSMUSG00000040383.17",3419.3875729119,-0.258088669089551,0.0897917387347882,-2.87430305645211,1,1,"Aqr"
"ENSMUSG00000040385.8",7684.73065003246,0.281181586600941,0.0520596547307422,5.40114197943187,1,1,"Ppp1ca"
"ENSMUSG00000040387.17",352.501370868569,-0.223062827805947,0.103903145803456,-2.14683420873411,0.999999999999962,1,"Klhl32"
"ENSMUSG00000040390.14",1128.12053137986,-0.0154641216213764,0.0692597491917019,-0.22327718193974,1,1,"Map3k10"
"ENSMUSG00000040396.13",2277.07064710297,-0.00419185312378786,0.0465333950599334,-0.0900826840248577,1,1,"Abhd13"
"ENSMUSG00000040407.19",3505.56872252935,-0.12654329672034,0.0576210256493494,-2.19613058417971,1,1,"Akap9"
"ENSMUSG00000040410.15",943.175799353946,0.19830375791181,0.0497331616761833,3.98735473933836,1,1,"Fbxl4"
"ENSMUSG00000040414.9",760.565126310985,0.437584266778738,0.0757377817699455,5.77762190220867,0.999999999999944,1,"Slc25a28"
"ENSMUSG00000040415.16",2373.77440077942,0.0941125601611688,0.078147534428819,1.20429340284423,1,1,"Dtx3"
"ENSMUSG00000040423.12",2784.78661399164,-0.180710920001275,0.0877222576583724,-2.06003498798492,1,1,"Rc3h1"
"ENSMUSG00000040424.16",19.8125748202172,-0.536186339703886,0.174965118737663,-3.06453276843042,0.995986026445782,1,"Hipk4"
"ENSMUSG00000040428.20",253.388778205218,-0.0997943461659414,0.229674031467913,-0.434504264709975,0.99995647235518,1,"Plekha4"
"ENSMUSG00000040429.7",181.591594246457,-0.0773616228779021,0.076467124636008,-1.0116978145334,1,1,"Mterf1a"
"ENSMUSG00000040430.19",3213.07747781479,0.166104388468797,0.0921898633078852,1.80176412578095,1,1,"Pitpnc1"
"ENSMUSG00000040433.17",1621.29895259304,-0.153723919892088,0.122142988626601,-1.25855705366791,0.999999999997874,1,"Zbtb38"
"ENSMUSG00000040435.13",1538.30349143791,0.639044404943591,0.162406378294071,3.9348479515162,0.986876774853037,1,"Ppp1r15a"
"ENSMUSG00000040441.13",55.4167772394466,0.537161419359759,0.166054642577906,3.23484734314336,0.997342264607726,1,"Slc26a10"
"ENSMUSG00000040446.5",3118.71778987772,-0.312224124602128,0.0613467133962378,-5.0895004364044,1,1,"Rprd1a"
"ENSMUSG00000040447.16",510.315973447465,0.16044875256111,0.123127895591393,1.30310643084138,0.999999999995401,1,"Spns2"
"ENSMUSG00000040451.19",1049.61223297413,0.595309566324544,0.0941354847672307,6.323965588498,0.999991422292271,1,"Sgms1"
"ENSMUSG00000040455.18",1632.28752719765,0.0363134208210644,0.0681663476644853,0.53271771284856,1,1,"Usp45"
"ENSMUSG00000040459.12",3579.61773094824,-0.0425483474799684,0.0505508497914979,-0.841694010198905,1,1,"Arglu1"
"ENSMUSG00000040462.14",5310.74549042909,0.220051043408821,0.0632333691292499,3.47998290205024,1,1,"Os9"
"ENSMUSG00000040463.17",7062.22923564955,0.157600761148394,0.0872486332617194,1.80634074433739,1,1,"Mybbp1a"
"ENSMUSG00000040464.16",1126.5554939701,0.0821269245601256,0.0440884007938645,1.8627784877957,1,1,"Gtpbp10"
"ENSMUSG00000040466.17",867.815148147249,0.160650593571015,0.118389853652408,1.35696251507062,0.999999999999328,1,"Blvrb"
"ENSMUSG00000040472.16",397.486434457246,0.886845902509938,0.0684024732215801,12.9651145746898,0.950960606173698,1,"Rabggta"
"ENSMUSG00000040473.16",35.4732160429418,-0.397904623564984,0.288277205731363,-1.38028472475129,0.981628685510961,1,"Cfap69"
"ENSMUSG00000040479.13",3414.74661057719,0.19996464988629,0.079564064080577,2.51325334115386,1,1,"Dgkz"
"ENSMUSG00000040481.18",8255.25073987536,-0.0803309024923538,0.0557121851689919,-1.44189107371549,1,1,"Bptf"
"ENSMUSG00000040482.17",433.655355069924,0.0323163638670043,0.070819026864223,0.456323184572452,1,1,"Dxo"
"ENSMUSG00000040483.16",288.548721589653,-0.763798693171459,0.227031758269475,-3.36428127497859,0.850920356953996,1,"Xaf1"
"ENSMUSG00000040488.20",3982.9058460652,-0.1785524083574,0.144760578453572,-1.23343254264948,0.99999999304632,1,"Ltbp4"
"ENSMUSG00000040495.5",33.7126852898234,-0.532614586040215,0.171238525418732,-3.11036657631689,0.996827907842833,1,"Chrm4"
"ENSMUSG00000040502.6",647.631431769422,-0.362298219684225,0.0902471117569831,-4.01451318087408,0.999999999999204,1,"Marchf9"
"ENSMUSG00000040506.17",1891.06800910975,-0.0139721306135059,0.0835822809896,-0.167166179817998,1,1,"Ambra1"
"ENSMUSG00000040511.15",2504.64206875862,0.713765728147061,0.117420405251239,6.07871967925721,0.99260922997558,1,"Pvr"
"ENSMUSG00000040520.8",2914.08651880093,-0.0583266699638837,0.0760604367036073,-0.766846372328512,1,1,"Manea"
"ENSMUSG00000040521.12",769.311266285209,0.112478034408086,0.0641409488482704,1.75360727316586,1,1,"Tsfm"
"ENSMUSG00000040522.6",25.3864590433891,0.774053907887359,0.459691895809371,1.68385371798756,0.688526235564777,1,"Tlr8"
"ENSMUSG00000040524.10",3566.38534910119,0.0868621897157206,0.0584445562434095,1.48623234222119,1,1,"Zfp609"
"ENSMUSG00000040528.16",20.6069969718562,0.0373266093148754,0.338723856332584,0.110197757308908,0.99885649144744,1,"Milr1"
"ENSMUSG00000040532.15",681.980813790864,0.255562228074521,0.0669090597954902,3.81954594573075,1,1,"Abhd11"
"ENSMUSG00000040537.18",1739.12537033017,-0.54416344701261,0.114114636485504,-4.76856837800763,0.999967591297107,1,"Adam22"
"ENSMUSG00000040540.7",7.74715416188424,0.593726494346883,0.223204688485995,2.66000906331382,0.965634472473606,1,"Ctdsp2-ps"
"ENSMUSG00000040543.17",74.2811956112767,-1.20880716767207,0.261179455906513,-4.62826282977152,0.212006717251925,1,"Pitpnm3"
"ENSMUSG00000040548.17",2272.23873498271,-0.131289460063738,0.0762108590948842,-1.72271329339405,1,1,"Tex2"
"ENSMUSG00000040549.17",11247.2676180627,-0.0183758380039226,0.0964371576467105,-0.190547279205812,1,1,"Ckap5"
"ENSMUSG00000040550.18",1922.40776156888,0.0565609216499019,0.0506095466991157,1.11759391930871,1,1,"Otud6b"
"ENSMUSG00000040552.9",397.149237755807,-0.0836351244134909,0.349049739130097,-0.239608041598675,0.996624445192533,1,"C3ar1"
"ENSMUSG00000040554.11",15.7051742011418,0.5010737647153,0.145818304654789,3.4362885091933,0.999688686304761,1,"Aipl1"
"ENSMUSG00000040557.15",229.603191864064,0.422568639169561,0.115117208811828,3.67076863251867,0.999999736249378,1,"Mettl27"
"ENSMUSG00000040560.11",2149.99538976907,-0.26620205259185,0.100546862047108,-2.64754212286734,0.999999999999854,1,"Wdr7"
"ENSMUSG00000040562.13",147.135650873468,0.987888664906493,0.179590263596094,5.50079188662641,0.526883772046723,1,"Gstm2"
"ENSMUSG00000040563.14",1823.49094868678,-0.180834506467034,0.0602165221371889,-3.00307125102719,1,1,"Plppr2"
"ENSMUSG00000040564.15",16.7423760059953,-0.941693251634144,0.233697005136561,-4.0295477945208,0.59851189663631,1,"Apoc1"
"ENSMUSG00000040565.9",2175.25707849879,0.0299199417709873,0.0803855877181525,0.372205299734728,1,1,"Btaf1"
"ENSMUSG00000040583.9",397.59937664866,-0.540289092072675,0.154646523201143,-3.49370345280858,0.99852382409415,1,"Cyp2b13"
"ENSMUSG00000040586.9",587.903527106003,-0.0947309665880557,0.0454183605294438,-2.08574165786199,1,1,"Ofd1"
"ENSMUSG00000040591.19",991.631608990305,-0.233018399231798,0.0501801043552809,-4.6436411846018,1,1,"Cstpp1"
"ENSMUSG00000040594.20",347.054985542698,-0.0517561435974121,0.11576297026536,-0.447087211729043,1,1,"Ranbp17"
"ENSMUSG00000040596.17",6141.77446353217,-0.810029675312917,0.092719351024412,-8.73636049393449,0.979762811440226,1,"Pogk"
"ENSMUSG00000040599.14",1507.78601649413,-0.17605046414752,0.0802673030610473,-2.19330234645637,1,1,"Mis12"
"ENSMUSG00000040605.8",269.027895888718,0.675278428328917,0.279921205188613,2.41238754267976,0.876985032806164,1,"Bace2"
"ENSMUSG00000040612.14",2348.12621977346,-0.977906422688423,0.147099844319705,-6.6479092973277,0.559694389977293,1,"Ildr2"
"ENSMUSG00000040613.15",346.851077706315,0.498573850061332,0.187338390713282,2.66135439811901,0.996281107294319,1,"Apobec1"
"ENSMUSG00000040616.4",352.344953909108,0.17918211190639,0.18454560951451,0.97093673687372,0.999995661925061,1,"Tmem51"
"ENSMUSG00000040620.16",1893.32818322997,0.284602893640119,0.0673764997943231,4.22406765725308,1,1,"Dhx33"
"ENSMUSG00000040621.15",528.458101286389,0.11842947527539,0.0737335546252251,1.60618155298963,1,1,"Gemin8"
"ENSMUSG00000040624.19",1699.01607233379,0.850813988087704,0.174168059779705,4.88501731697448,0.804156931860327,1,"Plekhg1"
"ENSMUSG00000040631.9",291.836183512134,0.284400040182921,0.120487730028474,2.36040665813615,0.999999998567863,1,"Dok4"
"ENSMUSG00000040640.12",452.569895040805,-0.339915027008763,0.135225703301108,-2.51368651603071,0.999999473209233,1,"Erc2"
"ENSMUSG00000040648.16",1813.89351095589,-0.620487764001448,0.07087979548124,-8.75408513510276,0.999999957057703,1,"Ppip5k2"
"ENSMUSG00000040649.16",1258.6511355985,0.0117943292999924,0.172607947760527,0.0683301635470208,0.99999999712205,1,"Rimklb"
"ENSMUSG00000040651.10",2051.15245596857,-0.314787888396016,0.0595302813771696,-5.28786159100433,1,1,"Tasor"
"ENSMUSG00000040652.18",3359.95130899945,0.170118900638299,0.0418419361049178,4.06575116915551,1,1,"Oaz2"
"ENSMUSG00000040653.7",1940.62995277648,-0.320139454248998,0.106853224680175,-2.99606731764264,0.999999999900794,1,"Ppp1r14c"
"ENSMUSG00000040658.8",487.067645009635,-0.341339534869551,0.11055775113285,-3.08743196539322,0.999999998720268,1,"Dnph1"
"ENSMUSG00000040659.4",2579.64449182458,0.142828760325937,0.111615862278923,1.27964571889446,0.999999999999992,1,"Efhd2"
"ENSMUSG00000040661.7",2021.67295735509,0.0537639395154835,0.0655473902975532,0.820230054490673,1,1,"Rad54l2"
"ENSMUSG00000040663.10",50.2478983853154,1.31908276011721,0.352525022149658,3.74181314016687,0.182696917849105,1,"Clcf1"
"ENSMUSG00000040666.21",16.6854277047466,-0.769514025261491,0.18476837247893,-4.16474970763323,0.893880424746186,1,"Sh3bgr"
"ENSMUSG00000040667.12",3457.74053488892,0.0645481602173744,0.0584276304337083,1.10475403055427,1,1,"Nup88"
"ENSMUSG00000040669.15",1607.27269754508,-0.160241660786122,0.0688737177645138,-2.32660100234468,1,1,"Phc1"
"ENSMUSG00000040675.18",3730.33244673185,1.06032915998042,0.0931407140030528,11.38416396449,0.258582836147579,1,"Mthfd1l"
"ENSMUSG00000040681.17",11749.5849826797,-0.0898616403125733,0.0546304248241676,-1.64490099796588,1,1,"Hmgn1"
"ENSMUSG00000040687.17",863.797249804808,-1.17027111072329,0.181267649688311,-6.4560395235199,0.173779297856806,1,"Madd"
"ENSMUSG00000040688.17",1323.65881265185,-0.141233268844114,0.0590170858454592,-2.3930912009777,1,1,"Tbl3"
"ENSMUSG00000040690.16",3668.44279277269,0.593378433236552,0.118863465722016,4.99210106008752,0.999687943449645,1,"Col16a1"
"ENSMUSG00000040697.11",1657.68618937561,0.473528718509164,0.0661496222871696,7.15844931741976,0.999999999999999,1,"Dnajc16"
"ENSMUSG00000040699.14",1464.84599428588,-0.134760458994167,0.0653366704210215,-2.06255473573702,1,1,"Limd2"
"ENSMUSG00000040703.12",20.0392975339851,0.971845548248976,0.213106979803623,4.5603647010742,0.552553005928474,1,"Cyp2s1"
"ENSMUSG00000040711.9",9117.31239378353,0.861615216465713,0.110442325267411,7.80149471119434,0.894898052785545,1,"Sh3pxd2b"
"ENSMUSG00000040712.17",1013.67838267919,0.0121387132153949,0.0834900156647991,0.145391195806337,1,1,"Camta2"
"ENSMUSG00000040713.13",1711.84550819138,-0.0300350199694219,0.0855921867695112,-0.350908431049932,1,1,"Creg1"
"ENSMUSG00000040714.15",124.618142465438,0.744569398291457,0.250827403812166,2.96845315533797,0.845744660383242,1,"Klc3"
"ENSMUSG00000040717.7",3109.1465749659,0.862591274796803,0.15746541371937,5.47797293654648,0.808567056510762,1,"Il17rd"
"ENSMUSG00000040720.16",3706.00122913146,0.0480010960260921,0.0527785450656637,0.909481228904136,1,1,"Virma"
"ENSMUSG00000040721.10",340.266932034915,-0.0972020233344309,0.149253668644525,-0.651253829920493,0.999999999270224,1,"Zfhx2"
"ENSMUSG00000040722.8",4837.43141652967,-0.580785114851843,0.0665831688696491,-8.7227016183152,0.999999999847395,1,"Scamp5"
"ENSMUSG00000040723.15",36.3291556970881,0.0488452738667878,0.244076617810577,0.20012270861888,0.999959943007189,1,"Rcsd1"
"ENSMUSG00000040725.14",11607.4084710238,0.144822303471313,0.0318914071956285,4.54110734540319,1,1,"Hnrnpul1"
"ENSMUSG00000040729.9",74.6495706374359,-0.41034368570986,0.1557263619962,-2.63503032145497,0.9999236048827,1,"Cep126"
"ENSMUSG00000040731.14",10339.2658652077,0.131659185657263,0.0405747113000255,3.24485822422058,1,1,"Eif4h"
"ENSMUSG00000040734.15",422.296942535272,0.0395356565122677,0.0696652538525927,0.567508970769311,1,1,"Ppp1r13l"
"ENSMUSG00000040738.12",2252.70595190691,0.0281539332166888,0.101669906346066,0.276915109185385,1,1,"Ints8"
"ENSMUSG00000040740.8",48.4277709355804,0.24835238008371,0.336116123889815,0.738888623400656,0.987435057093421,1,"Slc25a34"
"ENSMUSG00000040746.16",1193.8377863842,-0.320621667200892,0.0785266658534047,-4.08296549607029,1,1,"Rnf167"
"ENSMUSG00000040747.10",308.050510626985,0.177181454665759,0.349741661438085,0.506606659147255,0.991061358038443,1,"Cd53"
"ENSMUSG00000040749.12",322.369725345054,-0.376134612246378,0.0867117053369807,-4.33776052246506,0.999999999999687,1,"Siah1b"
"ENSMUSG00000040751.13",104.287243987728,-0.224607617214998,0.149887585717745,-1.4985071387964,0.999999884915793,1,"Lat2"
"ENSMUSG00000040759.10",568.390213096944,-0.48975673846897,0.169500563313958,-2.88941068332509,0.998694942557408,1,"Cmtm5"
"ENSMUSG00000040760.12",4700.61154569558,0.378136463231728,0.0676011760188515,5.59363735220049,1,1,"Appl1"
"ENSMUSG00000040761.17",3878.94816537977,-0.194534301909649,0.0738520110191941,-2.63410974494776,1,1,"Spen"
"ENSMUSG00000040767.12",461.796006891601,0.13409642449899,0.067776614694797,1.97850578850591,1,1,"Snrnp25"
"ENSMUSG00000040771.15",692.617973277823,-0.187674153052423,0.0642751456146659,-2.91985574295768,1,1,"Oard1"
"ENSMUSG00000040774.16",1069.97273057007,-0.0923820831689107,0.0592445788647134,-1.55933394986008,1,1,"Cept1"
"ENSMUSG00000040782.13",3787.35984007044,-0.471386210727627,0.0444121132904753,-10.613910841048,1,1,"Cop1"
"ENSMUSG00000040785.20",18239.9462775548,-0.0477777278630543,0.0612106441786639,-0.780546071751817,1,1,"Ttc3"
"ENSMUSG00000040795.13",549.65856476117,0.241495295864116,0.0766297322628651,3.15145686579862,1,1,"Iqcc"
"ENSMUSG00000040797.17",159.10312982553,-0.953277602604772,0.296391763889318,-3.21627561473252,0.562628695073817,1,"Iqsec3"
"ENSMUSG00000040811.16",173.182666846904,-0.553973299438885,0.261616428605521,-2.11750195655409,0.955892340737343,1,"Eml2"
"ENSMUSG00000040813.17",1266.84264640937,0.336909435595737,0.0725041655708541,4.64675971295049,1,1,"Tex264"
"ENSMUSG00000040818.11",2284.21133457509,0.541600614143315,0.0656918732453065,8.24456036016618,0.999999999998503,1,"Dennd6a"
"ENSMUSG00000040820.17",557.801505975675,-0.109273108136786,0.0812421690027457,-1.34502942841288,1,1,"Hlcs"
"ENSMUSG00000040822.8",892.98368529435,0.61486156770317,0.0496888918409212,12.3742258062757,0.999999999999995,1,"1700123O20Rik"
"ENSMUSG00000040824.4",1930.19308140889,0.0633467373879259,0.0796032957429137,0.795780335433725,1,1,"Snrpd2"
"ENSMUSG00000040828.11",20.1652706234156,-0.23598683377741,0.191797958332769,-1.23039283540221,0.999966035786401,1,"Catsperd"
"ENSMUSG00000040836.16",1668.09935286872,-1.106650542051,0.0831330520150574,-13.3117997622722,0.0997653485370353,1,"Gpr161"
"ENSMUSG00000040842.18",3325.49980608819,0.260929442896651,0.0324354540642845,8.04457500053829,1,1,"Szrd1"
"ENSMUSG00000040843.11",2603.85057583098,-0.313137040024233,0.0631609491389352,-4.95776336950582,1,1,"Tiprl"
"ENSMUSG00000040848.12",2607.82711902972,-0.0639788294794904,0.0723932141353198,-0.883768323366595,1,1,"Sft2d2"
"ENSMUSG00000040850.18",4508.00084622975,0.0418942911214332,0.0715916773605297,0.585183818371192,1,1,"Psme4"
"ENSMUSG00000040852.7",745.306890453808,0.820466442375181,0.152794424083919,5.36974073035911,0.880002785230034,1,"Plekhh2"
"ENSMUSG00000040855.16",1133.33045860026,-0.124899910270186,0.17327334512447,-0.720825873018523,0.999999779601983,1,"Reps2"
"ENSMUSG00000040857.16",2888.71304849714,0.223238612287528,0.0777545340289516,2.87106874313472,1,1,"Erf"
"ENSMUSG00000040859.15",1493.89303098218,0.0178705762727978,0.0650201492444796,0.274846743362636,1,1,"Bsdc1"
"ENSMUSG00000040860.17",540.714015453611,0.318200460273337,0.0953022593473644,3.33885536872256,0.999999999999579,1,"Crocc"
"ENSMUSG00000040865.17",3005.84156105932,0.125541435687911,0.0666811137307732,1.88271354007054,1,1,"Ino80d"
"ENSMUSG00000040867.14",125.884481263792,0.389303747877278,0.176711622179859,2.20304552170904,0.999725762315361,1,"Begain"
"ENSMUSG00000040875.13",273.010007982529,-0.107099313229209,0.0809822978370576,-1.32250277023135,1,1,"Osbpl10"
"ENSMUSG00000040877.17",171.82100474057,0.138791056756363,0.111247028009019,1.24759338959698,0.999999999999995,1,"Wdr25"
"ENSMUSG00000040883.19",446.550212100743,0.41439167252862,0.0847729056653056,4.88825609168915,0.999999999997542,1,"Tmem205"
"ENSMUSG00000040888.12",1012.82323776669,0.213692111128297,0.056809900904239,3.76152937651669,1,1,"Gfer"
"ENSMUSG00000040896.17",9076.3006605926,0.258823916172043,0.113640877740307,2.27755998825977,0.999999999965333,1,"Kcnd3"
"ENSMUSG00000040904.11",112.722432865008,0.115419658035777,0.09480094117152,1.21749485405374,1,1,"Gm21988"
"ENSMUSG00000040913.12",629.070945149084,0.427802628020869,0.0655168442994295,6.52965863352174,1,1,"Fbxw4"
"ENSMUSG00000040918.13",1158.01685604099,-0.170601754831963,0.0935934356545474,-1.82279615700456,1,1,"Slc19a2"
"ENSMUSG00000040928.16",1859.27874399309,-0.108516824241993,0.0659600803885804,-1.64518938731888,1,1,"S100pbp"
"ENSMUSG00000040929.18",1622.22095771083,-0.0139902560306265,0.0848032901405913,-0.164973033563117,1,1,"Rfx3"
"ENSMUSG00000040936.16",96.2906991547063,-0.157220560802295,0.114786759605609,-1.36967505087244,0.999999999999895,1,"Ulk4"
"ENSMUSG00000040940.19",1085.95861575625,-0.003597538384959,0.057891602275972,-0.0621426639361156,1,1,"Arhgef1"
"ENSMUSG00000040943.13",2384.26370156878,0.0615808179362493,0.104984722150768,0.586569328133417,1,1,"Tet2"
"ENSMUSG00000040945.14",6731.25115585693,0.0144032522594926,0.0696289984262866,0.206857093811865,1,1,"Rcc2"
"ENSMUSG00000040952.17",10865.0636326254,0.505392482550698,0.0950755734338241,5.31569218357088,0.99999990155837,1,"Rps19"
"ENSMUSG00000040957.16",475.696221563831,0.176817381947665,0.103326159776565,1.71125475223332,0.999999999999999,1,"Cables1"
"ENSMUSG00000040964.17",1569.29205402031,-0.518544904361541,0.0906929950127641,-5.71758496109386,0.999999944772322,1,"Arhgef10l"
"ENSMUSG00000040978.5",13.7623235867611,-0.0761518284174136,0.211778516775624,-0.35958240513175,0.999993753062554,1,"Gm11992"
"ENSMUSG00000040990.18",1958.88834021669,0.0715255945294647,0.0768766911829138,0.930393769930638,1,1,"Sh3kbp1"
"ENSMUSG00000040997.15",6886.43928931502,0.779151144436296,0.0836454155999706,9.31492944171072,0.995858346882754,1,"Abhd4"
"ENSMUSG00000041000.9",5268.61942137577,-0.072495902604087,0.0770923598550076,-0.940377266183504,1,1,"Trim62"
"ENSMUSG00000041012.5",30.0879070007577,-0.470889585351475,0.196815625268789,-2.39254167299159,0.996409757214042,1,"Cmtm8"
"ENSMUSG00000041020.15",847.313746526244,-0.681840667692318,0.164917528725974,-4.13443418028206,0.97314714490452,1,"Map7d2"
"ENSMUSG00000041035.10",371.724448078279,0.252500748110773,0.0520107543508263,4.85477957899993,1,1,"Dpcd"
"ENSMUSG00000041037.9",1868.37888035922,-0.242550832530859,0.0724242244396996,-3.3490290632357,1,1,"Irgq"
"ENSMUSG00000041040.13",3833.67596351427,-0.0776876389280235,0.0789121755884078,-0.984482284878683,1,1,"Fam117b"
"ENSMUSG00000041046.8",24.9457971426925,0.154511491079321,0.236124134087048,0.65436551700539,0.999829164916807,1,"Ramp3"
"ENSMUSG00000041057.11",2821.35277621958,0.234509183931166,0.0652025956694029,3.59662343996548,1,1,"Wdr43"
"ENSMUSG00000041058.16",2831.33247036691,0.0389592903125505,0.0673503569181059,0.578457072765371,1,1,"Wwp1"
"ENSMUSG00000041064.15",716.00503218194,-0.0404390884315197,0.160079862513416,-0.252618210664259,0.999999999018247,1,"Pif1"
"ENSMUSG00000041075.9",2028.89722202663,1.04069428760679,0.132289870265121,7.86677230479663,0.379187827472231,1,"Fzd7"
"ENSMUSG00000041078.8",934.144432294284,-0.966693353253024,0.175084675690205,-5.52129048097556,0.575436194591459,1,"Grid1"
"ENSMUSG00000041079.13",217.79984994136,-0.160135703554772,0.063964614985311,-2.50350453280374,1,1,"Rwdd2b"
"ENSMUSG00000041084.9",2799.89866292777,0.236851304439538,0.043743478732765,5.41455118113709,1,1,"Ostc"
"ENSMUSG00000041096.14",1310.88653304485,-0.110365793865795,0.0783389961724363,-1.40882318204413,1,1,"Tspyl2"
"ENSMUSG00000041112.19",2128.08556607226,-0.666006231466607,0.110958757173503,-6.00228633081384,0.998694068080516,1,"Elmo1"
"ENSMUSG00000041115.19",998.480073595139,0.0770082365604157,0.0770963750047515,0.998856775765004,1,1,"Iqsec2"
"ENSMUSG00000041119.13",629.436467426216,-0.181382088939593,0.15438521836819,-1.17486693905513,0.999999942866591,1,"Pde9a"
"ENSMUSG00000041120.7",1038.54926999698,0.0609984026592809,0.135853776223584,0.449000420561676,0.999999999997611,1,"Nbl1"
"ENSMUSG00000041124.12",2208.99895363679,0.0177866013621971,0.0490165828487558,0.362869060396946,1,1,"Msantd4"
"ENSMUSG00000041126.17",2212.45932938223,-0.068224870320882,0.0845025285364989,-0.807370755674062,1,1,"H2az2"
"ENSMUSG00000041130.11",1323.00279771127,0.0249876962154222,0.0359363468888517,0.695332118556935,1,1,"Zfp598"
"ENSMUSG00000041132.12",211.726350139903,0.136874044379637,0.13883487594145,0.985876520229396,0.999999999746503,1,"N4bp2l1"
"ENSMUSG00000041133.12",6568.26270618932,-0.0811647555718812,0.0652990663035918,-1.24296961911409,1,1,"Smc1a"
"ENSMUSG00000041135.16",388.926696138634,-0.0607130834240402,0.0581912092095622,-1.04333771799442,1,1,"Ripk2"
"ENSMUSG00000041143.17",72.0364078728096,1.33570672600434,0.315614121384635,4.23208796914549,0.14374093785059,1,"Tmco4"
"ENSMUSG00000041147.11",1589.52894738843,-0.323960044169477,0.0978356911463199,-3.31126647518617,0.999999999997576,1,"Brca2"
"ENSMUSG00000041153.10",1124.35183577107,-0.371801755505833,0.0669426777290614,-5.55403171965475,1,1,"Osgin2"
"ENSMUSG00000041161.9",166.770795110477,-0.0305882359623459,0.0803137321901687,-0.380859351547981,1,1,"Otud3"
"ENSMUSG00000041164.16",3199.63582350772,-0.26096178707188,0.0482457231747315,-5.40901389594172,1,1,"Zmiz2"
"ENSMUSG00000041168.11",5210.55041644549,0.57828619584342,0.0650512260754474,8.88970478700455,0.999999999954981,1,"Lonp1"
"ENSMUSG00000041180.14",2717.90573621066,0.208008999857818,0.103989241106443,2.00029346925324,0.999999999999987,1,"Hectd2"
"ENSMUSG00000041187.17",458.367161114308,0.114622119164862,0.0691124069805744,1.65848831161501,1,1,"Prkd2"
"ENSMUSG00000041189.10",95.4058277698467,0.104776618797115,0.141986222822585,0.737935108873451,0.999999999855908,1,"Chrnb1"
"ENSMUSG00000041193.16",22.4363062213075,-0.910975210869112,0.250128981635791,-3.64202182774473,0.639048087539429,1,"Pla2g5"
"ENSMUSG00000041199.4",289.782440819837,-0.005482307607593,0.0655410197651295,-0.0836469683755183,1,1,"Rpusd1"
"ENSMUSG00000041203.10",2111.97354223457,0.0542289528535148,0.055217704820148,0.982093569990754,1,1,"Trir"
"ENSMUSG00000041205.9",472.65491008187,-0.729045133682441,0.107361456225684,-6.79056673886684,0.994194690543336,1,"Map6d1"
"ENSMUSG00000041215.17",2753.01592106666,0.0792362584410554,0.0513673235819577,1.5425420854297,1,1,"Yeats2"
"ENSMUSG00000041219.16",4539.81806765438,0.0727186058678327,0.124061017062251,0.586151940309697,0.999999999999961,1,"Arhgap11a"
"ENSMUSG00000041220.11",5747.79223577515,-0.0784024930075068,0.0970617014729197,-0.807759309982642,1,1,"Elovl6"
"ENSMUSG00000041225.17",2803.09340252252,0.213938102903774,0.0682554612106099,3.13437341290016,1,1,"Arhgap12"
"ENSMUSG00000041229.16",1365.54309939159,-0.0536133373965534,0.0586958546056005,-0.913409264705345,1,1,"Phf8"
"ENSMUSG00000041231.16",1271.11610405087,0.122449129072014,0.0590441998033348,2.07385534023442,1,1,"Ublcp1"
"ENSMUSG00000041235.13",7231.13605776986,-0.308818070868919,0.0785916725666669,-3.92939939797003,1,1,"Chd7"
"ENSMUSG00000041236.9",3397.7056568532,-0.185836860428532,0.0494451124010767,-3.75844752704992,1,1,"Vps41"
"ENSMUSG00000041238.17",1366.25737812001,-0.243290905890824,0.0677079606951064,-3.59323930883666,1,1,"Rbbp8"
"ENSMUSG00000041241.13",716.718634221624,0.0968818922167961,0.0618982824243815,1.56517900694826,1,1,"Mul1"
"ENSMUSG00000041245.15",1016.49444310033,-0.308681928340694,0.112841333277127,-2.73553953481392,0.999999999550725,1,"Wnk3"
"ENSMUSG00000041258.19",1915.52620124986,0.00205164237501293,0.0804490561163112,0.0255023796928918,1,1,"Zfp236"
"ENSMUSG00000041264.17",1202.75946691446,-0.0148136563024208,0.0563961238024884,-0.262671533141204,1,1,"Uspl1"
"ENSMUSG00000041268.18",2015.26315656331,-0.46691132803987,0.0880470609239368,-5.30297460403853,0.999999999296112,1,"Dmxl2"
"ENSMUSG00000041278.11",1504.88593160963,0.205965859975127,0.0397528589551555,5.18115842202629,1,1,"Ttc1"
"ENSMUSG00000041297.9",2926.83351932527,0.0253157991660934,0.0604906589861762,0.418507577705159,1,1,"Cdk13"
"ENSMUSG00000041298.17",1830.67981992732,-0.251416692425104,0.100106498319252,-2.51149222724088,0.999999999999962,1,"Katnal1"
"ENSMUSG00000041303.8",2303.26914119165,0.19201973517226,0.046446167177966,4.13424286306565,1,1,"Gtf3c3"
"ENSMUSG00000041313.15",6723.69962702913,0.355572904805572,0.127910844073632,2.77984956928974,0.999999764907032,1,"Slc7a1"
"ENSMUSG00000041319.15",202.867033467612,-0.131526299440057,0.0634054239439861,-2.0743698450191,1,1,"Thoc6"
"ENSMUSG00000041324.15",32.6783212713329,-0.393426595436281,0.316719078747037,-1.24219417722704,0.972270518343361,1,"Inhba"
"ENSMUSG00000041328.17",2390.1445799681,0.115494195875592,0.0426248059575269,2.70955358695768,1,1,"Pcf11"
"ENSMUSG00000041329.14",9166.20366213113,-0.474407181167814,0.147076656877428,-3.22557767656617,0.999823945184383,1,"Atp1b2"
"ENSMUSG00000041341.11",2858.08060657811,0.255599930963541,0.061385971405628,4.16381666870726,1,1,"Atg2b"
"ENSMUSG00000041343.20",146.170868253302,-0.0282555298944556,0.112365975042305,-0.251459838121084,1,1,"Ankrd42"
"ENSMUSG00000041346.12",333.820026243262,-0.00339668727331927,0.0518281251299617,-0.0655375293781493,1,1,"Wrap53"
"ENSMUSG00000041353.13",469.115291505657,-0.13966739705462,0.054783991678498,-2.54941987203604,1,1,"Vcf2"
"ENSMUSG00000041354.17",1246.9402352515,0.227345119791635,0.0631880503056916,3.59791319231695,1,1,"Rgl2"
"ENSMUSG00000041355.14",4919.96135956085,-0.100675979125734,0.0484516133293321,-2.07786639510693,1,1,"Ssr2"
"ENSMUSG00000041360.9",3180.41582421174,0.2375344320046,0.0717843495656129,3.3090002687492,1,1,"Pum3"
"ENSMUSG00000041361.15",257.708075656946,-0.549667697465202,0.161061544039831,-3.41278050413615,0.997413239967351,1,"Myzap"
"ENSMUSG00000041362.18",70.2798307055064,-0.586341601744107,0.357457226690655,-1.64031262473686,0.876414296596937,1,"Shtn1"
"ENSMUSG00000041372.11",10.2633214822418,-1.11139993005653,0.1976931915734,-5.62184221525849,0.286547545803858,1,"B4galnt3"
"ENSMUSG00000041375.20",793.789575519684,0.165499939755481,0.0662102637414019,2.49961154666104,1,1,"Ccdc9"
"ENSMUSG00000041390.19",1921.55299381279,1.12708477021592,0.116272056529805,9.69351367692557,0.137198009257446,1,"Mdfic"
"ENSMUSG00000041396.14",207.146510358266,-0.57460439429161,0.0592427747536173,-9.69914722396634,0.999999999999653,1,"Mettl18"
"ENSMUSG00000041406.15",894.41308362368,-0.403432864978157,0.11459465034634,-3.52052092971933,0.99999990346546,1,"Firrm"
"ENSMUSG00000041408.19",5293.56780029214,0.647866065320934,0.0948096271665072,6.8333362832778,0.99989804229714,1,"Wapl"
"ENSMUSG00000041415.12",2765.4780413388,-0.0382370574180203,0.1007406874953,-0.37955922645261,1,1,"Dicer1"
"ENSMUSG00000041417.16",20110.021598885,-0.891139198647943,0.0982907121038183,-9.06636221850431,0.865969529445063,1,"Pik3r1"
"ENSMUSG00000041420.19",395.729408405387,-0.89283347996789,0.0989258681061988,-9.02527819123524,0.860662642419279,1,"Meis3"
"ENSMUSG00000041426.13",1442.23362956502,-0.155876594545766,0.0676061669321907,-2.30565644554455,1,1,"Hibch"
"ENSMUSG00000041429.4",239.003166396757,0.281347287751383,0.0785057366136861,3.58377998713454,1,1,"Nthl1"
"ENSMUSG00000041431.17",7351.10507212649,0.167086372236507,0.133465970738364,1.25190242360765,0.999999999782114,1,"Ccnb1"
"ENSMUSG00000041438.9",1566.11903928427,0.253759169638734,0.0512651046409036,4.94993956251997,1,1,"Utp4"
"ENSMUSG00000041439.16",978.561838412437,-0.842086843814976,0.128548068736362,-6.550754531692,0.890358447594028,1,"Mfsd6"
"ENSMUSG00000041440.19",360.123409339667,0.0375792367544526,0.0688571368908746,0.545756597664067,1,1,"Gk5"
"ENSMUSG00000041444.15",3305.68550863541,-0.231555713657413,0.135283302739604,-1.71163557488773,0.999999993275479,1,"Arhgap32"
"ENSMUSG00000041453.13",27410.3114980794,0.464478770090791,0.105114647138824,4.41878256488229,0.999999825297231,1,"Rpl21"
"ENSMUSG00000041459.16",9943.94870898288,-0.0726285769292435,0.0648129978257396,-1.12058660092405,1,1,"Tardbp"
"ENSMUSG00000041460.17",51.5519746074161,0.221019626465194,0.278037663504702,0.79492693068706,0.997463984716599,1,"Cacna2d4"
"ENSMUSG00000041471.10",417.921545808984,0.471345830088517,0.0755975552044461,6.23493483107765,0.999999999998655,1,"Shld2"
"ENSMUSG00000041477.15",332.14919716575,-0.17266701906564,0.0623938136606385,-2.76737402212309,1,1,"Dcp1b"
"ENSMUSG00000041482.18",726.565341525338,0.480488463319559,0.130817371323121,3.67297139867416,0.999964255248461,1,"Piezo2"
"ENSMUSG00000041483.15",3444.5617732262,-0.427560345547413,0.0450228045577863,-9.49652847588923,1,1,"Zfp281"
"ENSMUSG00000041488.17",35.7344075842118,-0.509031504579883,0.326326984362454,-1.55988174123687,0.933779306440445,1,"Stx3"
"ENSMUSG00000041491.9",654.608166710716,-0.200097377385254,0.050740033187959,-3.94357994690353,1,1,"Cep78"
"ENSMUSG00000041498.15",2198.0545354846,-0.61291112681268,0.158095442218216,-3.87684248333163,0.992826393965914,1,"Kif14"
"ENSMUSG00000041506.16",664.422634440025,0.153059430673771,0.0725937131164382,2.10843920365759,1,1,"Rrp9"
"ENSMUSG00000041515.11",254.307217328405,-0.391477761237102,0.220428107811288,-1.77598839423987,0.997115572256747,1,"Irf8"
"ENSMUSG00000041528.17",1008.14601319535,-0.0614589872192132,0.0956655459393897,-0.642435963916951,1,1,"Rnf123"
"ENSMUSG00000041530.18",4496.3883129244,-0.303055914078954,0.0762273157173833,-3.97568655313207,1,1,"Ago1"
"ENSMUSG00000041540.17",2083.19320976903,-0.804942566416961,0.124665780508097,-6.45680445055794,0.94116667295984,1,"Sox5"
"ENSMUSG00000041544.12",96.515547881109,-1.28418983503606,0.250189213658963,-5.13287450028346,0.127999286749419,1,"Disp3"
"ENSMUSG00000041556.9",426.149065633572,-0.133908287691714,0.141520596858375,-0.946210591704337,0.999999999531826,1,"Fbxo2"
"ENSMUSG00000041560.13",4011.4686098774,0.587572047408076,0.0733297101601309,8.01274198581977,0.999999990686667,1,"Nop53"
"ENSMUSG00000041570.15",7965.48156829654,-0.654465304970351,0.071475900342162,-9.15644716383232,0.999999331866473,1,"Camsap2"
"ENSMUSG00000041571.11",7029.06443144791,-0.0163418103813543,0.0665101048275741,-0.245704174181052,1,1,"Selenow"
"ENSMUSG00000041592.17",3603.62022403272,0.243809670677411,0.174639351734375,1.39607521590119,0.999992544908811,1,"Sdk2"
"ENSMUSG00000041596.14",33.1537987433383,-0.207952511778155,0.12848814928882,-1.61845674429252,0.999999999646161,1,"Nlrp5-ps"
"ENSMUSG00000041609.17",245.641105639846,-0.665698993597724,0.103395177143887,-6.43839501983078,0.999388017923869,1,"Bicdl1"
"ENSMUSG00000041617.11",44.3572637411186,0.315878934915028,0.133878621873817,2.35944268393164,0.999999838928919,1,"Ccdc74a"
"ENSMUSG00000041623.18",461.964811886942,-0.30125635065199,0.0638075385401592,-4.72132850669964,1,1,"Mtnap1"
"ENSMUSG00000041625.16",259.397470991773,0.969040483030244,0.087705923070255,11.048746186207,0.637952899669558,1,"Ggact"
"ENSMUSG00000041629.8",1538.93142086652,0.0202463435302338,0.0518758816496736,0.39028432648067,1,1,"Vcf1"
"ENSMUSG00000041632.8",1497.83961732946,0.220414271208979,0.0750751285866906,2.93591599985689,1,1,"Mrps27"
"ENSMUSG00000041633.15",732.265910766901,0.159513242291938,0.130522640395166,1.22211167203638,0.999999999940024,1,"Kctd12b"
"ENSMUSG00000041638.19",4928.44854912183,0.169073051119256,0.0830670872668219,2.0353795550357,1,1,"Gcn1"
"ENSMUSG00000041642.19",6246.83771859854,-0.558587973268482,0.125036634348915,-4.46739450543544,0.999792425504515,1,"Kif21b"
"ENSMUSG00000041645.15",3595.65715483629,-0.290991808769936,0.056661786009497,-5.13559189117623,1,1,"Ddx24"
"ENSMUSG00000041650.16",1496.68028076976,0.869848911086219,0.102105737775392,8.51909922045398,0.898786909976652,1,"Pcca"
"ENSMUSG00000041653.6",21.4156985229395,-0.218125675809246,0.259955611354371,-0.839088160754865,0.998685326559762,1,"Pnpla3"
"ENSMUSG00000041654.16",788.889598048417,-0.855575078009691,0.0828627865846224,-10.325202823537,0.959328011813788,1,"Slc39a11"
"ENSMUSG00000041658.13",1014.1156229832,-0.248696417694313,0.0645934681536774,-3.85017904755675,1,1,"Rragb"
"ENSMUSG00000041671.14",455.607057152687,-0.191639863585347,0.0561121013733365,-3.4153036313912,1,1,"Pyroxd1"
"ENSMUSG00000041674.18",96.9485780408137,-0.0231455746465544,0.159950299889176,-0.144704790566765,0.99999999957256,1,"BC006965"
"ENSMUSG00000041679.10",28.4604753074989,0.415713291050439,0.125816932882184,3.30411242372055,0.999998290893387,1,"Fbxl9"
"ENSMUSG00000041684.12",1538.10582735626,-0.114906571698477,0.0627059148343927,-1.832467830219,1,1,"Bivm"
"ENSMUSG00000041685.18",5598.44287388044,0.0305144858226645,0.0797692902060449,0.382534252766262,1,1,"Fcho2"
"ENSMUSG00000041688.17",2522.63665549712,0.228407796869901,0.119460615340973,1.9119924689653,0.99999999994729,1,"Amot"
"ENSMUSG00000041695.3",121.009125797032,0.481048618590853,0.204332716628231,2.35424178040998,0.994453208856261,1,"Kcnj2"
"ENSMUSG00000041696.15",184.077046373463,-0.124142418342925,0.1227429302896,-1.01140178134922,0.999999999999518,1,"Rasl12"
"ENSMUSG00000041697.10",4242.56555051367,0.0799364200189963,0.0716728480713574,1.11529571057943,1,1,"Cox6a1"
"ENSMUSG00000041700.10",66.9130248883835,0.591939200503108,0.252640248005609,2.34301226814013,0.94686470712573,1,"Lhfpl1"
"ENSMUSG00000041702.8",3334.69220161429,0.192844299245812,0.0592009265906291,3.25745406958441,1,1,"Btbd7"
"ENSMUSG00000041712.8",2598.45085433647,0.0335435892452942,0.048730278644478,0.688352091930739,1,1,"Ubr7"
"ENSMUSG00000041716.8",615.531695192236,-0.297604549322839,0.0584889001725239,-5.08822269601581,1,1,"Gm20604"
"ENSMUSG00000041718.17",1148.3376480686,0.0343776128875062,0.0550462870758667,0.624521919891269,1,1,"Alg13"
"ENSMUSG00000041720.15",4727.70045380359,0.0710363546271199,0.0684671049358749,1.03752531516633,1,1,"Pi4ka"
"ENSMUSG00000041729.16",2926.9374566291,-0.633277405352581,0.167108971145979,-3.78960746996269,0.985900678612187,1,"Coro2b"
"ENSMUSG00000041733.11",947.806848802323,-0.0271955417183471,0.0392391031488009,-0.693072459256201,1,1,"Coq5"
"ENSMUSG00000041734.16",2792.77201026519,0.706903495172555,0.135533068295487,5.21572708463572,0.984711945160872,1,"Kirrel1"
"ENSMUSG00000041736.8",219.664647421447,0.832024601989658,0.216239377692292,3.84770161137638,0.781362497686455,1,"Tspo"
"ENSMUSG00000041740.17",6795.22665120332,-0.0157149666956879,0.0373295456129206,-0.420979319133436,1,1,"Rnf10"
"ENSMUSG00000041741.11",1684.44015995945,-0.21977528431079,0.140566376441401,-1.56349825523467,0.999999985763714,1,"Pde3a"
"ENSMUSG00000041747.4",2235.4941089665,0.160362462632546,0.0458621934289625,3.49661563572917,1,1,"Utp15"
"ENSMUSG00000041762.17",733.405668373676,-0.710267701976342,0.0736041482850892,-9.6498324961968,0.999958636280096,1,"Gpr155"
"ENSMUSG00000041763.15",5351.06630371971,0.255977442861669,0.0460366504645073,5.56029685650172,1,1,"Tpp2"
"ENSMUSG00000041765.7",1360.35892139325,0.836387670392317,0.0603320572078941,13.8630722885889,0.99665469740752,1,"Ubac2"
"ENSMUSG00000041769.14",1664.8228862058,-0.0356556269712414,0.042448168554115,-0.839980338039458,1,1,"Ppp2r2d"
"ENSMUSG00000041773.9",15676.556892843,-0.714411420195983,0.143851450593359,-4.96631363291212,0.976444561964696,1,"Enc1"
"ENSMUSG00000041774.17",22.2156735843435,0.155767697634654,0.256682163276072,0.606850494193162,0.999500666834255,1,"Ydjc"
"ENSMUSG00000041775.8",426.824333990256,-0.00462375599146512,0.110438562976741,-0.0418672234302695,1,1,"Mapk1ip1"
"ENSMUSG00000041777.13",1223.60663709316,0.102583009749516,0.0963797072860637,1.06436315940491,1,1,"Cir1"
"ENSMUSG00000041781.10",3500.60492949986,-0.210222313369384,0.0707665731214853,-2.97064424765198,1,1,"Cpsf2"
"ENSMUSG00000041797.8",668.442277100146,1.07372248456964,0.207283919135861,5.17996036087047,0.361047808237529,1,"Abca9"
"ENSMUSG00000041801.6",2175.29755862198,-0.404080154606074,0.102115802300532,-3.95707760701762,0.999999997322158,1,"Phlda3"
"ENSMUSG00000041815.15",4014.7230549203,-0.151003397331555,0.0352796305551249,-4.28018646894871,1,1,"Poldip3"
"ENSMUSG00000041817.15",110.436495182279,-0.97082050095016,0.240056764822757,-4.04412890287409,0.548373281614133,1,"Fam169a"
"ENSMUSG00000041828.17",178.369724069953,-0.609351833977195,0.356411940520738,-1.70968411744819,0.863476467372713,1,"Abca8a"
"ENSMUSG00000041836.11",1100.09971464756,-0.949684277674148,0.256326073041151,-3.70498508562445,0.577810661609815,1,"Ptpre"
"ENSMUSG00000041837.5",460.468155504331,0.0727607769676169,0.053363348249428,1.36349721961828,1,1,"Pdcd7"
"ENSMUSG00000041840.9",821.409051047384,0.109112083631625,0.0589734880267708,1.85018874213602,1,1,"Haus1"
"ENSMUSG00000041841.9",9109.31513749373,0.569055155906187,0.104313036221063,5.45526404485276,0.999981961417092,1,"Rpl37"
"ENSMUSG00000041842.16",35.0774757151079,-0.797598720296054,0.207791047104573,-3.83846528235962,0.83498702265356,1,"Fhdc1"
"ENSMUSG00000041846.16",3867.31128564468,-0.0389111048586152,0.0469324777938002,-0.829086949757326,1,1,"Ppp4r3a"
"ENSMUSG00000041849.8",511.223641422035,0.655120256593094,0.114419319059542,5.7256087693738,0.998711600380757,1,"Card6"
"ENSMUSG00000041852.16",2356.95704881023,-0.436895350429346,0.0733540240567782,-5.95598341123284,0.999999999999992,1,"Tcf20"
"ENSMUSG00000041859.11",6447.32325909549,-0.0259703106450995,0.109888457464636,-0.236333380632422,1,1,"Mcm3"
"ENSMUSG00000041870.18",2756.94580370037,-0.224781785616749,0.049563770838509,-4.53520347249492,1,1,"Ankrd13a"
"ENSMUSG00000041878.4",12.3014262841982,-0.978904399548629,0.157018628886498,-6.23432013443601,0.553437463142087,1,"8430432A02Rik"
"ENSMUSG00000041879.14",9136.73086208853,-0.586648896520555,0.0900513166697091,-6.51460654009392,0.999997785603856,1,"Ipo9"
"ENSMUSG00000041881.14",1934.27902932899,0.169085385017311,0.0815549559098968,2.07326928364867,1,1,"Ndufa7"
"ENSMUSG00000041889.8",2610.32281968715,-0.832163296314485,0.0655007791383182,-12.7046320251734,0.994801854433612,1,"Shisa4"
"ENSMUSG00000041890.18",1958.30836669753,-0.073450044122712,0.0449497796154279,-1.63404681293481,1,1,"Git2"
"ENSMUSG00000041891.17",7342.79210376656,0.499209557634845,0.0675093832301494,7.39466921113717,0.999999999999941,1,"Lman1"
"ENSMUSG00000041895.16",5349.77515797189,0.339471456969874,0.10698248509578,3.17314985407143,0.99999999966745,1,"Wipi1"
"ENSMUSG00000041911.4",209.157891127046,0.987064011350999,0.179051167985978,5.51274824092907,0.528797504232923,1,"Dlx1"
"ENSMUSG00000041912.13",3705.8503050576,-0.504866208751944,0.0611686640333965,-8.25367394776351,1,1,"Tdrkh"
"ENSMUSG00000041915.10",1684.58212220447,0.167138273403314,0.0737574313535375,2.26605333640456,1,1,"Ammecr1l"
"ENSMUSG00000041920.15",3028.51573300084,-0.118712415814195,0.11035684621297,-1.0757141028215,0.999999999999999,1,"Slc16a6"
"ENSMUSG00000041921.17",987.211079049846,0.130963117772833,0.0566546363223936,2.31160459715223,1,1,"Metap1d"
"ENSMUSG00000041926.16",1699.89842300177,-0.620908415821266,0.061933196596598,-10.0254540366381,0.999999999534979,1,"Rnpep"
"ENSMUSG00000041935.11",3827.35508532097,0.0410190519119999,0.0606397766012438,0.676438044647391,1,1,"Rimoc1"
"ENSMUSG00000041936.19",12294.086131886,-0.290158184751287,0.0629470946161602,-4.60955643021522,1,1,"Agrn"
"ENSMUSG00000041939.15",900.14156784299,-0.188755872112743,0.108138284908513,-1.74550458491582,0.999999999999969,1,"Mvk"
"ENSMUSG00000041949.7",329.38066613703,0.279387719921638,0.072727242299688,3.84158275616119,1,1,"Tango6"
"ENSMUSG00000041954.19",14.4725972888819,-0.318075425566097,0.211464934868398,-1.50415209861647,0.999369618141662,1,"Tnfrsf18"
"ENSMUSG00000041957.16",135.057116714717,0.849666964790847,0.214270339787716,3.96539701030314,0.758537078617876,1,"Pkp2"
"ENSMUSG00000041958.11",4670.94167408134,-0.6396302559013,0.0796494386014739,-8.03056828939738,0.99999697233326,1,"Pigs"
"ENSMUSG00000041959.15",1907.69242669028,-0.0571305148719551,0.0893868446100038,-0.63913784093416,1,1,"S100a10"
"ENSMUSG00000041961.15",1176.07745030077,0.291711100007204,0.0951188796574538,3.06680546551564,0.999999999999952,1,"Znrf3"
"ENSMUSG00000041966.19",1011.86686985122,-0.0724010065908394,0.0653988108510072,-1.10706915995437,1,1,"Dcaf17"
"ENSMUSG00000041974.11",1694.33809586657,0.0115977974006931,0.0708580096280836,0.16367659014933,1,1,"Spidr"
"ENSMUSG00000041975.18",431.496269999611,-0.0236913866521829,0.0442565768217873,-0.535319004621246,1,1,"Mettl8"
"ENSMUSG00000041977.19",2598.8203335216,-0.174996228504366,0.0680464514063172,-2.57171718565357,1,1,"Arhgef11"
"ENSMUSG00000041992.10",939.427574264484,1.15518815078794,0.19279361782918,5.99183813134033,0.210425870988765,1,"Rapgef5"
"ENSMUSG00000041995.9",2948.07167639115,-0.372256083579236,0.0652161662859128,-5.70803383239726,1,1,"Zbed3"
"ENSMUSG00000041997.17",2815.12245416991,0.111469407805711,0.071449878643477,1.56010632798867,1,1,"Tlk1"
"ENSMUSG00000042010.17",50.9124430884608,-1.14631212553653,0.21592760489235,-5.30877988531397,0.249013289185173,1,"Acacb"
"ENSMUSG00000042015.19",1440.90297319103,-0.0678585325533464,0.0462394317077585,-1.46754685442988,1,1,"Wdr41"
"ENSMUSG00000042029.8",3559.79033619696,-0.039254094313567,0.133289798163864,-0.29450186626668,0.999999999999719,1,"Ncapg2"
"ENSMUSG00000042032.14",1461.66025609204,0.410014634878598,0.0541017618508482,7.57858193248784,1,1,"Mat2b"
"ENSMUSG00000042035.12",3284.9350664194,-1.04841902641237,0.163905464852452,-6.39648609249337,0.383841016184767,1,"Igsf3"
"ENSMUSG00000042042.15",1059.98762863688,-0.0358443400678342,0.0454352833053923,-0.788909795651702,1,1,"Csgalnact2"
"ENSMUSG00000042043.7",4180.7722397845,0.263763937994498,0.0892487110562715,2.95538092228799,1,1,"Tbca"
"ENSMUSG00000042046.16",2255.97694374052,-0.423605309440661,0.0638391041853393,-6.63551462456051,1,1,"Dstyk"
"ENSMUSG00000042050.9",476.506588148994,0.106457369432268,0.166432421325635,0.639643217254991,0.999999960384043,1,"Dync2i1"
"ENSMUSG00000042055.14",2102.5640525117,0.116072995956995,0.0314033533575146,3.69619749316421,1,1,"Wdr11"
"ENSMUSG00000042063.12",1392.30869956642,-0.0153151715068282,0.0553896901095031,-0.276498595253932,1,1,"Zfp386"
"ENSMUSG00000042066.17",1581.30278024739,-0.680878532743441,0.104432284112103,-6.51980887454832,0.998877598362547,1,"Tmcc2"
"ENSMUSG00000042073.16",99.4996769997668,0.300746348311177,0.106934016690884,2.81244787783995,0.999999999969058,1,"Abhd14b"
"ENSMUSG00000042078.15",469.312566732146,-0.524412538260098,0.150810784219761,-3.47728805319336,0.999193477455523,1,"Svop"
"ENSMUSG00000042079.14",20524.4547429598,0.0751995081058104,0.0511319243043015,1.47069583492058,1,1,"Hnrnpf"
"ENSMUSG00000042082.8",5254.42924952821,0.00679293894394083,0.0789884373355702,0.0859991559914279,1,1,"Arsb"
"ENSMUSG00000042087.6",21.95685325322,0.149111770176537,0.127165793420181,1.1725776733358,0.999999999988931,1,"4933440N22Rik"
"ENSMUSG00000042097.18",413.962325816108,-0.213477882881514,0.0691203220981014,-3.08849664471367,1,1,"Zfp239"
"ENSMUSG00000042099.17",285.566562300057,0.28011198387378,0.103003085239046,2.71945236614715,0.999999999998616,1,"Kank3"
"ENSMUSG00000042104.19",1043.06648521788,0.779703012736739,0.0799749185986492,9.74934424940957,0.997061587572772,1,"Uggt2"
"ENSMUSG00000042105.19",1922.98037628195,0.0336089270104281,0.108358085014317,0.310165383653537,1,1,"Inpp5f"
"ENSMUSG00000042106.6",39.7357290797272,-0.124454020767459,0.137513924449688,-0.905028499953777,0.999999999903596,1,"Inka1"
"ENSMUSG00000042109.9",1089.20882428386,-0.0738589128721339,0.109328658874247,-0.675567720601867,1,1,"Csdc2"
"ENSMUSG00000042111.10",1132.57138438326,0.266921218387691,0.0708857229591801,3.76551451046637,1,1,"Ccdc115"
"ENSMUSG00000042121.17",1170.61939492766,0.338722221650538,0.0653016354485224,5.18704040601792,1,1,"Ssh1"
"ENSMUSG00000042129.9",94.9616051128288,0.520200324467242,0.338932159984411,1.53482137691262,0.921560474543835,1,"Rassf4"
"ENSMUSG00000042133.17",5620.95270185539,0.0232181231095642,0.052192787202082,0.444853098564508,1,1,"Ppig"
"ENSMUSG00000042138.10",582.074833573726,0.181494221261914,0.114278458073389,1.58817527224036,0.999999999999604,1,"Msantd2"
"ENSMUSG00000042148.9",810.399991288424,-0.0965468771547674,0.0510416565446744,-1.89153102956728,1,1,"Cox10"
"ENSMUSG00000042155.4",2875.88199608653,-0.380903388641577,0.0967315902711465,-3.93773520701845,0.999999999922387,1,"Klhl23"
"ENSMUSG00000042156.17",2794.05363223459,0.398526268923265,0.0882692220908103,4.51489499378692,0.999999999995257,1,"Dzip1"
"ENSMUSG00000042165.10",12.3877909212249,-0.234981361448185,0.152596246761222,-1.53988952176443,0.999999732549883,1,"Adrm1b"
"ENSMUSG00000042167.7",2836.92869098346,0.265508265024945,0.0562101599870613,4.72349242709966,1,1,"Tent2"
"ENSMUSG00000042178.7",674.103752699632,0.0566814810259746,0.0807862211832856,0.701623125772614,1,1,"Armc5"
"ENSMUSG00000042182.17",576.976354272799,-0.312988835854318,0.126027152488745,-2.48350319493468,0.999999974997805,1,"Bend6"
"ENSMUSG00000042185.15",1258.50131379985,-0.0713654139680717,0.0468064584097384,-1.5246916001067,1,1,"Nfrkb"
"ENSMUSG00000042190.13",161.974972704611,-1.14897669307588,0.259544046906793,-4.42690443787563,0.282985973214162,1,"Cmklr1"
"ENSMUSG00000042197.14",4401.28516067257,-0.220497817498015,0.066211870760289,-3.33018558403668,1,1,"Zfp451"
"ENSMUSG00000042198.13",105.556477891524,-0.310156968373267,0.122574230487161,-2.53036031424041,0.999999990882403,1,"Chchd7"
"ENSMUSG00000042200.4",13.2119290897546,-0.0329739624307098,0.130091321147884,-0.253467811224901,0.999999999999948,1,"Cdrt4"
"ENSMUSG00000042202.16",1345.35482786493,-0.0262092383040116,0.0516346970410109,-0.507589659782353,1,1,"Slc35e2"
"ENSMUSG00000042203.9",1007.20477586228,-0.137094113328944,0.0396336600106142,-3.45903238036127,1,1,"Tbc1d22b"
"ENSMUSG00000042207.18",7176.81887369823,-0.326977690057782,0.0872231773257255,-3.74874775355544,0.999999999999994,1,"Kdm5b"
"ENSMUSG00000042208.17",1529.55927730332,-0.0983412340841432,0.0750231410803899,-1.31081200637503,1,1,"Sanbr"
"ENSMUSG00000042210.19",637.738103858111,0.132079411143882,0.0545520686888059,2.42116228254025,1,1,"Abhd14a"
"ENSMUSG00000042211.8",2335.58046041502,0.0904032802321684,0.0684195867086579,1.32130702012453,1,1,"Fbxo38"
"ENSMUSG00000042213.19",414.600881259326,0.10549152121874,0.0750221424994854,1.40613847730973,1,1,"Zfand4"
"ENSMUSG00000042215.9",940.205581293737,-0.05311978200566,0.0753928764687394,-0.704572958264636,1,1,"Bag2"
"ENSMUSG00000042216.14",431.334852968832,0.0543451676456592,0.135811111407047,0.400152587535921,0.999999999998339,1,"Sgsm1"
"ENSMUSG00000042225.4",1023.92371734081,0.0961186816510359,0.0934149290968887,1.02894347381394,1,1,"Ammecr1"
"ENSMUSG00000042229.10",1715.40740402376,-0.47583364110836,0.0562886142712054,-8.45346163285767,1,1,"Rabif"
"ENSMUSG00000042246.6",698.357892185911,0.335968401533605,0.0842199403425709,3.98917881165706,0.999999999999998,1,"Tmc7"
"ENSMUSG00000042249.12",147.715870077387,1.12760230981504,0.205345790023118,5.49123656096431,0.267167537865798,1,"Grk3"
"ENSMUSG00000042271.14",1148.49744512794,-0.282359080966088,0.0666723745180744,-4.23502362120824,1,1,"Nxt2"
"ENSMUSG00000042272.18",2237.16432453217,-0.351658669852206,0.0594052122746969,-5.91966018446486,1,1,"Sestd1"
"ENSMUSG00000042275.10",1094.8160307917,0.0107404906003161,0.0657001975519648,0.163477295358526,1,1,"Pelo"
"ENSMUSG00000042284.11",6508.22016149051,1.1775196801632,0.170480229829688,6.90707468742595,0.148870050517331,1,"Itga1"
"ENSMUSG00000042286.14",177.041022534984,0.655548359650526,0.347323179356653,1.88743049302036,0.839336889150958,1,"Stab1"
"ENSMUSG00000042289.12",417.437885244683,0.767428472034676,0.131663144554233,5.82872659340569,0.961336731227522,1,"Hsd3b7"
"ENSMUSG00000042292.19",698.920321344213,-0.13021781460012,0.0774521305499351,-1.68126833536446,1,1,"Mrtfa"
"ENSMUSG00000042293.9",171.750371047093,0.106781186035638,0.110875807829353,0.963070196520983,1,1,"Gm5617"
"ENSMUSG00000042298.19",833.119750570808,0.180677690712519,0.0535589899652654,3.3734334950994,1,1,"Ttc19"
"ENSMUSG00000042302.15",1648.87993065873,-0.253566422579845,0.0719805537868007,-3.52270730412666,1,1,"Ehbp1"
"ENSMUSG00000042303.20",791.82550241587,-0.552458007572532,0.0732974883350373,-7.53720243519516,0.99999999948866,1,"Sgsm3"
"ENSMUSG00000042305.13",4185.61834763616,-0.44597282414083,0.0701305260555571,-6.35918264448113,0.999999999999999,1,"Tmem183a"
"ENSMUSG00000042308.15",2194.6326480509,0.0243460659638815,0.073891924854434,0.329482091741998,1,1,"Setd1a"
"ENSMUSG00000042312.12",497.424656347222,-0.369822680063887,0.157633387165103,-2.34609359549282,0.999968024950358,1,"S100a13"
"ENSMUSG00000042320.18",82.510749070576,0.00246147678486527,0.0827725186234077,0.0297378505064502,1,1,"Prox2"
"ENSMUSG00000042323.18",8132.82856721145,0.620014392801834,0.0868199679367031,7.14138011723134,0.999993975726358,1,"Pbrm1"
"ENSMUSG00000042328.14",527.569017249692,0.18127211013695,0.0764778533881808,2.37025625205328,1,1,"Hps4"
"ENSMUSG00000042331.14",4598.85476084101,0.674571470941992,0.110730138934818,6.09203128823923,0.998353282036685,1,"Specc1"
"ENSMUSG00000042348.11",1887.80729223308,-0.122724421006714,0.0607770867734222,-2.01925474750432,1,1,"Arl15"
"ENSMUSG00000042349.14",89.5037186750548,-0.0395504318317636,0.171648210860163,-0.230415636921402,0.999999989694211,1,"Ikbke"
"ENSMUSG00000042350.14",2649.2024298784,-0.343804736539983,0.0828847869385403,-4.14798359552902,0.999999999999999,1,"Arel1"
"ENSMUSG00000042354.8",3002.88486506937,0.906512953422582,0.0802365617493459,11.2980034744568,0.878019388463678,1,"Gnl3"
"ENSMUSG00000042359.19",1746.28342581213,0.38096723882437,0.0717659543730786,5.30846753383777,1,1,"Osbpl6"
"ENSMUSG00000042363.15",3555.25418815016,0.343220867884853,0.0680414127249285,5.04429367556482,1,1,"Lgalsl"
"ENSMUSG00000042364.12",7870.04091048884,0.298862117865985,0.109359983427534,2.73282885109453,0.99999999992785,1,"Snx18"
"ENSMUSG00000042369.9",1465.84739317165,-0.0289764685733335,0.0409420377599528,-0.707743682501234,1,1,"Rbm45"
"ENSMUSG00000042380.9",369.792706152987,0.0585029458006756,0.0453529541256325,1.28994785298034,1,1,"Smim12"
"ENSMUSG00000042389.14",516.648734249688,-0.10379745150204,0.0656653200349347,-1.58070426591721,1,1,"Tsen2"
"ENSMUSG00000042390.10",6918.89344270228,-0.301192455460188,0.0543030058147613,-5.54651535289994,1,1,"Gatad2b"
"ENSMUSG00000042396.11",1958.30532374723,0.399874684403355,0.0390895668563115,10.2297036412106,1,1,"Rbm7"
"ENSMUSG00000042404.17",884.175661749952,-0.20672084591435,0.0838849912222905,-2.46433650289778,1,1,"Dennd4b"
"ENSMUSG00000042406.9",8296.30840357593,0.400019696903304,0.0748541966758254,5.34398490221848,0.999999999999999,1,"Atf4"
"ENSMUSG00000042408.14",861.950670987765,0.0708061281821399,0.0627794307140543,1.1278555312909,1,1,"Zmym6"
"ENSMUSG00000042410.17",3204.00014593015,0.131369889434356,0.114354345621148,1.14879665237716,0.999999999999985,1,"Agps"
"ENSMUSG00000042417.6",60.5302924392982,0.259166670048575,0.131678014595664,1.96818482450835,0.999999990783383,1,"Ccno"
"ENSMUSG00000042419.9",272.368533968111,0.229248193446043,0.0800519257044793,2.86374364424834,1,1,"Nfkbil1"
"ENSMUSG00000042423.10",1680.52617241204,0.0687219628852039,0.0574416534733797,1.19637856380739,1,1,"Fbrs"
"ENSMUSG00000042426.7",2344.22414907888,-0.432728749158367,0.0868660505378687,-4.98156352774116,0.999999999967206,1,"Dhx29"
"ENSMUSG00000042428.7",1353.04468601264,-0.553743017049928,0.0958555700714389,-5.7768475701228,0.9999983841356,1,"Mgat3"
"ENSMUSG00000042439.14",3141.84448291288,0.14594870708177,0.0560199781303721,2.60529746623807,1,1,"Zfp532"
"ENSMUSG00000042444.11",4888.17916419712,0.0903221333551981,0.08240143085895,1.096123361132,1,1,"Mindy2"
"ENSMUSG00000042446.17",3737.28589855303,-0.251183351730968,0.0638528079939791,-3.93378708974949,1,1,"Zmym4"
"ENSMUSG00000042447.14",1012.6658118617,0.00736757595847612,0.0554768112783701,0.13280460409859,1,1,"Mios"
"ENSMUSG00000042460.6",2919.84320454082,0.112948498417862,0.0828079820853465,1.36398080925884,1,1,"C1galt1"
"ENSMUSG00000042462.5",812.599574837403,0.0306052444562711,0.0986207295603219,0.310332772762051,1,1,"Dctpp1"
"ENSMUSG00000042472.12",1367.69638090663,-0.0472690967363998,0.0431823525321712,-1.09463922099158,1,1,"Zfp410"
"ENSMUSG00000042473.9",1410.80519344512,0.0166424378333737,0.106206981897202,0.156698152382128,1,1,"Tbc1d8b"
"ENSMUSG00000042487.7",1915.46789230144,0.0673840944118183,0.0400638233507512,1.68191871808847,1,1,"Leo1"
"ENSMUSG00000042489.16",1857.74999444667,-0.18945972888684,0.132737005969526,-1.42733164352326,0.999999999490363,1,"Clspn"
"ENSMUSG00000042492.13",1731.91497845211,0.0516596648496788,0.053849700430688,0.959330589334881,1,1,"Tbc1d10b"
"ENSMUSG00000042496.19",771.262699754394,-0.000436774581913661,0.0629783203862216,-0.00693531645866534,1,1,"Prdm10"
"ENSMUSG00000042498.17",129.708663200153,-1.21290380584983,0.209795819549645,-5.78135354867172,0.155097168734884,1,"Radx"
"ENSMUSG00000042500.12",474.44380793472,-0.139868750902668,0.0947991674025714,-1.47542172294304,1,1,"Ago4"
"ENSMUSG00000042502.11",2867.04063570106,-0.113371008642403,0.0372685196355348,-3.04200461276991,1,1,"Cd2bp2"
"ENSMUSG00000042505.7",320.323773085106,-0.439000995108412,0.0653631143053975,-6.71634146832812,1,1,"Sdhaf3"
"ENSMUSG00000042506.16",8982.7622978423,-0.169542320493819,0.049250316195715,-3.44246156349693,1,1,"Usp22"
"ENSMUSG00000042507.16",1755.65258459644,0.459184544648445,0.087418606909814,5.2527094731922,0.999999999692432,1,"Mideas"
"ENSMUSG00000042508.17",2648.36255548342,0.108667143562327,0.0497895979058952,2.18252703642462,1,1,"Dmtf1"
"ENSMUSG00000042510.8",123.692165197766,-0.350684829914161,0.0941013931383465,-3.7266699059236,0.999999999997403,1,"AA986860"
"ENSMUSG00000042520.17",9751.43486695558,-0.238798674987191,0.0770202262435984,-3.1004670673379,1,1,"Ubap2l"
"ENSMUSG00000042523.13",803.300261506244,-0.135880417331302,0.0884525401432152,-1.53619576228444,1,1,"Dnal1"
"ENSMUSG00000042524.15",3034.68114420292,0.521457231021381,0.067727691144197,7.69932094556659,0.999999999999201,1,"Sun2"
"ENSMUSG00000042535.10",2191.80652722569,-0.287460851799921,0.0585230611394276,-4.91192439703493,1,1,"Gtpbp1"
"ENSMUSG00000042541.11",2696.31500947487,0.0605647015051685,0.0663095051018947,0.913363799233632,1,1,"Sem1"
"ENSMUSG00000042548.15",3347.93095970334,-0.449036258403264,0.0777848255600107,-5.77280022382816,0.999999999999296,1,"Asxl1"
"ENSMUSG00000042549.13",50.2197816731467,0.289455535421294,0.124398855423936,2.32683439437498,0.999999994411443,1,"Map2k3os"
"ENSMUSG00000042557.15",2905.00018539746,-0.0296418986769827,0.0697248494865598,-0.425126750294333,1,1,"Sin3a"
"ENSMUSG00000042558.17",880.319619707465,0.146625462190372,0.0546827202541058,2.68138566459417,1,1,"Adprs"
"ENSMUSG00000042564.15",30.8277022369691,-0.32587512163342,0.141266475495434,-2.30681143909443,0.99999908801279,1,"Fam227a"
"ENSMUSG00000042567.21",11.3986660042951,0.0793077901495969,0.218597759550489,0.362802392452149,0.999987729190555,1,"Nek10"
"ENSMUSG00000042569.14",759.053530536172,0.285784060093618,0.0383387422376479,7.45418455102536,1,1,"Dhrs7b"
"ENSMUSG00000042570.16",934.181847179818,0.24751747852568,0.0587085883491033,4.21603525967697,1,1,"Mier2"
"ENSMUSG00000042572.13",3011.8066182683,-0.0946060520690393,0.0358787044118532,-2.63683022059694,1,1,"Ube2q1"
"ENSMUSG00000042579.5",340.370125493161,-0.920630657652216,0.083183893615559,-11.0674148280072,0.82999440685688,1,"4632404H12Rik"
"ENSMUSG00000042589.19",84.0159935667659,-0.278811656670318,0.245400727648991,-1.1361484513164,0.998352767250534,1,"Cux2"
"ENSMUSG00000042590.18",4294.94218553544,0.0405822645627315,0.0672006985949883,0.603896468507219,1,1,"Ipo11"
"ENSMUSG00000042595.8",1829.5321626923,-0.306630605919346,0.0646552302944237,-4.74254912592574,1,1,"Fam199x"
"ENSMUSG00000042599.9",2583.57493199819,0.414118315573549,0.0948913470188536,4.36413148915748,0.999999999667582,1,"Kdm7a"
"ENSMUSG00000042605.17",3496.50060275816,0.0844062324425448,0.0738743930983949,1.14256414032562,1,1,"Atxn2"
"ENSMUSG00000042606.10",1622.10100610778,-0.0258547005593513,0.101355870812325,-0.255088337282653,1,1,"Hirip3"
"ENSMUSG00000042607.16",749.433118765974,-0.61701366927178,0.333345624329024,-1.8509727569208,0.874705434450724,1,"Asb4"
"ENSMUSG00000042608.16",1669.0764661124,0.823881943162189,0.0977608790898664,8.42752183524084,0.964189422760843,1,"Stk40"
"ENSMUSG00000042616.9",277.444446491458,-0.173525159332916,0.0831141960372996,-2.08779206929995,1,1,"Oscp1"
"ENSMUSG00000042622.15",722.65148694895,1.02390504851846,0.116504158725817,8.78857080911704,0.418713315695239,1,"Maff"
"ENSMUSG00000042625.17",1906.17790569346,0.054617492949643,0.0726450441082545,0.75184059174433,1,1,"Safb2"
"ENSMUSG00000042626.14",1971.30290951942,0.948415736949867,0.100593985366448,9.42815550547019,0.695953228417781,1,"Shc1"
"ENSMUSG00000042628.9",1582.72171995883,0.244714418890771,0.0787434542502063,3.1077430018906,1,1,"Zfyve1"
"ENSMUSG00000042632.18",1263.57365255815,0.260456153240442,0.0529702101878501,4.91703076723269,1,1,"Pla2g6"
"ENSMUSG00000042642.14",648.641222908546,-0.189232943772839,0.0619114062908408,-3.05651179822794,1,1,"Flad1"
"ENSMUSG00000042644.10",138.994407775049,0.0638372229618992,0.251694747977202,0.253629539253165,0.99991202373657,1,"Itpr3"
"ENSMUSG00000042647.14",124.531355502434,0.79482155334459,0.145031260685629,5.48034644108521,0.921424515533193,1,"Acad12"
"ENSMUSG00000042650.4",6517.32713666347,0.533426869797671,0.0732223826194819,7.28502475219571,0.999999999906711,1,"Alkbh5"
"ENSMUSG00000042659.16",1998.33293505431,-0.498646431484906,0.126238389144095,-3.95003797866689,0.999964286643828,1,"Arrdc4"
"ENSMUSG00000042660.9",698.094059540888,0.607545048501892,0.0826030381170925,7.35499640631471,0.999998988414016,1,"Wdr55"
"ENSMUSG00000042670.6",848.797203115582,-0.0257849450929761,0.0444684788778451,-0.579847697597376,1,1,"Immp1l"
"ENSMUSG00000042675.16",787.998132019107,0.268299430995731,0.206661878600709,1.298253131213,0.99980036754732,1,"Ypel3"
"ENSMUSG00000042677.8",94.1167395493996,0.138857375525649,0.144467949490832,0.961163884550472,0.999999998744869,1,"Zc3h12a"
"ENSMUSG00000042680.9",415.003008649973,0.21172453447648,0.130963622726675,1.6166667511814,0.999999999122735,1,"Garem1"
"ENSMUSG00000042682.11",4096.73770615299,0.637809769526807,0.0766575525196886,8.32024697583441,0.999998848188744,1,"Selenok"
"ENSMUSG00000042684.9",345.374357854939,-0.986224603334111,0.16156463199423,-6.10421099692991,0.533973629085743,1,"Npl"
"ENSMUSG00000042686.6",146.929597433495,-0.460541515453739,0.16945260202167,-2.71781908308993,0.999272560277864,1,"Jph1"
"ENSMUSG00000042688.17",3931.50787544989,-0.181177679871393,0.0714110496895036,-2.53710988228231,1,1,"Mapk6"
"ENSMUSG00000042694.18",790.261294471867,-0.0876638005281952,0.0646366765764743,-1.35625476387971,1,1,"Stn1"
"ENSMUSG00000042699.12",13182.110058968,-0.536949138863046,0.0941846601679788,-5.70102538890511,0.999999559282431,1,"Dhx9"
"ENSMUSG00000042700.17",4377.74487782691,-1.00078947676919,0.114539756832423,-8.73748560714502,0.497250272066776,1,"Sipa1l1"
"ENSMUSG00000042705.10",1482.16901551055,0.2370284635578,0.0420462895833681,5.63732176861474,1,1,"Commd10"
"ENSMUSG00000042709.17",750.536995701525,0.203283963729563,0.0451026567715404,4.50713945210063,1,1,"Atpaf2"
"ENSMUSG00000042712.11",4300.10913140601,0.332397589875664,0.0679265600440695,4.8934848115378,1,1,"Tceal9"
"ENSMUSG00000042719.18",2331.29389455918,0.0399784029608509,0.0684796989850046,0.58379933839378,1,1,"Naa25"
"ENSMUSG00000042726.15",1971.89857182802,-0.319387295536013,0.0690370760015595,-4.62631551094078,1,1,"Trafd1"
"ENSMUSG00000042729.12",978.25361422721,0.324186958865906,0.0936374758928722,3.46214969780688,0.999999999999735,1,"Wdr74"
"ENSMUSG00000042734.7",1474.23329540417,-0.607552114550773,0.0820045922086308,-7.40875721941374,0.999999147960776,1,"Ttc9"
"ENSMUSG00000042737.10",364.58324370985,-0.299242116602094,0.0948427033857485,-3.15514115392729,0.999999999999926,1,"Dpm3"
"ENSMUSG00000042742.8",1985.63703289266,-0.0441206702325258,0.0790081638279538,-0.558431788499753,1,1,"Bmt2"
"ENSMUSG00000042743.14",919.195394019528,0.0825627154284696,0.111596554851693,0.739832117023615,1,1,"Sgtb"
"ENSMUSG00000042744.17",2796.73728088832,-0.237958103386116,0.116016461933337,-2.05107188601258,0.99999999997457,1,"Hectd4"
"ENSMUSG00000042745.10",846.611815665496,-0.629514548909429,0.165474053604588,-3.80430971017184,0.987419887966474,1,"Id1"
"ENSMUSG00000042747.13",2239.3606963075,0.137610959245789,0.0685860940381495,2.0063973780056,1,1,"Krtcap2"
"ENSMUSG00000042750.8",1302.74527873101,-0.929125449789611,0.20761882668091,-4.47515027727995,0.633586948404569,1,"Bex2"
"ENSMUSG00000042751.15",1321.94888176796,-0.728199756383944,0.138287717416363,-5.26583105129608,0.975320019071687,1,"Nmnat2"
"ENSMUSG00000042757.17",944.524382735028,-1.09144271303768,0.136550473583316,-7.99296175543276,0.251536524182941,1,"Tmem108"
"ENSMUSG00000042763.10",748.993941713402,-0.883713571779418,0.0941919160114388,-9.38205325043074,0.891504541015656,1,"Maneal"
"ENSMUSG00000042766.18",475.053231840718,-0.609572806489444,0.12788088894998,-4.76672324922511,0.998867372195351,1,"Trim46"
"ENSMUSG00000042770.9",53.5804210832196,0.438203404477208,0.335264539159393,1.30703773675532,0.953108648554043,1,"Hebp1"
"ENSMUSG00000042772.16",6234.58681299421,-0.424105626223405,0.0704734697610913,-6.0179472879815,1,1,"Smg7"
"ENSMUSG00000042784.10",35.6178376226296,0.0543191657608945,0.166732970549416,0.325785389547747,0.999999993063872,1,"Muc1"
"ENSMUSG00000042787.16",508.588753567445,-0.171748999848791,0.0720506237465513,-2.38372675929834,1,1,"Exog"
"ENSMUSG00000042790.17",1383.77228674466,-0.245943155349602,0.0736908824163945,-3.33749776478298,1,1,"Rnf214"
"ENSMUSG00000042797.10",247.864950487073,0.157232985555885,0.094095025289219,1.67100210741854,1,1,"Aqp11"
"ENSMUSG00000042810.15",946.05106761539,-0.0891269713539525,0.0560854002187612,-1.58912963099688,1,1,"Krba1"
"ENSMUSG00000042812.6",1323.30145713625,-0.656406142396861,0.10676777479871,-6.14797998398286,0.999354880320115,1,"Foxf1"
"ENSMUSG00000042814.9",412.269725718141,-0.580198543585131,0.0735986167561352,-7.88328054462743,0.999999994146237,1,"Mcts2"
"ENSMUSG00000042817.16",23.8725716834755,0.144502639494675,0.27654958016519,0.522519829566764,0.999028320163553,1,"Flt3"
"ENSMUSG00000042826.14",1377.01826229267,-0.752093094283378,0.136884472989845,-5.49436380807904,0.964934733414134,1,"Fgf11"
"ENSMUSG00000042831.14",469.657147766709,0.0841874894210102,0.0526430898209993,1.59921254066337,1,1,"Alkbh6"
"ENSMUSG00000042846.9",691.808623959451,-0.412254161389397,0.182276622405218,-2.26169519683614,0.999368973690516,1,"Lrrtm3"
"ENSMUSG00000042851.18",296.997307692268,0.50862867192966,0.125196058705328,4.06265722091789,0.999956601733028,1,"Zc3h6"
"ENSMUSG00000042854.10",145.45022334453,-0.501587401746155,0.107414238329514,-4.66965468960865,0.999998258780497,1,"Trp53rkb"
"ENSMUSG00000042857.6",245.084320722542,-0.123060768647372,0.0610935382799508,-2.01430089191211,1,1,"Gm9776"
"ENSMUSG00000042870.16",1263.11119438317,0.144891929119477,0.0786241305239726,1.84284300702441,1,1,"Tom1"
"ENSMUSG00000042873.12",2033.6721233958,-0.186093788802521,0.0552995864016131,-3.36519313998146,1,1,"Lhfpl4"
"ENSMUSG00000042874.3",14.0143446655146,-0.646357773453395,0.203079768192881,-3.18277777843186,0.959192875602267,1,"D930007J09Rik"
"ENSMUSG00000042901.11",3123.43907996425,-0.582485955907628,0.0668065099463199,-8.71899993542044,0.999999999794249,1,"Aida"
"ENSMUSG00000042903.9",883.587974430433,0.00556736184801053,0.0663185059378547,0.0839488430759817,1,1,"Foxo4"
"ENSMUSG00000042909.5",9.85190932094312,-0.127029985743345,0.140828282162427,-0.902020416586725,0.999999999715571,1,"Or52h1"
"ENSMUSG00000042918.18",21.8229320244087,-0.199206174339858,0.265701388993148,-0.749737045390436,0.998713568970933,1,"Mamstr"
"ENSMUSG00000042938.9",11.9935612332563,0.226796469657198,0.388142562574967,0.584312290186918,0.977604791225011,1,"Gm14117"
"ENSMUSG00000042962.6",15.7542083243055,0.185150167353667,0.120163626834942,1.54081706944474,0.99999999999404,1,"Gm5436"
"ENSMUSG00000042978.12",3187.93191805581,-0.825755736515797,0.0712738337439524,-11.5856786865469,0.992751682600304,1,"Sbk1"
"ENSMUSG00000042992.16",391.020707723453,-0.236352011922393,0.0699752066270952,-3.37765364784038,1,1,"Borcs5"
"ENSMUSG00000042997.14",908.758884501223,0.419321548038367,0.0784771586977975,5.34323050166871,0.999999999999932,1,"Nhlrc3"
"ENSMUSG00000043004.14",6222.20793897618,0.407049257028206,0.0660367703702407,6.16397886731967,1,1,"Gng2"
"ENSMUSG00000043008.10",45.7231074061485,-0.234201053423448,0.221752155035805,-1.05613879326509,0.99972322955759,1,"Klhl6"
"ENSMUSG00000043015.16",665.555900755494,-0.0144138769480448,0.0671421352409506,-0.214677071206005,1,1,"Nemp2"
"ENSMUSG00000043019.13",5098.62454757038,-0.572977972293251,0.0686541429555455,-8.3458615551324,0.999999999751267,1,"Edem3"
"ENSMUSG00000043024.7",21.6749412131419,-0.396760467331899,0.120118084237028,-3.30308687365487,0.999999744391278,1,"Gm16433"
"ENSMUSG00000043036.15",20.5003888328337,0.0917556154284481,0.257788537880768,0.355933650823866,0.999798250551718,1,"Ccdc63"
"ENSMUSG00000043051.19",202.51049809571,0.117513644031825,0.157709461452943,0.745127419428086,0.999999989010617,1,"Disc1"
"ENSMUSG00000043059.17",676.935918071255,0.0995728052310444,0.0613423791886323,1.62323024551837,1,1,"Zfp513"
"ENSMUSG00000043061.11",1129.25833867956,-0.166267026893612,0.0481339503644701,-3.45425683191674,1,1,"Tmem18"
"ENSMUSG00000043065.13",583.749647212411,0.173404720277694,0.0713982839498824,2.42869591094674,1,1,"Spice1"
"ENSMUSG00000043067.16",3170.55792938358,0.539314886687946,0.0592217479479214,9.10670328680961,0.999999999999996,1,"Dpy19l1"
"ENSMUSG00000043079.18",217.972870362671,-0.71871009166209,0.212268521193497,-3.38585338806284,0.907441076328573,1,"Synpo"
"ENSMUSG00000043090.19",891.668016143137,-0.232631253276559,0.0615908373812287,-3.77704319615987,1,1,"Zfp866"
"ENSMUSG00000043091.10",87.8131921760725,0.229747918251237,0.20162610917244,1.13947503720734,0.99993332880701,1,"Tuba1c"
"ENSMUSG00000043099.6",14.8570895258927,-0.320857254023465,0.201493379532972,-1.59239601205339,0.999624903408626,1,"Hic1"
"ENSMUSG00000043110.3",474.773904479324,-0.883665763676578,0.236083929430569,-3.74301531581572,0.688911185238751,1,"Lrrn4"
"ENSMUSG00000043131.15",4200.44777256096,0.264968764849808,0.057280482059227,4.62581241156167,1,1,"Mob1a"
"ENSMUSG00000043140.11",680.254260204001,-0.124248727167327,0.0396571266098798,-3.1330743749945,1,1,"Tmem186"
"ENSMUSG00000043154.16",4713.47323633233,0.270447170121322,0.0632691989689462,4.27454708655412,1,1,"Ppp2r3a"
"ENSMUSG00000043157.9",18.9768870462995,0.990333942813518,0.351928568077237,2.81401975470252,0.510955964351881,1,"Arl11"
"ENSMUSG00000043162.8",480.176798760762,-0.189800891305144,0.0527893483629224,-3.59543917837891,1,1,"Pyurf"
"ENSMUSG00000043183.19",945.208178316078,-0.0222416297320137,0.0649813795112303,-0.342276970715431,1,1,"Simc1"
"ENSMUSG00000043190.15",441.020488114491,0.176461921620769,0.0839197371640909,2.1027463572214,1,1,"Rfesd"
"ENSMUSG00000043192.5",172.323232678353,0.560201582921491,0.109207223402197,5.12971180357125,0.999971776488072,1,"Gpi-ps"
"ENSMUSG00000043207.11",3243.63275799674,0.0844806804803169,0.067441576775679,1.25264984182254,1,1,"Zmpste24"
"ENSMUSG00000043219.10",47.1887883036873,0.034227319400154,0.172084818415943,0.198897960408243,0.999999990938597,1,"Hoxa6"
"ENSMUSG00000043241.15",1636.60098542293,-0.00420458875868711,0.04842000441364,-0.0868357780963497,1,1,"Upf2"
"ENSMUSG00000043243.16",93.7886940226359,0.399060451727504,0.137092218948239,2.91089060188147,0.999994159797199,1,"Niban3"
"ENSMUSG00000043251.7",26.0572507898848,0.474533445704253,0.165967189763426,2.85920034183061,0.999227476999713,1,"Exoc3l"
"ENSMUSG00000043252.9",2146.59444451716,-0.104453455216835,0.0613349388659235,-1.70300088576215,1,1,"Tmem64"
"ENSMUSG00000043257.16",302.729728392969,-0.244107375184698,0.0652412778198174,-3.74160935135071,1,1,"Pigv"
"ENSMUSG00000043259.16",2583.39474134658,-0.415838994647651,0.129665894986442,-3.20700362027449,0.999996683298611,1,"Fam13c"
"ENSMUSG00000043262.17",1126.82559736493,0.321464199311966,0.0534844404586482,6.01042464977283,1,1,"Uevld"
"ENSMUSG00000043263.14",42.2829251411567,-0.0865875329219537,0.318366208619039,-0.271974633543993,0.99826279224777,1,"Ifi209"
"ENSMUSG00000043279.10",1421.20722957903,-0.0230336511538337,0.0923375944595786,-0.249450413871425,1,1,"Trim56"
"ENSMUSG00000043284.13",853.28878617414,0.342630247760266,0.0627077735793048,5.46391983327156,1,1,"Tmem11"
"ENSMUSG00000043290.7",54.0769011672179,-0.668283662710952,0.0819661350370013,-8.1531679200108,0.999974060053343,1,"Zfp784"
"ENSMUSG00000043298.9",78.2438472188032,1.02299933114392,0.229013044394795,4.46699153686799,0.460002254863869,1,"Smco3"
"ENSMUSG00000043300.3",1466.73979532818,-0.195734169064423,0.0583429572731465,-3.35488940246972,1,1,"B3galnt1"
"ENSMUSG00000043311.8",425.124177350491,0.128098115983796,0.0646103085165341,1.98262659512011,1,1,"D17H6S53E"
"ENSMUSG00000043313.7",456.215444812222,-0.0386256971752292,0.113241245817801,-0.341092125014023,1,1,"Pcdhb19"
"ENSMUSG00000043323.18",1043.74820008313,0.0561619734234325,0.033761419846072,1.66349560176945,1,1,"Fbrsl1"
"ENSMUSG00000043333.13",34.6894547017082,0.827110342030032,0.197115444647058,4.19607070116196,0.809783426381621,1,"Rhbdl2"
"ENSMUSG00000043336.15",34.0315917446437,0.0951173154449434,0.238679943526488,0.398514068838747,0.999927273663155,1,"Filip1l"
"ENSMUSG00000043372.13",212.708431367675,-0.253493203506416,0.0871955571859345,-2.90718027027307,1,1,"Hexim2"
"ENSMUSG00000043384.16",1780.36895220477,-0.193179129069646,0.0972455423391828,-1.98650883549867,1,1,"Gprasp1"
"ENSMUSG00000043391.11",4056.15967686194,0.139084368822695,0.0782569480085292,1.77727821442176,1,1,"2510009E07Rik"
"ENSMUSG00000043398.6",123.044719916794,-0.786055980028467,0.100544014041785,-7.81802862676429,0.983325832651915,1,"Gpr135"
"ENSMUSG00000043411.16",3295.58491710623,0.170733963936778,0.0698014855968357,2.44599326901027,1,1,"Usp48"
"ENSMUSG00000043415.6",684.074679875165,-0.360938553925357,0.12978822555588,-2.78098072748484,0.999999575772239,1,"Otud1"
"ENSMUSG00000043419.12",360.258671019702,-0.463952323164469,0.0956718131475369,-4.84941497292417,0.99999998946539,1,"Rnf227"
"ENSMUSG00000043421.9",456.228943624884,0.644145255007006,0.130923762202567,4.92000263489508,0.996716408226735,1,"Hilpda"
"ENSMUSG00000043424.11",1776.48007461293,-0.0400885366338678,0.0425675553481546,-0.941762718248413,1,1,"Eif3j2"
"ENSMUSG00000043432.8",99.0241415138531,-0.283853181746175,0.0802075588439103,-3.53898293175302,1,1,"Leng9"
"ENSMUSG00000043439.6",499.81041650074,-0.226892048403866,0.122208513374799,-1.85659772906339,0.999999999874314,1,"Epop"
"ENSMUSG00000043445.8",2540.3914151766,-0.565633435421307,0.0776551862846527,-7.28391061155816,0.999999988875021,1,"Pgp"
"ENSMUSG00000043460.8",389.048799722621,0.327638081782057,0.231168652811748,1.41731189673398,0.998184367003446,1,"Elfn2"
"ENSMUSG00000043467.20",2021.25824075228,-0.500786071827599,0.0987488994316881,-5.07130787998331,0.999999785240849,1,"Zbtb37"
"ENSMUSG00000043483.5",120.228581295934,0.426772869471835,0.0919092968316033,4.64341349769839,0.999999999776806,1,"Gm6863"
"ENSMUSG00000043496.8",1632.97036048433,-1.1866830255008,0.146658990043026,-8.09144413958294,0.101525800225359,1,"Tril"
"ENSMUSG00000043501.6",14.7740566250672,0.138018864905971,0.231563145495514,0.596031223408324,0.999901793685777,1,"Lgals2"
"ENSMUSG00000043510.13",389.11435728927,0.626466916296286,0.133475866864287,4.6934845303028,0.997433023354745,1,"Hscb"
"ENSMUSG00000043531.18",1446.76647195805,0.561814476931181,0.231743360340176,2.42429589398589,0.97067596807722,1,"Sorcs1"
"ENSMUSG00000043535.14",4232.88997735976,-0.28414694480926,0.109774479757254,-2.58846086483488,0.999999999965109,1,"Setx"
"ENSMUSG00000043541.17",24.98339116577,-0.353074238434886,0.17055135265786,-2.07019312912272,0.999925623944694,1,"Dnai7"
"ENSMUSG00000043542.13",764.981373856996,-0.433877138958527,0.095879457546084,-4.52523564549774,0.999999998231702,1,"Zc2hc1a"
"ENSMUSG00000043557.17",1297.05554352708,-0.0783468808447678,0.221859289597843,-0.353137707178206,0.999984265763652,1,"Mdga1"
"ENSMUSG00000043572.8",259.301572694032,-0.365413372360386,0.0566317970496926,-6.45244176235035,1,1,"Pars2"
"ENSMUSG00000043587.16",910.669383884197,-0.268397223299083,0.0838273149734749,-3.20178719053582,1,1,"Pxylp1"
"ENSMUSG00000043613.9",154.486965883931,-1.14428351038628,0.502366812866769,-2.27778483983924,0.386986572242042,1,"Mmp3"
"ENSMUSG00000043614.14",232.534830661254,-0.0678218296343666,0.121330235477729,-0.558985395250597,0.999999999999992,1,"Vps37d"
"ENSMUSG00000043618.10",8.61019963468483,0.28963176104054,0.146997938877106,1.97031171493282,0.999999325870555,1,"Eif5al3-ps"
"ENSMUSG00000043621.14",14.8203840249662,-1.24525507447257,0.310358713683022,-4.01230904618449,0.214696439515158,1,"Ubxn10"
"ENSMUSG00000043629.13",38.7567120271471,1.09908050353455,0.346168294328112,3.17498893325221,0.38735457679325,1,"1700019D03Rik"
"ENSMUSG00000043631.9",87.5892032665233,0.873482058715295,0.217585644134902,4.0144287192667,0.719535682881306,1,"Ecm2"
"ENSMUSG00000043633.7",31.0854884057897,-0.0925157789424992,0.12536898367868,-0.737947905676706,0.999999999999773,1,"Fam221b"
"ENSMUSG00000043639.16",390.488007350779,1.04391803959697,0.195818025019244,5.33106203831022,0.411269772509606,1,"Rbm20"
"ENSMUSG00000043644.7",45.2447363052462,-0.632892305604832,0.1972639683211,-3.20835229561351,0.968627714552153,1,"0610009L18Rik"
"ENSMUSG00000043668.14",1266.90688132848,-0.632739728264917,0.120554765885986,-5.24856668763579,0.998842073824606,1,"Tox3"
"ENSMUSG00000043671.15",1653.86539814887,0.390248656771283,0.148501385803553,2.62791255892743,0.999979874254774,1,"Dpy19l3"
"ENSMUSG00000043683.5",1718.03595487466,-0.313932831508302,0.063756067413055,-4.92396793350556,1,1,"Fem1a"
"ENSMUSG00000043687.17",27.6542985813094,0.713272480988662,0.233602808050465,3.0533557663167,0.890166616689366,1,"1190005I06Rik"
"ENSMUSG00000043702.10",1502.9711828192,0.407882073526942,0.0601182618506754,6.78466178114162,1,1,"Pde12"
"ENSMUSG00000043716.14",48014.2794591754,0.586542941117612,0.093259923779946,6.28933541165662,0.999995361729737,1,"Rpl7"
"ENSMUSG00000043733.15",5571.78532474862,-0.15421760125204,0.07232450053884,-2.13230095061937,1,1,"Ptpn11"
"ENSMUSG00000043740.16",25.9923394337721,0.303297156657121,0.422748226913643,0.717441581887645,0.951351921213827,1,"Trem6l"
"ENSMUSG00000043770.11",8.3322158009361,-0.659130670510478,0.241049907670664,-2.7344157767155,0.921334127313498,1,"Gm12481"
"ENSMUSG00000043773.7",317.571041123313,-0.158419140772244,0.0891110495045599,-1.77777213547617,1,1,"1700048O20Rik"
"ENSMUSG00000043801.8",470.974531849813,0.276547026248434,0.0727641281105659,3.80059561530398,1,1,"Oaz1-ps"
"ENSMUSG00000043811.6",45.4684321185272,-1.02911379398848,0.244669768280515,-4.20613384816959,0.452640767707819,1,"Rtn4r"
"ENSMUSG00000043831.13",261.483522379335,-0.180302293397401,0.071653729107601,-2.51630020716221,1,1,"Lysmd4"
"ENSMUSG00000043850.16",41.7035948811347,1.1063213168521,0.216305985386186,5.11461259325262,0.311525107175275,1,"Clrn1"
"ENSMUSG00000043866.12",1944.17595471382,0.176348222340237,0.0795042175285655,2.2180989615661,1,1,"Taf10"
"ENSMUSG00000043872.15",550.59941580921,-0.127546533342288,0.110440441136613,-1.1548897489871,0.999999999999999,1,"Zmym1"
"ENSMUSG00000043881.10",1953.05091158555,0.107343817568995,0.075423680520734,1.42321107678491,1,1,"Kbtbd7"
"ENSMUSG00000043885.15",1619.26180981907,0.00672330417578659,0.0853562229633624,0.0787675923602248,1,1,"Slc36a4"
"ENSMUSG00000043889.7",73.292434118572,-0.0169459043453569,0.0939405350219814,-0.180389693771615,1,1,"Gm8399"
"ENSMUSG00000043895.7",1262.54629936869,0.483357499018205,0.134348586825082,3.59778625470414,0.999939855716635,1,"S1pr2"
"ENSMUSG00000043903.5",947.227041048354,-0.131088446745285,0.106975445225517,-1.22540688163471,1,1,"Zfp469"
"ENSMUSG00000043909.17",3882.41667861173,-0.518389446142756,0.0997560257704642,-5.1965727597805,0.999999310044004,1,"Trp53bp1"
"ENSMUSG00000043923.9",367.458755157315,0.0495744492246414,0.0729661343965897,0.679417234236249,1,1,"Cenatac"
"ENSMUSG00000043929.17",446.913691667705,-0.164685813273126,0.0731283238010036,-2.25201132356416,1,1,"Klhl15"
"ENSMUSG00000043940.16",5427.40867539683,-0.130082860634103,0.0857611220217065,-1.51680455627876,1,1,"Wdfy3"
"ENSMUSG00000043943.15",48.9849980564733,0.819432557380384,0.273795617851946,2.99286220798277,0.745211727407428,1,"Naalad2"
"ENSMUSG00000043953.13",38.8372794926795,-0.00207505560144983,0.206187459655981,-0.0100639272869068,0.999999937321233,1,"Ccrl2"
"ENSMUSG00000043962.17",9451.78673733806,-0.037297657028096,0.049935084268184,-0.746922881471137,1,1,"Thrap3"
"ENSMUSG00000043964.15",272.182444732247,0.44443921059639,0.161084924172754,2.75903665646423,0.999718530056003,1,"Orai3"
"ENSMUSG00000043969.5",475.171777242223,0.191025310044227,0.141682939333918,1.34825908427844,0.999999994343011,1,"Emx2"
"ENSMUSG00000043987.19",1124.99282848663,-0.0900818869539524,0.0771587716175944,-1.16748731304856,1,1,"Cep164"
"ENSMUSG00000043991.6",3674.55312694131,-0.026816331035183,0.0537867782882881,-0.49856734105642,1,1,"Pura"
"ENSMUSG00000043993.9",224.771309866683,-0.207235575964507,0.13511748526528,-1.53374358290961,0.999999997784228,1,"2900052L18Rik"
"ENSMUSG00000043998.11",2166.66648918364,0.21595555648919,0.0483959617805554,4.46226396880817,1,1,"Mgat2"
"ENSMUSG00000044005.14",129.350335823189,0.801121435404538,0.168704204143693,4.74867499284241,0.880772949330715,1,"Gls2"
"ENSMUSG00000044018.4",1625.3216405338,-0.128779405755381,0.0286063650097083,-4.50177454254242,1,1,"Mrpl50"
"ENSMUSG00000044022.6",307.441649167543,-0.597745472785352,0.123179952781062,-4.85261975905914,0.999453807691111,1,"Pcdhb21"
"ENSMUSG00000044024.17",112.066277374314,-0.487116538883793,0.153064861976653,-3.18241909079102,0.999597047942315,1,"Rell2"
"ENSMUSG00000044026.4",564.743807428644,-0.233949898507286,0.103270416121022,-2.26541063060229,0.99999999999994,1,"Slc35g1"
"ENSMUSG00000044030.5",1517.80016147485,-0.0496598619200956,0.0407881961135957,-1.21750571615847,1,1,"Irf2bp1"
"ENSMUSG00000044033.17",1086.45622863096,0.32737801768578,0.146097585191018,2.24081744580339,0.99999792696752,1,"Ccdc141"
"ENSMUSG00000044037.16",81.2965419201265,0.0942892315650852,0.264733811235836,0.356166184912015,0.999706148107137,1,"Als2cl"
"ENSMUSG00000044042.20",462.292341023627,1.12414872660716,0.19776615676076,5.68423204970835,0.265082170187252,1,"Fmn1"
"ENSMUSG00000044066.15",2181.43061821572,0.194594100164062,0.0492761604954337,3.94905159427132,1,1,"Cep68"
"ENSMUSG00000044071.10",77.8398367637375,0.332878149060731,0.270251313809342,1.23173554410755,0.993216829047398,1,"Tafa2"
"ENSMUSG00000044072.15",646.349857420633,-0.770221199284714,0.0901651813119193,-8.54233516838606,0.994589403338748,1,"Eml6"
"ENSMUSG00000044080.10",716.294506189416,-0.822058282027268,0.182258012022993,-4.51040957213754,0.835546467375072,1,"S100a1"
"ENSMUSG00000044081.10",28.5568563492973,-0.401398554589286,0.19709660152353,-2.0365574621101,0.998805656085354,1,"Zfp85os"
"ENSMUSG00000044083.13",12.5544269850753,-0.285634500586697,0.237512517745659,-1.20260819639229,0.998683850331196,1,"Efcab8"
"ENSMUSG00000044098.15",1883.99163492362,-0.247260606987076,0.0856323413501602,-2.88746755126081,1,1,"Rsbn1"
"ENSMUSG00000044134.10",405.586131033398,0.0843403708111242,0.0625670990969787,1.34799874100599,1,1,"Pheta1"
"ENSMUSG00000044139.13",46.1719852725865,0.253925287012597,0.104286630681068,2.43487861631235,0.999999999999579,1,"Prss53"
"ENSMUSG00000044145.3",66.1663043491309,-0.453104104652379,0.0973643986887094,-4.65369386300048,0.999999990284968,1,"1810024B03Rik"
"ENSMUSG00000044147.9",3220.51898807424,0.528549384962538,0.0729043603694617,7.24990086030488,0.999999999949917,1,"Arf6"
"ENSMUSG00000044148.7",1339.16943977139,0.00318218304399816,0.0261362497034252,0.121753621124194,1,1,"1810030O07Rik"
"ENSMUSG00000044149.8",878.949171172224,-0.362911678434016,0.0775665548983104,-4.67871338245965,1,1,"Nkrf"
"ENSMUSG00000044150.13",822.908002414094,0.0666426887851734,0.0385290595611324,1.72967338274723,1,1,"Bclaf3"
"ENSMUSG00000044155.12",1651.47065569519,0.0306067414937014,0.0690918854488364,0.442986051037298,1,1,"Lsm8"
"ENSMUSG00000044156.15",11.210119211437,-0.408292866128359,0.165090166107445,-2.47315073789817,0.999830908066926,1,"Hepacam2"
"ENSMUSG00000044164.3",617.959556694521,0.294448862228906,0.112035074099534,2.62818465195385,0.999999999848847,1,"Rnf182"
"ENSMUSG00000044167.7",1338.97526923701,0.375907335808739,0.0907669306460296,4.14145695060123,0.999999999996917,1,"Foxo1"
"ENSMUSG00000044176.13",24.6682405106975,-0.771321593408062,0.436689752693591,-1.76629194674341,0.699768568458104,1,"Spink10"
"ENSMUSG00000044177.5",53.8161011671595,0.998371054623113,0.197364557428821,5.05851236731383,0.503292626669258,1,"Wfikkn2"
"ENSMUSG00000044197.9",829.95528090231,0.549211300569109,0.128839196160245,4.26276565623727,0.999766363123442,1,"Gpr146"
"ENSMUSG00000044201.11",1068.52259209077,-0.025780363041966,0.132975974398504,-0.193872337905997,0.999999999999888,1,"Cdc25c"
"ENSMUSG00000044216.8",149.346695333587,0.702398486260468,0.18367680455833,3.82410009772033,0.947410223149486,1,"Kcnj4"
"ENSMUSG00000044221.15",3278.88044335244,0.174466790716805,0.0517178057234231,3.37343760579905,1,1,"Grsf1"
"ENSMUSG00000044224.17",859.295621585907,0.283912584142669,0.0688293341704908,4.12487767845343,1,1,"Dnajc21"
"ENSMUSG00000044229.10",578.95075362628,0.763497149627341,0.108938805316584,7.00849570920631,0.985033270254638,1,"Nxpe4"
"ENSMUSG00000044244.19",131.942859022189,-0.0698020444254195,0.166732963782636,-0.418645736522851,0.99999998797238,1,"Il20rb"
"ENSMUSG00000044250.9",17.7159598741545,-0.98735672561899,0.367503558125519,-2.68665895550802,0.513722189969286,1,"Pced1b"
"ENSMUSG00000044252.19",1924.43815561758,0.183355938484299,0.0713723079963644,2.56900671467201,1,1,"Osbpl1a"
"ENSMUSG00000044258.11",61.699686032335,0.42400997577363,0.49256135133072,0.860826726717618,0.880794061565638,1,"Ctla2a"
"ENSMUSG00000044288.7",993.960878954332,-0.566860975470851,0.147897028068286,-3.83280842674623,0.998297826933492,1,"Cnr1"
"ENSMUSG00000044296.11",67.321439126375,-0.375812011953817,0.0968687186999944,-3.87960135116186,0.999999999941683,1,"Zfp879"
"ENSMUSG00000044308.19",4640.00475706116,0.0374465132825212,0.0529521480601262,0.707176472614508,1,1,"Ubr3"
"ENSMUSG00000044313.14",28.9577352928526,0.0286001914091642,0.139574934441146,0.204909223304876,0.999999999998381,1,"Mab21l3"
"ENSMUSG00000044317.8",18.4914706136724,-0.570820438046622,0.206378051257899,-2.76589702522823,0.981217939948232,1,"Gpr4"
"ENSMUSG00000044328.14",443.814780830755,-0.0211586606080529,0.067630190015062,-0.312858216180387,1,1,"Trp53i13"
"ENSMUSG00000044330.9",7.87538295967452,0.392386366812534,0.204620911264994,1.91762593757768,0.998508382284673,1,"Gm9790"
"ENSMUSG00000044339.13",65.5245867644859,-0.173100301348404,0.111675978831219,-1.55002269207793,0.999999999999934,1,"Alkbh2"
"ENSMUSG00000044340.8",3777.80022551019,-0.285887472515959,0.0991130076104764,-2.88445966284793,0.99999999999971,1,"Phlpp1"
"ENSMUSG00000044345.10",1787.01192176157,0.304504809713555,0.0599504074081816,5.07927840490369,1,1,"Marveld1"
"ENSMUSG00000044348.16",428.45842876436,-0.204178093741703,0.125863555438311,-1.62221775025079,0.999999999871645,1,"Slc25a53"
"ENSMUSG00000044349.17",413.257266537949,0.35045985771142,0.327629598100994,1.06968314139734,0.976309601458893,1,"Snhg11"
"ENSMUSG00000044350.15",412.820498784755,0.278636060026967,0.0782425389631089,3.56118377189093,1,1,"Lacc1"
"ENSMUSG00000044364.6",72.0873090968766,-0.449534349867086,0.139516499778978,-3.22208735582701,0.999960187114837,1,"Tmem74b"
"ENSMUSG00000044365.17",856.479460806005,-0.736213893531849,0.191410378744512,-3.8462590083191,0.915916585138677,1,"Cxxc4"
"ENSMUSG00000044367.8",173.778002300868,-0.288438370231071,0.0707605931130615,-4.07625710217271,1,1,"Slc16a13"
"ENSMUSG00000044390.6",101.874997827241,-0.776594084420772,0.0718070750835124,-10.8150079016251,0.99906834526151,1,"Tigd3"
"ENSMUSG00000044408.8",1959.11936056136,-0.17249753203693,0.0474718177897842,-3.63368288951536,1,1,"Sptssa"
"ENSMUSG00000044424.5",18.737947670035,0.656358407146706,0.168201207507664,3.90222173117752,0.979475701224042,1,"Gm9493"
"ENSMUSG00000044433.17",224.804910278743,-0.849576322880134,0.165943411177618,-5.11967493527529,0.817657951121681,1,"Camsap3"
"ENSMUSG00000044442.12",773.019342501476,-0.0622962017815975,0.0755478282238655,-0.824592886998678,1,1,"N6amt1"
"ENSMUSG00000044452.11",1814.56672531239,0.0554209207208781,0.0921178141258129,0.601630870715029,1,1,"Zfp507"
"ENSMUSG00000044456.17",147.375035919418,0.465914636582551,0.105436934993466,4.41889397307903,0.999999796280031,1,"Rin3"
"ENSMUSG00000044461.7",60.293133056194,0.0140606561473476,0.223777436490668,0.062833216645298,0.99999766004042,1,"Shisa2"
"ENSMUSG00000044465.20",1192.10854740334,0.394072563801383,0.072191748517795,5.45869260535013,1,1,"Fhip1b"
"ENSMUSG00000044468.15",163.97775213428,-0.854777200248301,0.209213724259022,-4.08566504552074,0.756201571072916,1,"Tent5c"
"ENSMUSG00000044469.9",280.116196861039,0.0950674537797115,0.0807747161570928,1.17694568675205,1,1,"Tnfaip8l1"
"ENSMUSG00000044471.15",29.4091317756366,1.14513694595511,0.199285708767522,5.74620705637739,0.233219335520385,1,"Lncpint"
"ENSMUSG00000044475.15",823.184821084693,0.208906946607017,0.067218304204789,3.1078877856031,1,1,"Ascc1"
"ENSMUSG00000044477.13",3071.48556744797,0.0183717733831482,0.0364114635260426,0.504560146834199,1,1,"Zfand3"
"ENSMUSG00000044496.7",1681.82866213722,0.399125968256554,0.0536823878206381,7.43495184286699,1,1,"2510039O18Rik"
"ENSMUSG00000044499.12",54.1450119462165,-0.111947548314115,0.28885685226481,-0.387553722324325,0.999004442432344,1,"Hs3st5"
"ENSMUSG00000044501.18",412.358573894064,-0.197568521319127,0.0677483075345304,-2.91621338611934,1,1,"Zfp758"
"ENSMUSG00000044502.17",1654.12099546096,-0.0741225710207283,0.0398420636501391,-1.86040993437521,1,1,"Bod1"
"ENSMUSG00000044528.6",1020.06931785274,-1.09467213367542,0.101254145112218,-10.8111340277696,0.174895401792336,1,"Tram1l1"
"ENSMUSG00000044533.16",43203.9420112301,0.669330587608678,0.107419907475836,6.23097341392929,0.998959031990786,1,"Rps2"
"ENSMUSG00000044548.12",487.159894421235,-0.114867166099926,0.171499381078616,-0.669781811324848,0.999999877316689,1,"Dact1"
"ENSMUSG00000044562.13",58.0536288412394,0.366510121952442,0.139570510402761,2.62598539544491,0.999997171933042,1,"Rasip1"
"ENSMUSG00000044566.16",65.3794709431552,0.446056656914234,0.145412182092772,3.06753292946016,0.999930367494386,1,"Cage1"
"ENSMUSG00000044573.17",2909.8732461506,0.107605215578362,0.0398162953641957,2.70254212739049,1,1,"Acp1"
"ENSMUSG00000044576.7",1393.29073803835,0.237561470462311,0.104300579172086,2.27766204510099,0.999999999999866,1,"Garem2"
"ENSMUSG00000044583.14",106.584663030698,-0.521335254889926,0.273470577004994,-1.90636689547924,0.959969631858278,1,"Tlr7"
"ENSMUSG00000044595.11",16.4777334422659,-0.129443620282355,0.120274630124792,-1.07623378386655,0.999999999999772,1,"Dnd1"
"ENSMUSG00000044600.15",3294.9020484947,0.151384770939478,0.0537687324989354,2.81547962735546,1,1,"Smim7"
"ENSMUSG00000044609.7",29.43869144299,0.738745431408859,0.10252977246264,7.20517966308802,0.994584195199278,1,"Gm9294"
"ENSMUSG00000044617.9",1046.85424204085,-0.146756070616795,0.0552330541862997,-2.65703341556652,1,1,"Zbtb39"
"ENSMUSG00000044627.12",5233.75041257246,0.00967406036417549,0.0609319594673262,0.158768246561364,1,1,"Swi5"
"ENSMUSG00000044628.6",255.943917094792,-0.449360392564772,0.166158939784143,-2.70440093773188,0.99954003239606,1,"Rnf208"
"ENSMUSG00000044629.6",1432.50828645518,0.123458935935629,0.0891163060919913,1.38536864183067,1,1,"Cnrip1"
"ENSMUSG00000044636.7",681.227961343716,-0.401617811358912,0.0568429102894622,-7.06539846946164,1,1,"Csrnp2"
"ENSMUSG00000044641.8",204.881847391178,-0.795044419323417,0.163720921994757,-4.85609541918459,0.89468945559701,1,"Pard6b"
"ENSMUSG00000044645.9",243.22277130035,0.353418813099986,0.17719301094578,1.99454149581628,0.999868379694845,1,"Gm7334"
"ENSMUSG00000044646.16",1767.31840837312,0.77097948356892,0.12592045248565,6.12275026296289,0.965526842540372,1,"Zbtb7c"
"ENSMUSG00000044647.17",944.427838375624,-1.00812039694195,0.224942940277744,-4.48167164391644,0.485601387734742,1,"Csrnp3"
"ENSMUSG00000044674.7",5494.64049020661,1.08390182527951,0.131843862203072,8.22110189407249,0.262266788090242,1,"Fzd1"
"ENSMUSG00000044681.20",180.297025954618,-1.04231682273898,0.314071170390313,-3.31872811326055,0.446410141409686,1,"Cnpy1"
"ENSMUSG00000044700.16",1873.05310647162,0.42016487609043,0.0468656297997074,8.9653095005042,1,1,"Tmem201"
"ENSMUSG00000044702.14",216.145021910461,0.164508561553329,0.109046514006754,1.50860908348836,0.999999999999991,1,"Palb2"
"ENSMUSG00000044707.8",278.578462145631,0.871868034640663,0.129090359689274,6.75393605486335,0.839541635340199,1,"Ccnjl"
"ENSMUSG00000044709.7",609.824024021183,0.112317882098126,0.0527622400754339,2.12875499481345,1,1,"Gemin7"
"ENSMUSG00000044712.16",645.810764382173,0.0853984434710951,0.102699869568553,0.831534098629897,1,1,"Slc38a6"
"ENSMUSG00000044715.8",568.600363156335,0.296556783057775,0.0503761166654497,5.88685279231076,1,1,"Gskip"
"ENSMUSG00000044716.13",361.226212403837,-1.00614586300551,0.158977808575974,-6.32884471120808,0.48458128180194,1,"Dok7"
"ENSMUSG00000044730.18",406.719042037609,-0.135475997352289,0.0639578890196696,-2.11820620456415,1,1,"Airim"
"ENSMUSG00000044734.17",47.826819202364,0.0815516532512447,0.194832085601515,0.41857404030484,0.999998799985391,1,"Serpinb1a"
"ENSMUSG00000044749.14",85.4646629557099,-0.269080097590613,0.203876116960627,-1.3198215740129,0.999831537215989,1,"Abca6"
"ENSMUSG00000044751.6",34.8885896223779,-0.24544851561813,0.0936665439270396,-2.62045021976383,1,1,"Atp5pb-ps"
"ENSMUSG00000044757.8",8.93087018895449,0.262196161144804,0.25015695051245,1.04812662853337,0.998408081247453,1,"Gm6430"
"ENSMUSG00000044763.9",869.445396136829,0.067432295828787,0.0496596213491059,1.35788985088589,1,1,"Trmt10c"
"ENSMUSG00000044768.17",1098.43991223062,-0.426316396681043,0.0688661749957497,-6.19050494248236,1,1,"Macir"
"ENSMUSG00000044783.17",14327.3236247057,0.135037629500488,0.0931321193265009,1.44995765668207,1,1,"Hjurp"
"ENSMUSG00000044786.7",573.959835366617,0.773664824461296,0.144140001207522,5.36745398903828,0.941820985771805,1,"Zfp36"
"ENSMUSG00000044788.11",44.4673945108713,-0.510644090700532,0.283215022829219,-1.80302614458575,0.957993384448051,1,"Fads6"
"ENSMUSG00000044791.18",4964.78951339459,0.014331576759361,0.0447406056722463,0.320325944274179,1,1,"Setd2"
"ENSMUSG00000044792.8",2723.31461888673,0.322666064755868,0.0511289817368825,6.31082516793228,1,1,"Isca1"
"ENSMUSG00000044795.13",331.779871666061,-0.20078901495597,0.095700208730746,-2.09810425305229,1,1,"Cyb5d1"
"ENSMUSG00000044807.14",2337.3769808879,-0.418928242022612,0.0774497845878047,-5.40903043503851,0.999999999999969,1,"Zfp354c"
"ENSMUSG00000044811.15",84.9511334802971,0.367175844958109,0.361717295371926,1.01509065133469,0.959976139980799,1,"Cd300c2"
"ENSMUSG00000044813.16",426.429671240935,-0.350411113662314,0.118577633004248,-2.95511982137273,0.999999978513108,1,"Shb"
"ENSMUSG00000044835.16",61.3266678316651,-0.335652731263892,0.202697350658716,-1.65593052979284,0.999476407695136,1,"Ankrd45"
"ENSMUSG00000044847.14",645.426962155288,0.0281232114073068,0.0635476233241549,0.442553315705466,1,1,"Lsm11"
"ENSMUSG00000044854.8",61.9797960949499,-0.344945609215488,0.110838343636664,-3.11215052388589,0.999999998289441,1,"1700056E22Rik"
"ENSMUSG00000044857.9",1702.84290356854,0.176856657500873,0.0469221567356476,3.76915022251123,1,1,"Lemd2"
"ENSMUSG00000044864.17",2235.74603805056,0.105774805924732,0.0993886123455617,1.06425478159375,1,1,"Ankrd50"
"ENSMUSG00000044876.16",549.43140133395,0.0567190072758779,0.0739529649720821,0.76696055793422,1,1,"Zfp444"
"ENSMUSG00000044881.8",208.467404478051,0.0308524466963558,0.105496376631257,0.292450297171769,1,1,"Coa4"
"ENSMUSG00000044894.15",2614.05659203073,0.332995157301748,0.0701010058666918,4.75021938964744,1,1,"Uqcrq"
"ENSMUSG00000044906.7",1499.31654252601,0.0413983463085343,0.0623967998667416,0.663469062467099,1,1,"4930503L19Rik"
"ENSMUSG00000044916.11",14.8216313497082,0.318100280433379,0.184315300380086,1.7258484769165,0.999892046001847,1,"Frey1"
"ENSMUSG00000044927.8",1196.65519257476,-0.566001817076495,0.103041784363791,-5.49293493480484,0.999987336508205,1,"H1f10"
"ENSMUSG00000044934.14",1498.09708416894,-0.228013166819092,0.0723544321276025,-3.15133655415848,1,1,"Zfp367"
"ENSMUSG00000044937.16",138.526104625377,0.0735297868809597,0.105577899448333,0.696450557031049,1,1,"Ttc41"
"ENSMUSG00000044949.5",489.846445666031,-0.0128578336049372,0.0997674669922566,-0.128878019985565,1,1,"Ubtd2"
"ENSMUSG00000044950.8",895.602863711663,0.0118495264821335,0.0473646566442815,0.25017655191984,1,1,"Pwwp2a"
"ENSMUSG00000044952.6",356.129272792661,0.117984270177461,0.101356101774586,1.16405690542297,1,1,"Kctd21"
"ENSMUSG00000044966.5",114.312496511246,-0.344950614628301,0.126530460419609,-2.72622587070616,0.999999887264581,1,"Fbxo48"
"ENSMUSG00000044968.17",249.811204531146,-0.0676926338140761,0.0648267497598062,-1.04420835634809,1,1,"Napepld"
"ENSMUSG00000044976.18",16.2867170111244,-0.292937260647152,0.316449703860032,-0.925699272503414,0.987292287374899,1,"Wdr72"
"ENSMUSG00000044982.8",196.569839055621,-0.201010819045489,0.0621159795444768,-3.2360564949565,1,1,"Sft2d3"
"ENSMUSG00000044986.11",236.997268652557,-0.300436810485936,0.158452410034877,-1.89606968060509,0.999994948881494,1,"Tst"
"ENSMUSG00000044991.11",140.603330235324,-0.810120084277713,0.0927780564609155,-8.73180701536889,0.979651495468774,1,"Shld1"
"ENSMUSG00000045005.10",805.08359163782,0.406247865529588,0.118719402437735,3.42191636066105,0.999999715284687,1,"Fzd5"
"ENSMUSG00000045009.10",137.865526259527,-1.11608432613419,0.169021945215856,-6.60319182049912,0.246104283922947,1,"Prrt3"
"ENSMUSG00000045031.19",271.27725942677,0.430889958607477,0.121513745519954,3.54601824479783,0.999998589936192,1,"Cetn4"
"ENSMUSG00000045038.15",1714.73627128269,0.202953534522456,0.109034469466268,1.86137040438614,0.999999999999866,1,"Prkce"
"ENSMUSG00000045039.10",5267.5014221578,0.315361026759662,0.0526668850400266,5.9878427691326,1,1,"Megf8"
"ENSMUSG00000045045.8",1011.41154428014,-0.116379834237923,0.0623573490425636,-1.86633710420379,1,1,"Lrfn4"
"ENSMUSG00000045048.8",17.0181803998038,0.681404780983562,0.553143935401354,1.23187607668363,0.718866800213069,1,"Gm9795"
"ENSMUSG00000045055.6",89.5517636955754,0.613616595583164,0.117027666009729,5.24334643683445,0.999519395891621,1,"Rpsa-ps2"
"ENSMUSG00000045062.5",320.917170720677,0.52139051884168,0.110821887360549,4.70476122776524,0.999992153413428,1,"Pcdhb7"
"ENSMUSG00000045071.15",851.169223610559,-0.380882756930213,0.0681915963949693,-5.5854794001906,1,1,"E130308A19Rik"
"ENSMUSG00000045078.13",2312.13222831103,-0.22108432318507,0.0644247034563245,-3.43167001668778,1,1,"Rnf216"
"ENSMUSG00000045092.9",861.037669244593,0.976922895086699,0.148889341316047,6.5614024916195,0.561587374307968,1,"S1pr1"
"ENSMUSG00000045094.9",14.2361514773565,1.02842419622191,0.223962411984073,4.59194999335447,0.449503825334316,1,"Arhgef37"
"ENSMUSG00000045095.17",2286.4082189867,-0.222565421941527,0.0871381073217182,-2.55416865000068,1,1,"Magi1"
"ENSMUSG00000045098.20",2522.02606338021,0.10095656927978,0.103381217825622,0.976546527533351,1,1,"Kmt5b"
"ENSMUSG00000045100.12",193.443059459971,0.285576549834774,0.0997878075336835,2.86183810320091,0.999999999999595,1,"Slc25a26"
"ENSMUSG00000045102.13",69.6367358577886,0.0906705706995228,0.183450570722677,0.494250687486767,0.999999643077761,1,"Poln"
"ENSMUSG00000045103.20",1241.11940897284,-0.588879284545271,0.195547220355099,-3.01144288052732,0.982241375554581,1,"Dmd"
"ENSMUSG00000045104.10",11.5600347657878,0.293657814098478,0.157556012483293,1.86383121449978,0.999996321987669,1,"Ldhb-ps"
"ENSMUSG00000045106.13",38.879073472557,0.0174027947141952,0.182860469766474,0.0951698020705067,0.999999974581049,1,"Ccdc73"
"ENSMUSG00000045107.6",152.17608293626,0.760223342876457,0.124018016623486,6.12994275811126,0.973406640425712,1,"Saysd1"
"ENSMUSG00000045114.11",346.02676036565,-0.588018966574651,0.208258760648065,-2.82350170885892,0.976047887577966,1,"Prrt2"
"ENSMUSG00000045128.10",21665.562325458,0.724883212160961,0.103233406258016,7.02178915175215,0.996150557267364,1,"Rpl18a"
"ENSMUSG00000045140.9",315.750667052391,-0.557467344656396,0.077536734247311,-7.18971917076491,0.999999994264033,1,"Pigw"
"ENSMUSG00000045160.15",851.096074053896,0.207297225750603,0.083328299455538,2.48771698336664,1,1,"Bola3"
"ENSMUSG00000045176.4",364.239363548407,0.284643191676847,0.0612478336226387,4.64740015835654,1,1,"Borcs6"
"ENSMUSG00000045179.10",1391.58452222953,-0.48845990505032,0.121617842579377,-4.01635068252024,0.999987010787512,1,"Sox3"
"ENSMUSG00000045180.14",1283.57250078155,-0.38544112305016,0.115099360563432,-3.34876858710036,0.999999953366736,1,"Shroom2"
"ENSMUSG00000045193.14",1338.62101651593,0.133221991662888,0.0984864795437225,1.35269320499719,1,1,"Cirbp"
"ENSMUSG00000045205.17",2735.94762731422,0.0988213532701357,0.0541388493193029,1.82533161514575,1,1,"Dpy19l4"
"ENSMUSG00000045210.9",5844.30467384941,-0.0721786695078483,0.0616658627205306,-1.17048017044636,1,1,"Vcpip1"
"ENSMUSG00000045211.6",617.003731874866,0.622263775186086,0.0954883016145821,6.51664931373185,0.999961866538238,1,"Nudt18"
"ENSMUSG00000045216.8",3201.96606808119,0.364007211475088,0.0520667654457613,6.99116237313185,1,1,"Hs6st1"
"ENSMUSG00000045237.6",451.69434579069,0.0282486847757719,0.0570347723311292,0.495288814545753,1,1,"Eola1"
"ENSMUSG00000045246.13",31.660483317578,0.225545345260008,0.34386384942959,0.6559146756315,0.988028188103562,1,"Kcng4"
"ENSMUSG00000045248.7",479.876950267009,0.208782938619177,0.040483805267545,5.15719649473152,1,1,"Med26"
"ENSMUSG00000045251.14",271.679598987559,0.102550295228045,0.119292495745242,0.859654201946188,0.999999999999973,1,"Zfp688"
"ENSMUSG00000045252.12",661.519185204027,-0.0890858901182243,0.0437017260640647,-2.03849820457042,1,1,"Zfp574"
"ENSMUSG00000045257.11",187.716218973796,0.00316507724905924,0.0902461289408771,0.035071612336223,1,1,"Morn2"
"ENSMUSG00000045259.5",13.0638183376444,-0.830289797727897,0.216294248601135,-3.83870492672703,0.783663710053536,1,"Klhdc9"
"ENSMUSG00000045268.14",205.343616122879,-0.00920713554103815,0.166124045980467,-0.0554232560776948,0.99999999939049,1,"Zfp691"
"ENSMUSG00000045273.9",737.501064190201,0.0821049763648311,0.112264089712604,0.731355650547027,1,1,"Cenph"
"ENSMUSG00000045282.8",105.500068175495,-0.424317073951924,0.0709375596334237,-5.98155724759381,1,1,"Tmem86b"
"ENSMUSG00000045288.11",22.8364112461014,-0.522702678227205,0.246316040374907,-2.12208136113109,0.973672742192277,1,"Ush1g"
"ENSMUSG00000045294.12",8440.63570189586,0.171859818438452,0.105095768328198,1.6352686808641,0.999999999999998,1,"Insig1"
"ENSMUSG00000045302.14",1711.04381632625,0.153406983817686,0.0365824409747366,4.19345947755718,1,1,"Preb"
"ENSMUSG00000045312.13",3117.07035502189,0.549118886103058,0.121684071140762,4.51266037497914,0.999894447202704,1,"Lhfpl2"
"ENSMUSG00000045316.6",377.220242012135,-0.0247728288243146,0.0643818635580936,-0.384779617352352,1,1,"Fahd1"
"ENSMUSG00000045328.12",4737.38522700059,0.0766402426637921,0.135658696617572,0.564948982812687,0.999999999995001,1,"Cenpe"
"ENSMUSG00000045333.16",801.463054918649,-0.8294344551481,0.10057612814751,-8.24683222972764,0.955046167451546,1,"Zfp423"
"ENSMUSG00000045345.9",17.8458532767279,-0.0272145283429011,0.213954223047688,-0.127197902220585,0.99999806431127,1,"9530056K15Rik"
"ENSMUSG00000045348.17",214.894364365339,-0.400602558203341,0.142361910168043,-2.81397290701194,0.999987252806528,1,"Nyap1"
"ENSMUSG00000045349.16",98.8749844416561,-0.116164202715829,0.181613847507008,-0.639621946841616,0.999999432628061,1,"Sh2d5"
"ENSMUSG00000045362.9",34.03630523507,0.603675372629186,0.212235018221197,2.84437213843768,0.969076123830922,1,"Tnfrsf26"
"ENSMUSG00000045374.19",1060.243849101,0.120610368962926,0.0950764030450418,1.26856259913185,1,1,"Wdr81"
"ENSMUSG00000045377.6",21.4017295694266,0.5733846696726,0.175154361896537,3.27359629223106,0.992567541431354,1,"Tmem88"
"ENSMUSG00000045382.7",278.132550955399,-0.550062548734653,0.233242235315319,-2.35833166317852,0.973138076089985,1,"Cxcr4"
"ENSMUSG00000045394.10",272.345341550711,-0.619494466793848,0.234277916689541,-2.64427170749851,0.947829491587038,1,"Epcam"
"ENSMUSG00000045404.17",23.8979866809485,-0.284331060352158,0.271112960011695,-1.04875495564614,0.995852655350819,1,"Kcnk13"
"ENSMUSG00000045409.17",608.276674026213,-0.242478854542337,0.0473122264424227,-5.12507807759639,1,1,"Trim39"
"ENSMUSG00000045410.19",1384.24499468878,-0.258145126731019,0.0589451318421534,-4.37941384917578,1,1,"Akr1e1"
"ENSMUSG00000045411.17",2362.55247758999,-0.0912178340631647,0.063014676152549,-1.44756491078904,1,1,"2410002F23Rik"
"ENSMUSG00000045414.8",1806.7212811059,-0.161070627011051,0.108093624918177,-1.49010292820669,0.999999999999996,1,"Dipk2a"
"ENSMUSG00000045427.14",5165.4336241094,-0.107102245316739,0.0435876108401535,-2.45717173417715,1,1,"Hnrnph2"
"ENSMUSG00000045435.10",566.297394563455,0.10619756476476,0.0666830336955012,1.59257248627434,1,1,"Tmem60"
"ENSMUSG00000045438.13",588.434538610104,-0.115583055115881,0.0593228113959978,-1.94837453579752,1,1,"Cox19"
"ENSMUSG00000045441.6",215.376349674391,-0.897653603618716,0.202941958966128,-4.42320360063411,0.692979500199204,1,"Gprin3"
"ENSMUSG00000045464.8",216.634038694735,-0.360190053723884,0.0582695131852686,-6.18144950994623,1,1,"2810002D19Rik"
"ENSMUSG00000045466.19",272.722143599519,-0.151107199926126,0.068402791145986,-2.20907944536402,1,1,"Zfp956"
"ENSMUSG00000045467.14",16.8368959324449,0.277583479582311,0.194377387409369,1.42806466987699,0.999899025842093,1,"Ttll13"
"ENSMUSG00000045482.17",6624.37136738195,-0.031345614054613,0.0572020341847176,-0.547980758051213,1,1,"Trrap"
"ENSMUSG00000045498.2",841.681790198453,-0.934101079189131,0.0972357566271235,-9.60655947555579,0.751026369268919,1,"Pcdhb3"
"ENSMUSG00000045503.17",852.647729713705,-0.235062544896601,0.0569274119054115,-4.12916268329874,1,1,"Sys1"
"ENSMUSG00000045515.5",9125.27523860675,0.740500247649399,0.0660338930837228,11.2139420086975,0.999957491082673,1,"Pou3f3"
"ENSMUSG00000045518.9",28.7725231359395,-0.0520911876947831,0.159479849969926,-0.326631782664746,0.999999998628128,1,"Onecut3"
"ENSMUSG00000045519.16",364.658348343247,0.0433458711404978,0.0705340227026578,0.614538480574487,1,1,"Zfp560"
"ENSMUSG00000045538.7",380.14105801499,-0.0839465298238522,0.0445941698225375,-1.88245526619102,1,1,"Ddx28"
"ENSMUSG00000045576.17",1125.25926609531,-0.0871390372501838,0.0541369880561733,-1.60960260958306,1,1,"St7l"
"ENSMUSG00000045594.11",3011.76277841384,0.773058387703561,0.0780314942781273,9.90700479152882,0.998183197208988,1,"Glb1"
"ENSMUSG00000045598.11",1141.00504672561,-0.133689091811438,0.0551408535255512,-2.4245016764111,1,1,"Zfp553"
"ENSMUSG00000045624.16",2363.86124022375,-0.166970942838681,0.0576864177394015,-2.89445851175874,1,1,"Esf1"
"ENSMUSG00000045625.6",37.8996100570638,-0.403929385368815,0.272071868995637,-1.48464222655556,0.985769059685961,1,"Pigz"
"ENSMUSG00000045629.9",274.671784843704,0.239008062706672,0.256653532770956,0.93124789721858,0.998487548865715,1,"Sh3tc2"
"ENSMUSG00000045636.17",1605.04745546731,0.59292620068628,0.10412975472061,5.69410926086554,0.99995371682569,1,"Mtus1"
"ENSMUSG00000045639.15",1797.97967905583,-0.323092058646267,0.141330633029013,-2.2860723943686,0.999999164156675,1,"Zfp629"
"ENSMUSG00000045657.4",1036.22370893033,-0.628187410918647,0.0808308733800926,-7.77162715989358,0.999997886362107,1,"Pcdhb10"
"ENSMUSG00000045658.17",3811.31047095474,-0.232256175075424,0.101367259548884,-2.29123462653558,0.999999999999982,1,"Pid1"
"ENSMUSG00000045659.19",532.645124757425,0.305750444797529,0.135229976852081,2.26096648032388,0.999999858058007,1,"Plekha7"
"ENSMUSG00000045664.6",133.12723656208,0.188624235664939,0.146954246686236,1.28355756923224,0.999999983173195,1,"Cdc42ep2"
"ENSMUSG00000045665.6",928.930498606108,0.0150626512259334,0.049999326507161,0.301257082408423,1,1,"Mfsd5"
"ENSMUSG00000045667.15",535.306587119489,-0.156283497474282,0.169142371348826,-0.923976034082996,0.999999695286676,1,"Smtnl2"
"ENSMUSG00000045671.19",3740.3632221563,0.376876636092234,0.0673086820664656,5.5992276853687,1,1,"Spred2"
"ENSMUSG00000045672.16",213.900279625542,-0.215136328143113,0.218219391342107,-0.985871726705713,0.999838855885247,1,"Col27a1"
"ENSMUSG00000045679.15",506.485584085274,0.40308569139793,0.101247611171236,3.98118717799879,0.999999998133265,1,"Slc66a3"
"ENSMUSG00000045689.4",445.18261886288,0.884272178523096,0.137405777305267,6.4354803405286,0.800171515241513,1,"Pcdhb4"
"ENSMUSG00000045690.9",330.682298709612,0.212016700689396,0.0585957106384102,3.61829728455271,1,1,"Wdr89"
"ENSMUSG00000045691.15",283.25906185365,-0.191749940560267,0.0737572169465301,-2.59974479106601,1,1,"Thtpa"
"ENSMUSG00000045725.6",34.2618388733968,-0.839232614680429,0.208896425418202,-4.017457996231,0.779232386433542,1,"Prr15"
"ENSMUSG00000045744.12",69.094453469877,-1.06037783158395,0.280210410786713,-3.78421996744108,0.414699205514906,1,"Bricd5"
"ENSMUSG00000045751.17",883.013746377434,-0.0125765334814567,0.103419575154031,-0.121606895626146,1,1,"Mms22l"
"ENSMUSG00000045752.14",1570.8188488466,-0.282641503666438,0.0754353682242364,-3.7468035262487,1,1,"Tssc4"
"ENSMUSG00000045767.10",5110.44066676329,-0.156521232203172,0.0471414869918982,-3.32024384869471,1,1,"B230219D22Rik"
"ENSMUSG00000045777.15",104.630967754335,-0.383013950354776,0.285294782428252,-1.3425199966673,0.984715664468018,1,"Ifitm10"
"ENSMUSG00000045790.11",708.817868395687,0.0195459164522307,0.0638737364291063,0.306008659348194,1,1,"Ccdc149"
"ENSMUSG00000045795.11",430.46872906904,0.472382264029182,0.0947611569010712,4.98497780606816,0.999999987106343,1,"Whamm"
"ENSMUSG00000045799.7",16.0560898666022,-0.395310262686446,0.14690631299894,-2.69090044271479,0.999980738067328,1,"Gm9800"
"ENSMUSG00000045813.10",65.2101646805422,-0.991826288369629,0.13013270408635,-7.62165279921872,0.525041332647076,1,"Gm9801"
"ENSMUSG00000045817.9",6458.56084872728,0.335863664140914,0.0707624446397642,4.74635473450247,1,1,"Zfp36l2"
"ENSMUSG00000045822.5",151.598044764924,-0.682755208661585,0.0984346602016985,-6.93612602778919,0.999365494573355,1,"Zswim3"
"ENSMUSG00000045827.11",167.814555354547,-0.759951427178266,0.160527862342778,-4.73407803534771,0.932591066184164,1,"Serpinb9"
"ENSMUSG00000045838.10",365.089551139558,0.604656313446413,0.098210915158317,6.15671193442909,0.999971567455204,1,"Ccdc9b"
"ENSMUSG00000045854.5",496.012995378921,-0.181442867029637,0.0586666566391981,-3.09277667117656,1,1,"Lyrm2"
"ENSMUSG00000045867.11",243.024225382638,-0.0191372650521561,0.0804586743666934,-0.237852104857425,1,1,"Cradd"
"ENSMUSG00000045871.6",468.309000211336,-0.159030401867854,0.232249362363074,-0.684739885826869,0.999853554876328,1,"Slitrk6"
"ENSMUSG00000045877.3",33.7184909062113,0.748183410939044,0.137490739914185,5.44170037491996,0.966488272826461,1,"4933415A04Rik"
"ENSMUSG00000045896.15",2106.63327559292,-0.313569910585346,0.0724058265999338,-4.33072758519731,1,1,"Paip2b"
"ENSMUSG00000045903.10",22.5032063821736,-0.629960348593695,0.223459914772648,-2.81912015063027,0.951134573900853,1,"Npas4"
"ENSMUSG00000045917.18",440.808928006413,0.202921463758475,0.156761154859158,1.29446267438377,0.999999815865842,1,"Tmem268"
"ENSMUSG00000045932.13",1123.35179660297,-0.96738355801568,0.093475154229632,-10.3490982816588,0.636429697041876,1,"Ifit2"
"ENSMUSG00000045934.16",377.392937286306,1.05627211185913,0.196230437720949,5.38281483814052,0.387145955553354,1,"Mtmr11"
"ENSMUSG00000045948.9",454.935156119344,0.0876465638796835,0.0509729623997685,1.71947165229074,1,1,"Mrps12"
"ENSMUSG00000045962.17",14552.1834627694,0.0924464722356307,0.0593967698535883,1.55642255401277,1,1,"Wnk1"
"ENSMUSG00000045968.8",17.3945789291807,-0.615028082955113,0.15571041767632,-3.94981974959178,0.993288751137887,1,"Teddm2"
"ENSMUSG00000045969.9",2238.36595020459,0.196032802726263,0.0494468730394739,3.9645136421421,1,1,"Ing1"
"ENSMUSG00000045973.19",3077.30835525916,0.0459800624203807,0.0483168073031913,0.951637017981188,1,1,"Slc25a51"
"ENSMUSG00000045975.9",1363.63482644033,0.261515780296024,0.0714748350509791,3.65885112025092,1,1,"C2cd2"
"ENSMUSG00000045980.14",575.301442828358,-0.150833686852503,0.0673401499220217,-2.23987750290377,1,1,"Tmem104"
"ENSMUSG00000045983.17",16944.2775227066,0.0297717675207652,0.0590215045311703,0.504422375492684,1,1,"Eif4g1"
"ENSMUSG00000045991.20",397.3229887227,-0.385708903866747,0.114814836735498,-3.35939948906877,0.999999956089969,1,"Onecut2"
"ENSMUSG00000045996.13",617.565353091678,0.200271662883182,0.0687564244187255,2.91277018222371,1,1,"Polr2k"
"ENSMUSG00000046010.8",621.542087437841,-0.352464892898408,0.0467458602377476,-7.54002367494758,1,1,"Zfp830"
"ENSMUSG00000046020.14",2445.65323224361,-0.317341738301407,0.0777229755771965,-4.08298493392363,1,1,"Pofut1"
"ENSMUSG00000046027.18",610.647996206863,0.920532085667656,0.0896616707393007,10.2667291171072,0.812274385386315,1,"Stard5"
"ENSMUSG00000046032.17",1329.78431446578,0.0374682398077173,0.0311700242520075,1.20206001460856,1,1,"Snx12"
"ENSMUSG00000046034.9",572.90369985605,0.0485092342965259,0.0422251461908264,1.14882335936269,1,1,"Otulin"
"ENSMUSG00000046056.16",65.866609685798,0.0486527439846036,0.234199927572594,0.207740217893632,0.999979459450128,1,"Sbsn"
"ENSMUSG00000046057.5",98.869404005853,-0.267417617053085,0.230957998359043,-1.15786255056369,0.999242870359722,1,"Gm15428"
"ENSMUSG00000046058.8",1006.03061275309,-0.066903908560823,0.0666016430452047,-1.00453840929139,1,1,"Eid2"
"ENSMUSG00000046062.6",7991.71436191172,-0.361157851293673,0.0404128498728627,-8.9367083101009,1,1,"Ppp1r15b"
"ENSMUSG00000046079.17",3047.52263312323,-0.0241274555963326,0.0593138332638382,-0.406776198210112,1,1,"Lrrc8d"
"ENSMUSG00000046096.8",1508.16773331105,0.0541597763966333,0.0502118189403779,1.07862605935354,1,1,"Mosmo"
"ENSMUSG00000046101.17",12.3842935872248,-0.665446174320854,0.211754039715798,-3.14254299570375,0.942937072253012,1,"Mcmdc2"
"ENSMUSG00000046110.16",12.6716491250689,-1.09059854879528,0.156974150053046,-6.94763149491007,0.281917089799517,1,"Serinc4"
"ENSMUSG00000046111.19",2244.1103819481,-0.0829542132024785,0.0868258008641974,-0.95540970975005,1,1,"Cep295"
"ENSMUSG00000046138.16",2762.62830425941,0.10631476849971,0.0488461593763464,2.17652257326074,1,1,"Brd10"
"ENSMUSG00000046139.9",1898.34538418793,0.0914374617852558,0.0451952255051139,2.02316640227649,1,1,"Patl1"
"ENSMUSG00000046152.17",1255.07143125065,0.122561144298062,0.0440681334328417,2.78117394023145,1,1,"Fut10"
"ENSMUSG00000046157.14",1063.77668461302,-1.09528834106117,0.0908610089111924,-12.0545474256368,0.147152024251531,1,"Tmem229b"
"ENSMUSG00000046160.7",23251.1576507049,-0.827681737720802,0.0926501206087227,-8.93341241525463,0.968548866330997,1,"Olig1"
"ENSMUSG00000046168.10",15.45346380206,-0.130669592326464,0.143442682361467,-0.910953352065632,0.99999999932139,1,"Kcnrg"
"ENSMUSG00000046169.11",493.398385605186,-0.159940326905779,0.126512464692847,-1.26422583967588,0.99999999998433,1,"Adamts6"
"ENSMUSG00000046178.4",1568.25064388803,-0.0816987807622989,0.163067618265619,-0.501011676206742,0.999999991079477,1,"Nxph1"
"ENSMUSG00000046179.18",1298.51593111639,-0.269609040286537,0.130297749055977,-2.06917649951658,0.999999989620456,1,"E2f8"
"ENSMUSG00000046185.11",714.79139772698,-0.2606799301811,0.0659557146183486,-3.95234790024669,1,1,"Zfp84"
"ENSMUSG00000046191.8",297.364393106411,-0.617338283192248,0.0856147971494122,-7.21064937074942,0.999996081232716,1,"Pcdhb20"
"ENSMUSG00000046201.10",2988.61186575619,-0.0691069224589966,0.0422393771220032,-1.63607816136563,1,1,"Scaf8"
"ENSMUSG00000046229.11",824.601120421923,-0.389813002359592,0.0851577108326498,-4.57754205166041,0.999999999999612,1,"Scand1"
"ENSMUSG00000046230.12",1826.9937298785,0.0222526296556628,0.0539113291070832,0.412763514167175,1,1,"Vps13a"
"ENSMUSG00000046240.9",2223.55575245321,0.749462294347913,0.184346935865432,4.06549905931173,0.912935488903104,1,"Hepacam"
"ENSMUSG00000046269.18",200.617128293546,-0.00541549312006363,0.0818505808069162,-0.0661631605625215,1,1,"Usp27x"
"ENSMUSG00000046295.14",249.026024583674,-0.00619488012479457,0.138458520404932,-0.0447417761411663,0.999999999999829,1,"Ankle1"
"ENSMUSG00000046311.15",2516.95623988928,-0.185626063141579,0.0577018625217568,-3.21698564013575,1,1,"Zfp62"
"ENSMUSG00000046312.5",644.955851253186,-0.572932682769522,0.0869782117943974,-6.58708279866507,0.999999544732755,1,"Myorg"
"ENSMUSG00000046314.17",759.636340553151,0.570736589914881,0.125813537592416,4.53636866776478,0.999677443018525,1,"Stxbp6"
"ENSMUSG00000046318.17",1922.57819685416,1.04988110225964,0.233440712089612,4.49742074919912,0.415399154806686,1,"Ccbe1"
"ENSMUSG00000046324.13",6007.06254165642,0.840598994371635,0.0813256622226046,10.3362084168555,0.975004050532206,1,"Ermp1"
"ENSMUSG00000046329.15",5161.94770909835,-0.363844908623141,0.0574938040754511,-6.32841946143717,1,1,"Slc25a23"
"ENSMUSG00000046330.11",13310.258055849,0.0437570603913198,0.0975142441244435,0.44872480717257,1,1,"Rpl37a"
"ENSMUSG00000046341.6",25.3645132837458,-0.582592315671148,0.126940202238714,-4.58950202848717,0.999495890160037,1,"Gm11223"
"ENSMUSG00000046351.12",1401.29165881938,-0.310084108139838,0.0857789724319831,-3.61491982648444,1,1,"Zfp322a"
"ENSMUSG00000046364.15",16361.6381247241,0.582820625091523,0.111289106354741,5.23699618212175,0.999911091066032,1,"Rpl27a"
"ENSMUSG00000046380.4",287.075486217848,-0.478107961482025,0.0676416025407623,-7.06825302067477,0.999999999999994,1,"Jrk"
"ENSMUSG00000046387.6",470.431459993581,-0.14742303584343,0.0882404837472524,-1.67069614289167,1,1,"Pcdhb17"
"ENSMUSG00000046404.6",902.076780404255,-0.716912898063397,0.0562716274962619,-12.7402197157177,0.999999755686132,1,"Yod1"
"ENSMUSG00000046413.18",17.2032908863833,0.775276863307206,0.172390199801054,4.49722121212175,0.903810321797922,1,"Irx3os"
"ENSMUSG00000046417.15",326.19339049008,0.0596710941210939,0.0785166767520352,0.759979874206115,1,1,"Lrrc75a"
"ENSMUSG00000046432.13",3545.93322879532,-0.0155606996944104,0.0711689948551895,-0.218644365092867,1,1,"Bex3"
"ENSMUSG00000046434.17",37788.4783395073,-0.0280889454448405,0.0671535382502251,-0.418279455956237,1,1,"Hnrnpa1"
"ENSMUSG00000046441.6",433.7792014738,0.0345714751881024,0.0610370688418152,0.566401300784914,1,1,"Cmtr2"
"ENSMUSG00000046442.5",2751.74296611569,-0.221201590473882,0.126110006804965,-1.75403678168047,0.999999999670328,1,"Ppm1e"
"ENSMUSG00000046447.4",1987.45928007797,-0.0839059526778238,0.155177021382401,-0.540711195061898,0.999999998222529,1,"Camk2n1"
"ENSMUSG00000046449.16",1514.06811146293,-1.07163960310666,0.154963925690089,-6.91541336691367,0.32193360818551,1,"Nexmif"
"ENSMUSG00000046463.7",128.673773311517,0.29883977214108,0.122209236008149,2.44531249766713,0.999999995192243,1,"5930403N24Rik"
"ENSMUSG00000046516.12",1129.23113468312,0.338552269123812,0.094721239691721,3.57419592718234,0.999999999998556,1,"Cox17"
"ENSMUSG00000046519.17",1055.58298388347,-0.261112749862282,0.0655144801857624,-3.98557309959436,1,1,"Golph3l"
"ENSMUSG00000046541.10",249.559580199012,0.181642749910554,0.0676588107054035,2.68468730113293,1,1,"Zfp526"
"ENSMUSG00000046546.4",432.085644395019,0.036664629464565,0.161142938172831,0.227528614535009,0.999999998933988,1,"Fam43a"
"ENSMUSG00000046550.9",157.490029025648,-1.09326976040172,0.0981610825828386,-11.1375071630766,0.17101282443531,1,"Spin2c"
"ENSMUSG00000046556.8",1246.26805741439,-0.198572681174772,0.0499453581272802,-3.97579852503474,1,1,"Zfp319"
"ENSMUSG00000046562.6",1355.81570715587,0.0744330208081678,0.0499713509924255,1.48951387805085,1,1,"Unc119b"
"ENSMUSG00000046567.11",853.504612123448,-0.0305988956739561,0.0685790797809069,-0.446184109960529,1,1,"Rlig1"
"ENSMUSG00000046572.11",2073.39550563704,-0.414607430250015,0.0955357603791884,-4.33981399849028,0.999999999553565,1,"Zfp518b"
"ENSMUSG00000046573.8",389.406083666193,-0.259671739176558,0.0686590906130173,-3.78204454585837,1,1,"Lyrm4"
"ENSMUSG00000046574.9",2983.28458350047,0.00888097337119191,0.0432573657508368,0.205305459938233,1,1,"Prr12"
"ENSMUSG00000046580.11",364.707548196067,-0.0534966979160823,0.077164957452364,-0.693277099894823,1,1,"Gm7862"
"ENSMUSG00000046591.11",1099.74056427946,-0.237944472878979,0.139017665507616,-1.71161321124289,0.99999997893914,1,"Ticrr"
"ENSMUSG00000046603.17",337.454237266645,0.0197001138160778,0.0685019144399769,0.287584864994387,1,1,"Tcaim"
"ENSMUSG00000046605.15",328.814503160414,-0.0799178507704044,0.0622922490065934,-1.282950159047,1,1,"B3gntl1"
"ENSMUSG00000046610.16",34.9920348646674,0.895281891920251,0.215052861208079,4.16307826313458,0.686850015663671,1,"Oacyl"
"ENSMUSG00000046613.20",54.2780360732193,-0.84703262554922,0.294808231458482,-2.8731647734487,0.698074569423435,1,"Vwa5b2"
"ENSMUSG00000046636.6",26.1481781025461,-0.566373892635423,0.258731370285942,-2.18904221783963,0.953128001298005,1,"Gm7729"
"ENSMUSG00000046658.17",746.606068453293,-0.298781684253374,0.0585855454349984,-5.09992152560697,1,1,"Zfp316"
"ENSMUSG00000046667.15",277.001008667742,-0.312877150445873,0.0768498346355122,-4.07127942343409,1,1,"Rbm12b1"
"ENSMUSG00000046668.10",6346.26785381509,0.366195136976636,0.0495843741650889,7.38529311184621,1,1,"Cxxc5"
"ENSMUSG00000046671.19",2219.08901241201,0.0885397537805692,0.0412477302181541,2.14653638666403,1,1,"Mtfr1l"
"ENSMUSG00000046675.8",356.287226852153,-0.225685011104865,0.0519486663709686,-4.34438507994092,1,1,"Lyset"
"ENSMUSG00000046679.17",450.992601076235,-0.163796953060357,0.0708955545719392,-2.31039807854452,1,1,"C87436"
"ENSMUSG00000046688.15",199.831347185827,0.802789548019648,0.19478249649341,4.12146657154488,0.844342103165064,1,"Tifa"
"ENSMUSG00000046691.15",2001.11022668651,0.295062552359351,0.0972213750952905,3.03495555447708,0.999999999999793,1,"Chtf8"
"ENSMUSG00000046694.7",9.08649565664252,0.212762511178505,0.281725436049013,0.755212288114057,0.997408093426627,1,"Tent5b"
"ENSMUSG00000046707.10",3753.95021668333,0.37648641637395,0.0639066602243368,5.89119217077436,1,1,"Csnk2a2"
"ENSMUSG00000046709.20",1378.45213570576,-0.937067006004539,0.166960739198057,-5.6124991450412,0.64688826090975,1,"Mapk10"
"ENSMUSG00000046711.17",2831.94443660073,0.365794498714814,0.111617604241931,3.27721152231467,0.99999999334157,1,"Hmga1"
"ENSMUSG00000046714.8",20.4047536260286,0.119862909721779,0.244908558268695,0.489419032838674,0.999839424754425,1,"Foxc2"
"ENSMUSG00000046718.9",469.723477903002,-0.647292820033454,0.32503413845815,-1.99146102961365,0.861070125515006,1,"Bst2"
"ENSMUSG00000046719.8",92.3959173757659,-1.06735053198468,0.240687068813781,-4.43459857334708,0.389805450135473,1,"Nxph3"
"ENSMUSG00000046721.12",148.049571712685,0.541448660144606,0.0909608517019334,5.95254606804762,0.99999976868245,1,"Rpl14-ps1"
"ENSMUSG00000046722.15",6659.62306605286,-0.178652574703443,0.0624343474758877,-2.86144697471914,1,1,"Cdc42se1"
"ENSMUSG00000046727.14",592.368777833925,0.373592723978905,0.122512971465284,3.04941362135494,0.999999841448248,1,"Cystm1"
"ENSMUSG00000046731.6",301.631069980234,0.30805907952727,0.0660838340964723,4.66164053189697,1,1,"Kctd11"
"ENSMUSG00000046743.7",2447.27331238846,0.278112851114649,0.142612012678037,1.95013621848617,0.99999979244606,1,"Fat4"
"ENSMUSG00000046753.11",1111.30616012137,0.422152441071739,0.0549110664727415,7.68793010569738,1,1,"Ccdc66"
"ENSMUSG00000046756.11",2585.25429160383,-0.106101006720265,0.0850261489764519,-1.24786325145279,1,1,"Mrps7"
"ENSMUSG00000046782.15",18.4531317513856,-1.10852700247848,0.266040065120603,-4.16676714455004,0.341660769128131,1,"Ttc6"
"ENSMUSG00000046785.9",3430.04329993353,-0.226694729597892,0.0620611747019782,-3.65276246681593,1,1,"Epm2aip1"
"ENSMUSG00000046791.9",459.691748944546,-0.0095551672459984,0.0559232398215479,-0.17086219032533,1,1,"Riox1"
"ENSMUSG00000046792.9",593.996515949603,0.602029521781972,0.0920795453731821,6.53814611423257,0.999992269961767,1,"Zfp787"
"ENSMUSG00000046793.9",28.5876807348261,-0.988184643751492,0.31040759554844,-3.18350664714093,0.515181674874575,1,"Gpr61"
"ENSMUSG00000046794.10",26.3225662003425,0.175545331505373,0.261631778981176,0.670963337057014,0.999190510132967,1,"Ppp1r3b"
"ENSMUSG00000046798.15",932.305321291785,0.000262810485393669,0.0860380818646688,0.00305458326938354,1,1,"Cldn12"
"ENSMUSG00000046806.14",253.585594251775,-0.13868043325585,0.0629621118985626,-2.2026013593584,1,1,"Cyren"
"ENSMUSG00000046807.11",552.077697957787,-0.79498693630746,0.104174728539255,-7.6312839731365,0.975464433675293,1,"Lrrc75b"
"ENSMUSG00000046808.19",111.263042641818,0.00960159877392811,0.093536260299145,0.10265108678945,1,1,"Atp10d"
"ENSMUSG00000046818.8",1203.75274493445,0.873946198577737,0.135080243545981,6.46982989988651,0.824635753790631,1,"Ddit4l"
"ENSMUSG00000046822.15",944.862849182051,-0.152399003238723,0.0632276619101628,-2.41032166356649,1,1,"Slc39a3"
"ENSMUSG00000046836.14",4478.6137691173,-0.540818840274387,0.0710595870614377,-7.61077938444532,0.999999999948308,1,"Brox"
"ENSMUSG00000046841.7",10840.9749231558,0.661526870751229,0.071315416111403,9.27607110526912,0.999998963336784,1,"Ckap4"
"ENSMUSG00000046861.10",992.076208379008,-0.206251222230395,0.0702071830452239,-2.9377510004573,1,1,"Hectd3"
"ENSMUSG00000046862.15",1130.54438508025,-0.07477472630368,0.0749527557594269,-0.997624777715734,1,1,"Pramel12"
"ENSMUSG00000046865.8",3011.68912624152,0.23308080791703,0.0606189608235035,3.84501490541321,1,1,"Fbl"
"ENSMUSG00000046873.19",1946.40892882582,0.308402106310863,0.0674195645416721,4.57437108067109,1,1,"Mbtps2"
"ENSMUSG00000046876.17",527.673433730219,-0.333447422090308,0.149048483346757,-2.23717420401086,0.999996126372109,1,"Atxn1"
"ENSMUSG00000046897.18",3580.28097048697,0.0351505422625354,0.0489855396776172,0.717569766381416,1,1,"Zfp740"
"ENSMUSG00000046909.10",321.397563297545,-0.35881432756658,0.0554359424012229,-6.4725936283292,1,1,"Tefm"
"ENSMUSG00000046947.13",521.887946305258,0.168911125196839,0.06275781091675,2.69147573392743,1,1,"Adck2"
"ENSMUSG00000046949.17",1052.65428265684,-0.125810701533465,0.0886923075617807,-1.41850747818044,1,1,"Nqo2"
"ENSMUSG00000046958.12",17.347293509962,-1.09087718679461,0.23756626452039,-4.59188592705673,0.351032636464635,1,"4930432E11Rik"
"ENSMUSG00000046961.9",19.3742260678706,-0.314902091832018,0.221027495100287,-1.4247190906685,0.999031106643953,1,"Gpr156"
"ENSMUSG00000046962.17",960.77342842524,0.165741110348294,0.0641657375622345,2.58301574399486,1,1,"Zbtb21"
"ENSMUSG00000046982.12",2409.93739566325,-0.243060062987594,0.047676892863112,-5.09806844345874,1,1,"Tshz1"
"ENSMUSG00000046985.12",2324.23195666189,0.166158577772771,0.0552934120943913,3.0050338996827,1,1,"Tapt1"
"ENSMUSG00000046991.13",27.1378912966509,0.85092194813132,0.142540901592526,5.96966862580824,0.852187526424787,1,"Wdr27"
"ENSMUSG00000046994.10",1133.04930642668,-0.188335579271647,0.071058353380299,-2.65043545638736,1,1,"Mars2"
"ENSMUSG00000046997.6",1427.41172902784,0.287732621503903,0.104862104053586,2.74391424910632,0.999999999994487,1,"Spsb4"
"ENSMUSG00000047003.16",1453.93881588318,-0.511673599136976,0.0878526052563244,-5.8242279513975,0.999999986392807,1,"Zfp41"
"ENSMUSG00000047013.16",261.522400088057,-0.980633073664771,0.141490328571934,-6.93074278335719,0.55443642240573,1,"Fbxo41"
"ENSMUSG00000047022.19",540.700575287407,0.225211801633181,0.0830490381849849,2.71179301476725,1,1,"Mipol1"
"ENSMUSG00000047030.16",1572.24687175069,-0.267614715579141,0.0726258952564346,-3.68483878421355,1,1,"Spata2"
"ENSMUSG00000047033.3",167.613428938694,-0.953543054845717,0.140923243276298,-6.76640015285609,0.629172065651809,1,"Pcdhb15"
"ENSMUSG00000047036.9",5002.10118077125,-0.116134553877109,0.0563227977545264,-2.06194575744021,1,1,"Zfp445"
"ENSMUSG00000047037.6",831.181102498315,-0.297884334755422,0.0659028616864591,-4.52005159006058,1,1,"Nipa1"
"ENSMUSG00000047044.8",979.033061723226,-0.0700408709892544,0.062240412348198,-1.12532787535882,1,1,"D030056L22Rik"
"ENSMUSG00000047045.18",1869.93615159939,-0.329203122540159,0.080974759014077,-4.06550296102677,1,1,"Tmem164"
"ENSMUSG00000047067.8",85.2299156564555,-0.657131498814254,0.119388528162306,-5.50414272568046,0.997959755178996,1,"Dusp28"
"ENSMUSG00000047084.9",563.88250840578,0.134143466254835,0.051951351556214,2.58209771712455,1,1,"Ngrn"
"ENSMUSG00000047085.15",6023.31836872885,-0.118043373520248,0.0583514863160119,-2.02297115245642,1,1,"Lrrc4b"
"ENSMUSG00000047090.14",1321.74114867289,0.393913409746863,0.0804975982608422,4.89348028087045,0.999999999999974,1,"Tmem198b"
"ENSMUSG00000047098.19",794.786823837051,0.62437023017053,0.11836642597491,5.27489298614857,0.999246802162549,1,"Rnf31"
"ENSMUSG00000047123.9",544.703095501543,0.143055766682578,0.0737551891961941,1.939602734962,1,1,"Ticam1"
"ENSMUSG00000047126.18",26884.3256182074,-0.286135463681586,0.0468332100750839,-6.1096701085159,1,1,"Cltc"
"ENSMUSG00000047139.10",5058.31318391667,-0.121653487140098,0.103840018083605,-1.17154724532262,1,1,"Cd24a"
"ENSMUSG00000047141.6",1565.2913280195,0.100849200303276,0.0644547098290131,1.56465214987099,1,1,"Zfp654"
"ENSMUSG00000047146.18",2435.68268148099,-0.299328290227952,0.15541537505698,-1.92598891916717,0.999996733789022,1,"Tet1"
"ENSMUSG00000047180.9",41.7026068594156,-1.07404708420047,0.264203148092575,-4.06523196999958,0.389636826298379,1,"Neurl3"
"ENSMUSG00000047181.13",1766.0332488026,-0.981879360196472,0.0860790365259344,-11.406718753185,0.583365819070391,1,"Samd14"
"ENSMUSG00000047187.10",6383.57693597327,-0.281923036111594,0.0502076237366006,-5.61514397874353,1,1,"Rab2a"
"ENSMUSG00000047193.17",1082.18182684384,0.416023297054812,0.091884442709724,4.52767938495409,0.999999999896163,1,"Dync2h1"
"ENSMUSG00000047205.13",1008.75606398338,-0.232710568906375,0.0974632533109501,-2.38767495441515,0.999999999999998,1,"Dusp18"
"ENSMUSG00000047213.15",4362.75244702522,0.02015527052365,0.0394859144914378,0.510442034412563,1,1,"Ythdf3"
"ENSMUSG00000047215.15",20723.4587276068,0.574799523122252,0.0837867211548889,6.86026992343658,0.999999806043536,1,"Rpl9"
"ENSMUSG00000047221.6",250.675409691677,0.166781083171654,0.0938009626163276,1.77803168027002,1,1,"Fam185a"
"ENSMUSG00000047227.6",87.4136391798731,-0.650013485287373,0.118868940040513,-5.46832069896338,0.998381600180681,1,"Gm527"
"ENSMUSG00000047238.5",2303.9856184288,-0.200673012517547,0.0740069386744946,-2.71154321624043,1,1,"Mageh1"
"ENSMUSG00000047242.15",1042.2086467853,-0.780409963507826,0.0905064884509972,-8.62269630458995,0.992371812289366,1,"Taf9b"
"ENSMUSG00000047246.8",266.478332586865,-0.485420483775494,0.110498582624898,-4.39300190323089,0.99999839487464,1,"H2bc6"
"ENSMUSG00000047248.21",1832.71370627605,-0.15482380689172,0.0682066881040664,-2.26992119387908,1,1,"C2cd3"
"ENSMUSG00000047250.14",76.2872177094797,-0.987386518720538,0.351628521312153,-2.80803876498971,0.51430764142778,1,"Ptgs1"
"ENSMUSG00000047260.5",1337.31348678468,-0.218128047679222,0.0527482380028997,-4.13526699540619,1,1,"Emc6"
"ENSMUSG00000047261.10",4823.34174834249,-1.10237079060389,0.183748123823581,-5.99935807596215,0.288720796143069,1,"Gap43"
"ENSMUSG00000047264.9",876.743242830912,0.00124533678099561,0.0519011884430943,0.0239943789025375,1,1,"Zfp358"
"ENSMUSG00000047281.4",55.4489782002241,-0.220752555653943,0.13698862083648,-1.6114663707539,0.999999993588618,1,"Sfn"
"ENSMUSG00000047284.15",2204.69828272962,-0.152967913981619,0.0582544829477241,-2.6258565219588,1,1,"Neurl4"
"ENSMUSG00000047307.3",51.8814260541163,-0.948210950479659,0.157024385943163,-6.0386222482849,0.62923024800916,1,"Pcdhb13"
"ENSMUSG00000047344.10",424.868856350919,1.00376006722397,0.13692593657241,7.33067884982588,0.489046185665182,1,"Lancl3"
"ENSMUSG00000047361.17",60.0505149168253,0.852935358237792,0.321248863883155,2.65506108855228,0.676448482650254,1,"Gm973"
"ENSMUSG00000047363.5",11.9774035007265,0.150488716198763,0.184084649571554,0.81749736628783,0.999998032703745,1,"Cstad"
"ENSMUSG00000047368.5",6061.6988166063,0.306116445608893,0.0817404415670984,3.74498155062706,1,1,"Abhd17b"
"ENSMUSG00000047371.8",841.971608169446,0.0261252162534262,0.0450805557629549,0.579522940906037,1,1,"Zfp768"
"ENSMUSG00000047379.8",1571.46768073077,0.538999492049876,0.0823732202134693,6.54338255385749,0.999999989062951,1,"B4gat1"
"ENSMUSG00000047388.11",1318.469039491,-0.185900632281099,0.0646512025246937,-2.87543966734561,1,1,"Atmin"
"ENSMUSG00000047407.18",957.359463447371,1.06221667956895,0.171721012809607,6.18571170871596,0.358559237088442,1,"Tgif1"
"ENSMUSG00000047409.14",882.957929506978,0.439285152803882,0.0703908874210539,6.2406537109872,0.999999999999999,1,"Ctdspl"
"ENSMUSG00000047412.17",1155.95551068073,-0.0391461366965101,0.0581588190075177,-0.673090295926573,1,1,"Zbtb44"
"ENSMUSG00000047415.13",20.2660539757721,0.699119815004055,0.184091894944509,3.79766754649786,0.948912779225214,1,"Gpr68"
"ENSMUSG00000047417.19",1700.5141168701,0.0352643063594272,0.0539981861406718,0.653064646793124,1,1,"Rexo1"
"ENSMUSG00000047419.6",164.07774756864,0.0272795781859894,0.148115811377561,0.184177353736066,0.999999999976403,1,"Cmya5"
"ENSMUSG00000047423.11",866.488787093882,0.195284770218804,0.0706064995618416,2.76581860637011,1,1,"AI837181"
"ENSMUSG00000047434.15",2002.63486832955,0.484983412082758,0.0775897503790682,6.25061183614266,0.999999999984068,1,"Xxylt1"
"ENSMUSG00000047446.19",3570.40192665781,-0.504692688425885,0.102237833332189,-4.93645719961659,0.999999365849426,1,"Arl4a"
"ENSMUSG00000047454.13",2362.01712717862,-0.272845228573658,0.0625009767364413,-4.36545543478804,1,1,"Gphn"
"ENSMUSG00000047459.15",4270.76146383888,-0.375477593072142,0.0691070414355529,-5.43327547052207,1,1,"Dynlrb1"
"ENSMUSG00000047466.11",1358.52558877921,0.020269372373555,0.0423410305137632,0.478717029973239,1,1,"Ark2n"
"ENSMUSG00000047473.15",465.30749976986,-0.0361306354874294,0.0646316550834286,-0.559023831910088,1,1,"Zfp30"
"ENSMUSG00000047496.7",621.867721632622,0.323828119972172,0.181370533094432,1.78545056050294,0.999903544860601,1,"Rnf152"
"ENSMUSG00000047497.11",1008.05628744615,1.10224460531496,0.221931114888042,4.96660689453577,0.322505406794696,1,"Adamts12"
"ENSMUSG00000047502.15",36.261492066177,0.761206927869672,0.275914366272023,2.7588520965929,0.806607042790667,1,"Mroh7"
"ENSMUSG00000047514.7",3128.9349311426,0.102223237718165,0.0619819394512347,1.64924232160549,1,1,"Tspyl1"
"ENSMUSG00000047515.9",17.5669736725352,0.0941088631353061,0.26125481720138,0.360218671347083,0.999751378356159,1,"BC049715"
"ENSMUSG00000047534.18",1782.845985521,-0.0408718109708555,0.131329003183562,-0.311216943554561,0.999999999999861,1,"Mis18bp1"
"ENSMUSG00000047539.10",2502.15965874982,-0.584491112119919,0.0755563806812384,-7.73582729678124,0.999999980937313,1,"Fbxo28"
"ENSMUSG00000047547.15",2552.18924679866,-0.254320465680707,0.0658433674530208,-3.86250696947061,1,1,"Cltb"
"ENSMUSG00000047554.15",2231.6277614529,0.0643696544030488,0.0453157329751852,1.42047033506658,1,1,"Tmem41b"
"ENSMUSG00000047557.3",1358.56179810097,0.632982191934884,0.116993292820482,5.41041436372043,0.999146814363629,1,"Lxn"
"ENSMUSG00000047583.10",237.753634725158,-0.0420116629734646,0.0782064523895956,-0.537189217638694,1,1,"Tyw3"
"ENSMUSG00000047591.6",151.150460734366,-0.0811703527268968,0.0835011201317222,-0.972086992352334,1,1,"Mafa"
"ENSMUSG00000047603.10",261.139985937584,-0.286611085908505,0.0738907766523067,-3.87884792789706,1,1,"Zfp235"
"ENSMUSG00000047604.4",53.4426390964142,0.991492288682012,0.238798404201456,4.15200550438169,0.514210178188093,1,"Frat2"
"ENSMUSG00000047606.5",32.3173733069717,0.907277566369459,0.311019242879265,2.91711071627056,0.617195901144171,1,"Ankrd34c"
"ENSMUSG00000047613.11",601.220874214457,0.161102094678245,0.0555055769424189,2.90244879078315,1,1,"A430005L14Rik"
"ENSMUSG00000047617.12",368.704404034981,0.349603097019545,0.128805251611962,2.71419909238451,0.999999778469087,1,"Paxx"
"ENSMUSG00000047632.12",253.321650733378,-0.603461304366698,0.0855000516523552,-7.05802268775676,0.999998239966509,1,"Fgfbp3"
"ENSMUSG00000047635.7",858.574289077321,-0.10665303572981,0.0512643349000668,-2.08045292965795,1,1,"Mtrfr"
"ENSMUSG00000047643.6",55.9720571754591,-0.575840881434686,0.219869587644533,-2.61901105834454,0.973143230217168,1,"Gm5454"
"ENSMUSG00000047648.14",1403.97801196853,0.423323348096121,0.0820973662852108,5.15635722862865,0.999999999998924,1,"Fbxo30"
"ENSMUSG00000047649.10",951.525906044859,0.183643444331122,0.0582298223869355,3.15376961157149,1,1,"Polr1g"
"ENSMUSG00000047656.10",230.799518675426,0.265485925056382,0.0752319886519834,3.5288968138872,1,1,"Trpt1"
"ENSMUSG00000047657.7",38.0657664207878,-0.169849376921854,0.101721347490837,-1.66975154293109,1,1,"Crry-ps"
"ENSMUSG00000047658.7",1118.56115293338,0.502662971112626,0.100829246447985,4.98528937605357,0.999999594014519,1,"Gal3st3"
"ENSMUSG00000047669.9",62.8385204584152,0.135814962411882,0.307853784885442,0.44116710295578,0.997613096911338,1,"Msl3l2"
"ENSMUSG00000047675.16",27750.7026570384,0.640822714134276,0.108193670514396,5.92292239543729,0.999549529641077,1,"Rps8"
"ENSMUSG00000047676.7",173.065090098438,0.60093930121439,0.0958276243813787,6.27104454580599,0.999984388623692,1,"Rpsa-ps10"
"ENSMUSG00000047694.13",2539.23888534171,0.247540416774552,0.0684815635232776,3.61470159323116,1,1,"Yipf6"
"ENSMUSG00000047710.9",2135.34106426202,-0.199288873078439,0.0476974974226172,-4.17818300429196,1,1,"Champ1"
"ENSMUSG00000047712.9",1505.99286339885,0.0979195535065596,0.0842449039536702,1.16232019874353,1,1,"Ust"
"ENSMUSG00000047714.15",3582.29554729485,0.128819127564302,0.0527009985479123,2.44433940748177,1,1,"Ppp1r2"
"ENSMUSG00000047719.3",713.731113897186,0.155124004737704,0.0444674326402078,3.48848574175249,1,1,"Ubiad1"
"ENSMUSG00000047721.9",625.484977776065,0.256087204327233,0.0945146073916602,2.70949868379636,0.999999999999998,1,"Bola2"
"ENSMUSG00000047731.18",3225.18860554437,0.328770330528399,0.0618378150677513,5.31665503006839,1,1,"Wbp1l"
"ENSMUSG00000047735.15",1383.0870510904,-1.07343842398927,0.167488204509017,-6.40903893582237,0.330523085550544,1,"Samd9l"
"ENSMUSG00000047747.11",320.78599440436,-0.467964339553171,0.181772296720805,-2.57445357733442,0.998288396801944,1,"Rnf150"
"ENSMUSG00000047749.3",601.623867927497,-0.287697088157261,0.0679191812198311,-4.23587391647264,1,1,"Zc3hav1l"
"ENSMUSG00000047757.18",259.27660804877,-0.140393803165348,0.131958072839075,-1.06392735317195,0.99999999996347,1,"Fancb"
"ENSMUSG00000047759.7",14.2190015265491,0.262553526087612,0.393001668397517,0.668072293835766,0.970360697737954,1,"Hs3st3a1"
"ENSMUSG00000047766.16",891.349660564738,-0.323878032455283,0.0820671533816603,-3.94650014176878,1,1,"Lrrc49"
"ENSMUSG00000047767.18",587.136527936923,0.229726214857004,0.114224535689442,2.0111809907601,0.99999999999227,1,"Atg16l2"
"ENSMUSG00000047777.10",1040.35639387855,0.147324940973765,0.0496396237189318,2.96788996242084,1,1,"Phf13"
"ENSMUSG00000047786.13",128.221929210476,0.450567821010714,0.201617291263057,2.23476775324217,0.996786135801871,1,"Lix1"
"ENSMUSG00000047789.6",875.709471640263,0.0253034294759589,0.0703963085926089,0.359442561433052,1,1,"Slc38a9"
"ENSMUSG00000047793.14",4651.92497235766,0.024845975502294,0.155500676460728,0.15978049785892,0.9999999998426,1,"Sned1"
"ENSMUSG00000047797.15",20.4568197608612,-1.26182428630849,0.455531293665369,-2.77000571388937,0.282724838000373,1,"Gjb1"
"ENSMUSG00000047804.16",972.892411211911,0.125495840651825,0.0439538950009289,2.85516996045909,1,1,"Akap10"
"ENSMUSG00000047810.10",32.3626115048278,-0.0249156453677413,0.258657564298786,-0.0963267609640065,0.999955400568993,1,"Ccdc88b"
"ENSMUSG00000047824.14",2122.63660456998,-0.24512283449358,0.051960917847603,-4.71744620086398,1,1,"Pygo2"
"ENSMUSG00000047832.10",839.359104668768,-0.0170883395011802,0.0759373692601279,-0.225032018723787,1,1,"Cdca4"
"ENSMUSG00000047841.9",15.6348824157055,-0.372051562417741,0.140867680440263,-2.64114210764984,0.99999585816701,1,"Fndc11"
"ENSMUSG00000047842.8",963.066580357712,-0.0379336465398234,0.151451222058993,-0.250467748124526,0.999999999897562,1,"Diras2"
"ENSMUSG00000047843.17",1661.62037617456,0.289014460234947,0.0786758983298878,3.67348154098108,1,1,"Bri3"
"ENSMUSG00000047866.21",2508.65308283992,0.394821313152837,0.0440232951232677,8.96846344752965,1,1,"Lonp2"
"ENSMUSG00000047867.12",112.986225385987,-0.863061493840223,0.137300824955805,-6.28591630179956,0.840705374695628,1,"Gimap6"
"ENSMUSG00000047875.7",88.5637091841649,0.156253139071711,0.106825629211627,1.46269336511152,0.999999999999999,1,"Gpr157"
"ENSMUSG00000047879.18",4892.92998375974,0.135389969576566,0.0529479081121863,2.55704095598452,1,1,"Usp14"
"ENSMUSG00000047881.15",3763.20874351314,0.474029527969352,0.0965407790417703,4.91014815370667,0.999999974554493,1,"Rell1"
"ENSMUSG00000047888.11",6122.49296360549,-0.214673569972731,0.119261581509035,-1.80002283431457,0.999999999977242,1,"Tnrc6b"
"ENSMUSG00000047904.7",40.1267441482216,-0.742731696306229,0.267211389733128,-2.77956600969748,0.832173398876931,1,"Sstr2"
"ENSMUSG00000047905.11",36.0274946701282,0.215172226609916,0.0961278898642377,2.23839540131179,1,1,"Gm8566"
"ENSMUSG00000047907.12",4790.5253554158,0.691868824330061,0.0918806321295731,7.53008341686596,0.999601166592346,1,"Tshz2"
"ENSMUSG00000047909.12",664.27198487685,0.256719981033184,0.0744432134643834,3.4485343805854,1,1,"Ankrd16"
"ENSMUSG00000047910.7",868.388327332044,-0.241034779703993,0.101698268047658,-2.37009719370086,0.999999999999958,1,"Pcdhb16"
"ENSMUSG00000047911.7",17.2599640853207,0.158250509329173,0.145023662293621,1.09120475118586,0.999999996766718,1,"Npm2"
"ENSMUSG00000047921.19",1363.05426814206,0.0507028152574671,0.0569056922680736,0.890997248897602,1,1,"Trappc9"
"ENSMUSG00000047945.7",11545.2891706847,-0.686196388676905,0.0724043805466631,-9.47727725168046,0.999992680181835,1,"Marcksl1"
"ENSMUSG00000047953.8",13.8838235931084,0.784495144870371,0.227784415308688,3.44402466607403,0.82794899131082,1,"Gp5"
"ENSMUSG00000047965.10",15.7787439061168,0.349457745540312,0.209728657094611,1.66623746311725,0.999038352220868,1,"Rpl9-ps7"
"ENSMUSG00000047989.12",835.022165884149,-0.112529156174092,0.0777705737411564,-1.44693745668667,1,1,"Ino80c"
"ENSMUSG00000047996.17",1055.17801039431,0.197630616531692,0.0938318122840696,2.106221884891,1,1,"Prrg1"
"ENSMUSG00000048000.16",4109.71509014011,-0.537857957314236,0.0550844517950689,-9.7642427179857,1,1,"Gigyf2"
"ENSMUSG00000048007.5",908.538636663269,0.192471644997789,0.0677751414034532,2.83985604474124,1,1,"Timm8a1"
"ENSMUSG00000048012.20",45.6871296165931,0.0852731437416005,0.138051054822427,0.617692808296802,0.999999999982757,1,"Zfp473"
"ENSMUSG00000048022.12",3159.61350586747,0.734120404883436,0.108073074350423,6.79281504015583,0.993056700430761,1,"Tmem229a"
"ENSMUSG00000048027.10",1788.44278791107,0.469718002564838,0.0962362254764001,4.88088555260333,0.999999982079904,1,"Rgmb"
"ENSMUSG00000048038.9",24.3492225467796,0.397460559874181,0.278833356514034,1.4254412199574,0.984649906448991,1,"Ccdc187"
"ENSMUSG00000048039.9",1999.09899976658,-0.373319616736278,0.0458297198356644,-8.14579748850575,1,1,"Isg20l2"
"ENSMUSG00000048040.9",1868.10158311677,-0.33309877751873,0.0898871303206154,-3.70574493067708,0.999999999999941,1,"Arxes2"
"ENSMUSG00000048047.4",2034.0020309071,0.00671150593518711,0.060628598013495,0.110698682718892,1,1,"Zbtb33"
"ENSMUSG00000048058.18",2364.87814176462,-0.585934056974103,0.0875533873823114,-6.69230596887769,0.999998873505156,1,"Ldlrad3"
"ENSMUSG00000048065.9",306.792690609639,0.00796712609750593,0.204182912760552,0.0390195535453501,0.999999806260789,1,"Cyb5r2"
"ENSMUSG00000048067.9",139.014590297772,-0.88263002447006,0.281102249537033,-3.13988958083305,0.661856367410048,1,"Or10am5"
"ENSMUSG00000048070.5",36.5034590858069,1.47706932021717,0.376330141128911,3.92492962638143,0.102454640747061,1,"Pirt"
"ENSMUSG00000048076.15",11549.0919572696,0.256141984017746,0.0296789946782676,8.63041308489151,1,1,"Arf1"
"ENSMUSG00000048078.17",761.257375022744,0.0252261046286751,0.14364570320175,0.17561336027744,0.99999999999471,1,"Tenm4"
"ENSMUSG00000048087.7",92.1878036217232,-0.13629197682185,0.181347931546321,-0.751549662903306,0.999999045145054,1,"Ahcyl"
"ENSMUSG00000048100.14",1189.15207250902,-0.332808062355388,0.0575575849869677,-5.78217557999945,1,1,"Taf13"
"ENSMUSG00000048109.11",1397.51681915314,0.0232766796885707,0.0556248825821955,0.418458046256103,1,1,"Rbm15"
"ENSMUSG00000048118.18",1584.67468206676,-0.0584662357969881,0.0669645064261452,-0.873092910219092,1,1,"Arid4a"
"ENSMUSG00000048120.17",513.695933261576,0.371640813618305,0.23341006421655,1.59222274697422,0.996449634899811,1,"Entpd1"
"ENSMUSG00000048126.17",703.604433101021,0.653604537163465,0.344701698087195,1.89614539409124,0.842531603786065,1,"Col6a3"
"ENSMUSG00000048142.10",1393.43335659048,-0.423462524948927,0.121451039206329,-3.48669330222461,0.999998968114685,1,"Nat8l"
"ENSMUSG00000048148.19",2350.73253738558,1.1303270811602,0.160756530681808,7.03129805281446,0.208765839191771,1,"Nwd1"
"ENSMUSG00000048154.18",4330.99565713476,0.253180344819267,0.0671633048259686,3.76962309218255,1,1,"Kmt2d"
"ENSMUSG00000048170.15",2813.96922038201,0.00531132458629174,0.0534434336793248,0.0993821732742911,1,1,"Mcmbp"
"ENSMUSG00000048174.3",149.199870210994,0.103565525950007,0.0690511393563394,1.49983804634354,1,1,"Tmem81"
"ENSMUSG00000048175.14",901.184508508461,-0.122553342638919,0.0369256830974246,-3.31891876761155,1,1,"Asb8"
"ENSMUSG00000048218.7",38.1062347618202,-0.214865501533303,0.386128189269875,-0.556461578056732,0.979818331830722,1,"Amigo2"
"ENSMUSG00000048222.4",2902.52929210886,-0.524562293498757,0.0537877590522788,-9.75244744792046,1,1,"Mfap1b"
"ENSMUSG00000048232.13",1600.21292340919,-0.149721514145178,0.0650822327353609,-2.30049750680773,1,1,"Fbxo10"
"ENSMUSG00000048234.14",2582.5855760704,0.429254454835771,0.0717550607107196,5.98221854436594,0.999999999999999,1,"Rnf149"
"ENSMUSG00000048240.16",703.340242707511,-0.286305341123915,0.142203891230229,-2.01334392924864,0.999999740040604,1,"Gng7"
"ENSMUSG00000048249.15",798.841475912255,-0.0768681703704147,0.160222474483444,-0.479758976499627,0.999999995842084,1,"Crebrf"
"ENSMUSG00000048251.16",461.429114579594,-0.42405099022168,0.216989194426217,-1.95424934104666,0.996026049654577,1,"Bcl11b"
"ENSMUSG00000048264.17",3843.82114271359,0.0529965473459969,0.0738932824311341,0.717203859435908,1,1,"Dip2c"
"ENSMUSG00000048271.15",2900.50124359809,0.0229622479262256,0.0748954857414037,0.306590546798892,1,1,"Rbm33"
"ENSMUSG00000048277.16",1310.13473308172,0.317357358297882,0.07223410077085,4.39345620574197,1,1,"Syngr2"
"ENSMUSG00000048279.20",3149.17963920681,-0.068285959257564,0.133108011681056,-0.513011639158024,0.999999999998718,1,"Sacs"
"ENSMUSG00000048280.19",1260.58671426763,0.00123804919999565,0.0812562419095312,0.0152363581049449,1,1,"Zfp738"
"ENSMUSG00000048307.9",2511.93310136468,-0.117331883256518,0.0500297789743326,-2.34524088776636,1,1,"Ankrd46"
"ENSMUSG00000048310.9",969.317467507439,0.429187266109565,0.0405345625600818,10.5881805304648,1,1,"Pskh1"
"ENSMUSG00000048327.7",3992.61882992953,-0.522773668135132,0.131869636719907,-3.96432174334042,0.999852085353608,1,"Ckap2l"
"ENSMUSG00000048330.15",198.931700668288,-0.815574300544549,0.153654828805037,-5.30783384347382,0.884980752961735,1,"Ric3"
"ENSMUSG00000048349.10",487.530510091713,-0.895358685800247,0.176786611651071,-5.06462948431549,0.723043720847053,1,"Pou4f1"
"ENSMUSG00000048351.15",492.482293217098,0.156544813494131,0.0638427398418347,2.45203783361989,1,1,"Coa7"
"ENSMUSG00000048355.3",779.339210145264,-0.0746864129657078,0.14161042435512,-0.527407592384688,0.999999999968045,1,"Arxes1"
"ENSMUSG00000048371.9",458.317978364545,0.0434493141304723,0.0789015554841188,0.550677535618645,1,1,"Pdp2"
"ENSMUSG00000048376.7",7474.45449532947,0.713751876235654,0.0964160576001943,7.40283199708651,0.998505584657746,1,"F2r"
"ENSMUSG00000048379.10",2629.77261225443,0.395369061888665,0.0669168558351335,5.90836280268093,1,1,"Socs4"
"ENSMUSG00000048387.9",14.0675186933183,-0.141905095353057,0.274043050358583,-0.517820448894344,0.999145094203698,1,"Osr1"
"ENSMUSG00000048388.4",4455.42752015154,0.0786893817562139,0.109575874413398,0.718126888582624,1,1,"Fam171b"
"ENSMUSG00000048402.15",305.529016174871,0.421672886569215,0.223237986236753,1.88889397220245,0.995209984132457,1,"Gli2"
"ENSMUSG00000048410.18",732.000951662742,-0.0763533113939955,0.0891774330095116,-0.856195438882522,1,1,"Zfp407"
"ENSMUSG00000048416.16",344.350063022176,-0.607749432719513,0.118454106302349,-5.13067424752888,0.999535870903262,1,"Mlf1"
"ENSMUSG00000048429.11",1834.68616839511,-0.0307246858623704,0.0336607528906735,-0.912774766570459,1,1,"Timm29"
"ENSMUSG00000048439.16",318.857928601589,-0.198831861953301,0.0504387161884839,-3.94204842982696,1,1,"Nup42"
"ENSMUSG00000048440.17",593.313210482978,0.228728759224871,0.0576196777386131,3.9696292690577,1,1,"Cyp4f16"
"ENSMUSG00000048445.7",184.108909608601,-0.423888617509438,0.0872753731615524,-4.85690982638129,0.999999999979591,1,"Ccdc57"
"ENSMUSG00000048450.11",264.733649325642,-0.296036294229046,0.0827892587846061,-3.57578143076806,1,1,"Msx1"
"ENSMUSG00000048458.9",6039.44456962866,-0.286726403731836,0.0883616121491312,-3.24492046668318,1,1,"Inka2"
"ENSMUSG00000048478.8",82.1220022280792,0.203153652284768,0.14884887258975,1.3648316493783,0.999999956839692,1,"Spata33"
"ENSMUSG00000048481.16",438.62634187779,-0.0510361021503938,0.0509361842776558,-1.00196162853883,1,1,"Mypop"
"ENSMUSG00000048486.7",913.965310942098,-0.521380571211751,0.0662778125115233,-7.86659292838161,0.999999999999743,1,"Fitm2"
"ENSMUSG00000048490.15",1698.50906948008,0.064922422747045,0.0852202735083774,0.761818990649718,1,1,"Nrip1"
"ENSMUSG00000048495.17",651.513315127634,0.238411678311121,0.0919306823716532,2.59338527856544,1,1,"Tyw5"
"ENSMUSG00000048497.12",449.048508921517,0.312463243719635,0.0701452684422985,4.45451632958918,1,1,"Mmgt2"
"ENSMUSG00000048502.15",267.744658976397,0.320190740448476,0.084304820449652,3.79801224580863,1,1,"Duxbl1"
"ENSMUSG00000048503.8",605.653390306435,0.156279997896973,0.0855876437619355,1.82596448538379,1,1,"Tlcd5"
"ENSMUSG00000048537.17",4149.99810577614,-0.305659515892365,0.0750574023400963,-4.07234338469877,1,1,"Phldb1"
"ENSMUSG00000048546.9",1336.04694019772,-0.13918604382123,0.0511878908106174,-2.71912051106354,1,1,"Tob2"
"ENSMUSG00000048550.18",622.839496061623,-0.0989979420390722,0.0697320434127125,-1.41969082209664,1,1,"Thnsl1"
"ENSMUSG00000048562.8",13.6202916757624,0.855178228586097,0.281689287130839,3.0358919123143,0.696415549264062,1,"Sp8"
"ENSMUSG00000048574.10",10.6209138172006,0.207685487005056,0.269499463398844,0.770634139251303,0.998362376326189,1,"Ccnb1-ps"
"ENSMUSG00000048578.12",9304.11512270322,0.451843545254682,0.0852529544186773,5.30003386200175,0.999999999936099,1,"Mlec"
"ENSMUSG00000048581.13",418.124724796275,0.352420635560677,0.0680137194771222,5.18161097893229,1,1,"E130311K13Rik"
"ENSMUSG00000048603.11",95.8064732599608,-0.124694396724085,0.0936942331496322,-1.33086522545038,1,1,"Gm9828"
"ENSMUSG00000048612.17",555.978609503461,-0.536957165894078,0.230474124680418,-2.32979370954825,0.977736107250252,1,"Myof"
"ENSMUSG00000048616.5",11.5556528045853,-0.68794963883589,0.31625752134338,-2.17528309180967,0.838104457141917,1,"Nog"
"ENSMUSG00000048621.4",15.775049491106,0.216216569765901,0.225717331691823,0.957908584800683,0.999742132935669,1,"Gm6377"
"ENSMUSG00000048644.9",1382.54070750219,-0.982711966098784,0.0833198198725129,-11.7944562002465,0.582186420178625,1,"Ctxn1"
"ENSMUSG00000048647.10",21.3032118896466,-0.630701888073644,0.209653812697472,-3.00830154223687,0.960920238416449,1,"Exd1"
"ENSMUSG00000048661.15",1320.81704493277,0.239585180332989,0.0520449597392318,4.60342714325108,1,1,"Lemd3"
"ENSMUSG00000048668.17",1110.61608017347,-0.177607308233216,0.0529580400377192,-3.35373643183766,1,1,"Rhno1"
"ENSMUSG00000048677.10",285.389556150621,0.26840455228142,0.070539244735938,3.80503864602161,1,1,"Tpcn2"
"ENSMUSG00000048696.12",1460.09326522826,-0.101996206052945,0.0662343341870266,-1.53992951397287,1,1,"Mex3d"
"ENSMUSG00000048701.14",4182.6946337093,0.370409374261178,0.0550772018513558,6.72527582757111,1,1,"Ccdc6"
"ENSMUSG00000048707.10",496.726767497093,0.243611324774833,0.117372152683399,2.07554619392517,0.999999999941956,1,"Tprn"
"ENSMUSG00000048720.9",1267.11524882292,-0.0975194426581739,0.0550045765197126,-1.77293325080368,1,1,"Tbc1d12"
"ENSMUSG00000048728.16",285.039303137138,-0.0324968624223536,0.0749632966669593,-0.433503646013968,1,1,"Zfp454"
"ENSMUSG00000048732.6",676.078614912449,-0.260604935315473,0.123491204354133,-2.11031171554649,0.999999998934093,1,"Klhl11"
"ENSMUSG00000048747.15",556.471378811334,0.321799161599817,0.110374478577951,2.91552146606562,0.999999999599032,1,"E130114P18Rik"
"ENSMUSG00000048755.10",244.23070206633,0.0106583977006017,0.0657591146816017,0.162082439099256,1,1,"Mcat"
"ENSMUSG00000048756.12",5241.83165711304,0.128095797070657,0.0780494101629916,1.64121415912244,1,1,"Foxo3"
"ENSMUSG00000048758.15",13127.9676156842,0.571201327953366,0.0839548067032286,6.80367629184714,0.999999836770275,1,"Rpl29"
"ENSMUSG00000048772.16",79.7318352910073,0.434579634782328,0.186602535773726,2.32890530120823,0.998777549809502,1,"Tmem53"
"ENSMUSG00000048779.6",56.8039787176006,-0.223305596756568,0.217658755748575,-1.02594355089724,0.99982042841988,1,"P2ry6"
"ENSMUSG00000048787.14",754.28968614706,-0.0201444126117837,0.0941465819993835,-0.213968602831653,1,1,"Dcun1d3"
"ENSMUSG00000048794.15",164.287296819672,-0.0346890088546762,0.166646103893034,-0.208159735177141,0.999999996801132,1,"Cfap100"
"ENSMUSG00000048796.8",219.747778639852,-0.600745616120942,0.0958686216771295,-6.26634247589539,0.999984404999385,1,"Cyb561d1"
"ENSMUSG00000048799.9",1779.17729719659,-0.0543110022282269,0.0706592162940325,-0.768632955143796,1,1,"Cep120"
"ENSMUSG00000048807.3",712.733815491121,0.32350651039312,0.05292855779243,6.11213537428728,1,1,"Slc35e4"
"ENSMUSG00000048814.12",1957.44615008104,-0.396752671077502,0.136382132718796,-2.90912499436828,0.999995137828388,1,"Lonrf2"
"ENSMUSG00000048832.10",724.867933347694,0.161993632806058,0.0664616374318873,2.43740056768953,1,1,"Vps37c"
"ENSMUSG00000048833.10",2953.28425311298,-0.023315340847555,0.0600517039679728,-0.388254442538212,1,1,"Slc39a9"
"ENSMUSG00000048856.10",81.6380446532954,0.505110645682043,0.0867287839810411,5.8240254560984,0.999999994222736,1,"Slc25a47"
"ENSMUSG00000048865.17",83.4551228176164,-1.04141614330514,0.286186743017565,-3.63893914974678,0.442467080376011,1,"Arhgap30"
"ENSMUSG00000048874.16",6757.70371777251,0.137103072050463,0.0804984328021738,1.70317691013185,1,1,"Phf3"
"ENSMUSG00000048878.7",2034.67126676278,-0.129722084269698,0.0715498530845353,-1.81303075656121,1,1,"Hexim1"
"ENSMUSG00000048897.16",962.400714827377,0.396069242172314,0.0637028821350853,6.21744619548654,1,1,"Zfp710"
"ENSMUSG00000048899.9",222.369830740462,-1.06587149521032,0.114778156771548,-9.28636184088415,0.283016819586359,1,"Rimkla"
"ENSMUSG00000048911.16",1218.71712630816,-0.475289102546204,0.0695769346991589,-6.83113023879664,0.999999999999977,1,"Rnf24"
"ENSMUSG00000048920.9",765.096418711142,0.407001185737282,0.0633439965383129,6.42525271500847,1,1,"Fkrp"
"ENSMUSG00000048921.12",245.710218145594,-0.233260513940141,0.0567211606539138,-4.11240727888818,1,1,"Zfp689"
"ENSMUSG00000048922.19",1977.14747494826,0.738090408303084,0.138132191354269,5.34336276769907,0.971025221769784,1,"Cdca2"
"ENSMUSG00000048930.13",1426.63395976289,-0.0486985839828414,0.045071171386429,-1.08048187976549,1,1,"Tada3"
"ENSMUSG00000048949.9",572.494085663306,-0.141205052530447,0.0643422550227644,-2.19459284540911,1,1,"Gm6206"
"ENSMUSG00000048965.10",290.488302341895,-0.292814835157977,0.11010566447759,-2.65939846553102,0.999999999933099,1,"Mrgpre"
"ENSMUSG00000048967.17",73.9923466601058,0.0519622156868412,0.172478664851657,0.301267497238178,0.999999981168831,1,"Yjefn3"
"ENSMUSG00000048970.10",1212.09851682415,0.256776178219737,0.0633954155513799,4.05039033164202,1,1,"C1galt1c1"
"ENSMUSG00000048997.18",509.944066791346,-0.150017445972679,0.104400486636038,-1.43694201824624,1,1,"Atxn7l2"
"ENSMUSG00000049001.6",113.381049757305,-0.426430089323032,0.240217231029683,-1.77518526666532,0.991523223845903,1,"Ndnf"
"ENSMUSG00000049036.8",328.797662707789,-0.334046603931854,0.0588429256540558,-5.67692038114745,1,1,"Tmem121"
"ENSMUSG00000049038.4",412.417890415245,-0.220540196172793,0.0864326169585098,-2.55158531505136,1,1,"Mterf2"
"ENSMUSG00000049044.17",1654.66954605735,0.986634411584846,0.141240735972268,6.98548053288656,0.537695576828139,1,"Rapgef4"
"ENSMUSG00000049047.12",3485.03243165228,-1.07847707142014,0.178309606671101,-6.0483396915873,0.329926220995153,1,"Armcx3"
"ENSMUSG00000049076.13",4702.1126387826,0.183035453641725,0.0761572303569947,2.40338905162028,1,1,"Acap2"
"ENSMUSG00000049086.9",423.348283960089,-0.651410313371584,0.101053872345986,-6.44616874394776,0.999719231943456,1,"Bmyc"
"ENSMUSG00000049090.4",1614.67363805898,0.0890844228546293,0.074808244313734,1.19083696819595,1,1,"Ptgr3"
"ENSMUSG00000049091.8",1390.82523026474,-0.749299913352009,0.0494759496767116,-15.1447302830592,0.999999798049706,1,"Sephs2"
"ENSMUSG00000049092.12",439.590904757314,-0.301722301901537,0.106973671871144,-2.82052860880551,0.999999999966577,1,"Gpr137c"
"ENSMUSG00000049106.8",2049.68204145057,-0.137101828195316,0.0609647553411823,-2.24887030921459,1,1,"Dcaf5"
"ENSMUSG00000049112.10",20.3615840013375,-0.358457662219864,0.184184124730045,-1.94619195734295,0.999752231742829,1,"Oxtr"
"ENSMUSG00000049122.18",757.828277012518,-0.613642133979584,0.149227556869145,-4.11212343654245,0.995187968380777,1,"Frmd3"
"ENSMUSG00000049124.5",53.9882900350742,0.22303032562089,0.143810224634156,1.55086556737023,0.999999967185258,1,"Gm8186"
"ENSMUSG00000049130.7",55.7308952604109,-0.141302673433277,0.379088187682108,-0.37274354101418,0.989552161010438,1,"C5ar1"
"ENSMUSG00000049134.16",47.5502541921635,0.639258467635513,0.15420920555499,4.14539758074013,0.990340033216047,1,"Nrap"
"ENSMUSG00000049164.8",27.4753536575159,0.55301775177013,0.375731830482985,1.47184163518766,0.882922158300173,1,"Zfp518a"
"ENSMUSG00000049176.17",93.5623641880453,-0.40577409526261,0.245563071897987,-1.65242311120451,0.992236559088271,1,"Frmpd4"
"ENSMUSG00000049184.7",532.057474480591,-0.230485238086231,0.0775591264741365,-2.97173586867421,1,1,"Purg"
"ENSMUSG00000049225.16",538.539106785611,-0.379963746078605,0.119995793485681,-3.16647554919452,0.999999881154694,1,"Pdp1"
"ENSMUSG00000049230.9",348.310272268561,-0.483188133519894,0.131428732077807,-3.67642695688368,0.999957924405028,1,"Myef2l"
"ENSMUSG00000049232.4",1052.21687121007,0.53141472401126,0.0815929436482872,6.51299855416377,0.999999995348304,1,"Tigd2"
"ENSMUSG00000049233.8",52.7991480960675,-0.0548365129405187,0.179768896838293,-0.305038935572074,0.999999929258399,1,"Apoo-ps"
"ENSMUSG00000049235.9",28.4014217136325,0.184584694762717,0.145612496289922,1.26764322750982,0.999999989276178,1,"Gm7324"
"ENSMUSG00000049252.18",359.899935027624,-0.319830767669243,0.185074896003816,-1.72811534451787,0.999881123077487,1,"Lrp1b"
"ENSMUSG00000049265.9",100.803758419026,-0.844587021610881,0.261195066379842,-3.23354890778313,0.724080713494356,1,"Kcnk3"
"ENSMUSG00000049285.5",113.173448292299,-0.128427702999662,0.0612154842552258,-2.0979610724667,1,1,"Mblac1"
"ENSMUSG00000049287.6",235.982892182183,-0.0619365433615805,0.0738173527952722,-0.83905126662233,1,1,"Iba57"
"ENSMUSG00000049288.5",4855.2548486664,0.0219396177988335,0.0701820469805365,0.312610115303676,1,1,"Lix1l"
"ENSMUSG00000049295.18",2301.53923925533,0.57966678774676,0.050492000695005,11.4803687666927,1,1,"Zfp219"
"ENSMUSG00000049299.15",1125.62521029639,-0.165350284461673,0.0552893249048317,-2.9906367051196,1,1,"Trappc1"
"ENSMUSG00000049300.12",1058.22107525886,-0.382994152991844,0.0570689923205827,-6.71107264064503,1,1,"Prmt6"
"ENSMUSG00000049305.7",1075.17866719993,0.00734116167393421,0.0458893902014661,0.159975141131853,1,1,"Ccdc71"
"ENSMUSG00000049321.18",604.905585508771,-0.272949207007267,0.0623285070485567,-4.37920335224181,1,1,"Zfp2"
"ENSMUSG00000049323.9",1665.66652340863,0.140891330313154,0.0805007405250708,1.75018676094384,1,1,"Smcr8"
"ENSMUSG00000049327.18",4367.52456981681,-0.0268673019997958,0.0637256393593352,-0.421608982976175,1,1,"Kmt5a"
"ENSMUSG00000049339.17",3827.57704711585,-0.390794426020145,0.0738665007189867,-5.29055014406137,1,1,"Retreg2"
"ENSMUSG00000049353.18",17.4659662276502,0.450714700046945,0.206954630400506,2.17784303339676,0.99602438657515,1,"Rd3"
"ENSMUSG00000049354.9",9990.06441536886,-0.495314050955599,0.0820518706915981,-6.03659668915163,0.999999999614573,1,"Dcaf7"
"ENSMUSG00000049357.12",21.6594037053012,-0.303044118708088,0.137145479951319,-2.20965444005632,0.99999981313415,1,"Brd8dc"
"ENSMUSG00000049396.7",1114.40001487846,-0.370074186178739,0.0758073831964067,-4.88176969807713,1,1,"Gemin4"
"ENSMUSG00000049401.11",3442.25542655984,-0.595901378663077,0.0606569704898587,-9.82412035831407,0.999999999986497,1,"Ogfr"
"ENSMUSG00000049411.16",354.298017775995,0.0740485478734139,0.108606909730734,0.681803285417112,1,1,"Tmem241"
"ENSMUSG00000049420.10",354.173753943995,-0.171543624158108,0.237597810447085,-0.721991603522425,0.999755992382344,1,"Tmem200a"
"ENSMUSG00000049421.14",3149.73054934624,0.039585425379836,0.0683459788549282,0.579191724854221,1,1,"Zfp260"
"ENSMUSG00000049422.8",121.794036474235,0.613862148584857,0.320573368199025,1.91488816439595,0.885806404274619,1,"Chchd10"
"ENSMUSG00000049439.14",2122.19048372854,0.158367153462193,0.0574250655246975,2.75780535930051,1,1,"Cyp20a1"
"ENSMUSG00000049470.14",12046.6115779692,-0.162209128773078,0.135440057367225,-1.19764515702524,0.999999999690853,1,"Aff4"
"ENSMUSG00000049482.17",471.115504583454,0.194637747704875,0.114358593911584,1.70199493581881,0.999999999999055,1,"Ctu2"
"ENSMUSG00000049488.16",282.226391690571,-0.112380131781441,0.0564979894312591,-1.98909966377075,1,1,"Tmem67"
"ENSMUSG00000049489.6",512.949533022419,-0.596114871721778,0.0547165204471463,-10.8946048990377,0.999999999999922,1,"Ccnq"
"ENSMUSG00000049493.14",25.2903021228065,0.166089748043916,0.305716739279095,0.543279862383622,0.996879622626645,1,"Pls1"
"ENSMUSG00000049502.18",823.621192151394,-0.564026039398464,0.117783372053277,-4.78867287942254,0.999892831400028,1,"Dtx3l"
"ENSMUSG00000049504.13",1591.72048578314,-0.223316575420823,0.0453958130135066,-4.91932098130679,1,1,"Proser1"
"ENSMUSG00000049515.13",24.8625499063026,0.0692131046519162,0.14384654221713,0.481159321490274,0.999999999951276,1,"Espnl"
"ENSMUSG00000049516.10",2650.93667637506,0.644682955696781,0.0798489213364662,8.07378415270289,0.999995703816881,1,"Spty2d1"
"ENSMUSG00000049517.9",28646.5238132681,0.555005921479786,0.100725597016878,5.51007825137824,0.999995016422865,1,"Rps23"
"ENSMUSG00000049521.3",2671.09710270362,0.762364704313991,0.136974972333696,5.56572263768545,0.958619069513138,1,"Cdc42ep1"
"ENSMUSG00000049526.9",10.8266059862368,0.562621804094009,0.213272591263918,2.6380408319688,0.979856504305419,1,"Tmem202"
"ENSMUSG00000049532.12",4003.04777573349,0.380694219616539,0.064678577874556,5.88593986025628,1,1,"Sall2"
"ENSMUSG00000049538.15",50.2273294000096,-1.08987233472985,0.289696598720101,-3.76211643334779,0.378193345644184,1,"Adamts16"
"ENSMUSG00000049550.18",1544.78525491909,0.0599907801235127,0.0760653977395768,0.788673719013494,1,1,"Clip1"
"ENSMUSG00000049551.3",1273.16195637341,-0.629517963671556,0.150608801553455,-4.17982187746262,0.993051142048771,1,"Fzd9"
"ENSMUSG00000049553.12",2509.62388449907,0.0824004249303023,0.0755996382827543,1.0899579257524,1,1,"Polr1a"
"ENSMUSG00000049555.11",42.771027778899,-1.04837133020068,0.250656858516818,-4.18249608809462,0.423487987991405,1,"Tmie"
"ENSMUSG00000049556.6",2270.95444651077,-0.175005610661865,0.095747299243545,-1.82778639235261,1,1,"Lingo1"
"ENSMUSG00000049562.7",101.080672522166,0.572552543152741,0.124178340012588,4.61072795058061,0.999711504917416,1,"Ap5b1"
"ENSMUSG00000049571.19",69.3810501106582,-0.537920421621458,0.114598105633285,-4.69397306917802,0.999972368455824,1,"Cfap46"
"ENSMUSG00000049577.16",645.270052042115,0.588554448470324,0.121862693899242,4.82965237053557,0.999632667076753,1,"Zfpm1"
"ENSMUSG00000049580.13",910.193829215589,0.572397735761562,0.0901354971464675,6.35041414184949,0.99999895227509,1,"Tsku"
"ENSMUSG00000049583.16",4323.38018902342,-0.0706243423524728,0.172367728557028,-0.409730655173697,0.999999965388842,1,"Grm5"
"ENSMUSG00000049600.10",415.72471125475,-0.134520697107946,0.0616322400381426,-2.18263520885651,1,1,"Zbtb45"
"ENSMUSG00000049606.17",2455.19455318793,-0.174262950827758,0.0430773116856539,-4.04535343568789,1,1,"Zfp644"
"ENSMUSG00000049624.15",750.670896753754,0.119398771373634,0.0581889893144067,2.05191347676618,1,1,"Slc17a5"
"ENSMUSG00000049625.7",38.6016634036835,0.151450921121521,0.40403857413814,0.374842727441513,0.984329954088625,1,"Tifab"
"ENSMUSG00000049643.16",758.909487600272,-0.273720439535031,0.088679940512048,-3.08661054523196,1,1,"2310022A10Rik"
"ENSMUSG00000049649.9",74.1326869000367,0.678387307669953,0.155260260449098,4.36935572378718,0.980841265737795,1,"Gpr3"
"ENSMUSG00000049657.10",933.564268222302,-0.362428496127535,0.0616343082858209,-5.88030443120771,1,1,"Zbtb5"
"ENSMUSG00000049658.14",2602.87533720139,0.255584028558829,0.0767071987477454,3.33194319087739,1,1,"Bdp1"
"ENSMUSG00000049659.16",1733.32529775203,0.2426373681966,0.0563907846315984,4.30278404143075,1,1,"Aftph"
"ENSMUSG00000049670.10",865.169501089748,-0.119281057115517,0.0555348290185838,-2.14786034680329,1,1,"Morn4"
"ENSMUSG00000049672.16",1205.95640249012,-0.225516497573074,0.0379695827985472,-5.93939888066672,1,1,"Zbtb14"
"ENSMUSG00000049680.19",1058.93229606225,0.0977712725527686,0.0571197011453944,1.71169089810008,1,1,"Urgcp"
"ENSMUSG00000049686.16",787.981101339909,0.449710574177037,0.0650143751498339,6.91709446011935,1,1,"Orai1"
"ENSMUSG00000049687.6",23.776538693003,0.135918017074753,0.258097674778294,0.526614651571373,0.999598234479339,1,"Pheta2"
"ENSMUSG00000049691.9",69.076559150722,-0.510871394697832,0.143060574569134,-3.57101455964694,0.999685777701085,1,"Nkx3-2"
"ENSMUSG00000049709.5",73.5320889469373,0.296629473837258,0.202661200484807,1.46367174934156,0.99974042108006,1,"Nlrp10"
"ENSMUSG00000049717.10",621.491500261151,-0.377937027551441,0.0731441891453144,-5.16701370221768,1,1,"Lig4"
"ENSMUSG00000049721.15",67.9632954232854,-1.54271341403804,0.456114920609694,-3.38229105063233,0.117050501824535,1,"Gal3st1"
"ENSMUSG00000049723.15",981.754692682277,-0.169984331440185,0.397512022734257,-0.427620604456088,0.983226118183451,1,"Mmp12"
"ENSMUSG00000049728.15",543.924056812418,-0.201475117667577,0.0831960860365808,-2.4216898566477,1,1,"Zfp668"
"ENSMUSG00000049734.10",135.177260912561,0.0319666623078759,0.115111176545536,0.277702506977942,1,1,"Trex1"
"ENSMUSG00000049739.11",1779.68562666092,-0.224586000728553,0.0675496787649503,-3.3247530533792,1,1,"Zfp646"
"ENSMUSG00000049744.16",203.471041426595,-0.327465995995544,0.163045399892608,-2.00843443734833,0.999981449292196,1,"Arhgap15"
"ENSMUSG00000049751.7",3527.55749203971,0.466111613240416,0.065979058648675,7.06453870041349,1,1,"Rpl36al"
"ENSMUSG00000049755.15",477.386400062437,0.0564804093622113,0.063586179808008,0.888249766423272,1,1,"Zfp672"
"ENSMUSG00000049760.7",1267.41532358414,0.28440347889932,0.0663642088224286,4.28549490675465,1,1,"Micos13"
"ENSMUSG00000049764.9",770.496302216979,-0.0795031910300664,0.0724593737210308,-1.09721057397148,1,1,"Zfp280b"
"ENSMUSG00000049775.17",44798.4828413667,-0.337447793994412,0.0882291514213011,-3.82467459516949,0.99999999999997,1,"Tmsb4x"
"ENSMUSG00000049791.5",1577.19385232527,-0.243720272002661,0.114087485363019,-2.13625772561432,0.999999999983095,1,"Fzd4"
"ENSMUSG00000049792.7",1511.7832182436,0.0816093589113628,0.0456312023998695,1.78845514953155,1,1,"Bag5"
"ENSMUSG00000049800.14",2746.71602027208,0.488192207255952,0.0520091087546144,9.38666743087841,1,1,"Sertad2"
"ENSMUSG00000049807.17",820.891746999303,0.0492266860348568,0.0825528274829652,0.596305269435075,1,1,"Arhgap23"
"ENSMUSG00000049811.18",117.39979299629,0.0704420916797972,0.105142408806295,0.669968402660179,1,1,"Fam161a"
"ENSMUSG00000049823.10",507.872693075488,-0.370255462732092,0.0734673814468272,-5.039725868004,1,1,"Zbtb12"
"ENSMUSG00000049858.9",689.355130428762,-0.0352147483868236,0.0721229326064006,-0.488260073657881,1,1,"Suox"
"ENSMUSG00000049866.13",7504.33216720972,0.322664161220273,0.101878432728795,3.16714885160455,0.999999999985192,1,"Arl4c"
"ENSMUSG00000049871.15",32.8500177385859,0.320808849932176,0.264377458891163,1.21345008488127,0.994900973714873,1,"Nlrc3"
"ENSMUSG00000049872.9",285.922444155186,-0.323648543250227,0.101528349075708,-3.18776525174154,0.999999999986466,1,"Calhm5"
"ENSMUSG00000049878.14",2633.08473515954,0.198583422690493,0.0806006456952626,2.46379443957935,1,1,"Rlf"
"ENSMUSG00000049881.16",75.0632736650754,-0.550339075043931,0.642159351376005,-0.857013253586787,0.765992600516583,1,"2810025M15Rik"
"ENSMUSG00000049882.11",430.05319310991,0.206377215787367,0.0641128554150293,3.21896777879258,1,1,"Vcpkmt"
"ENSMUSG00000049891.5",23.706309297693,-0.0577513157851954,0.12677547127262,-0.455540138841257,0.999999999999947,1,"Gm7984"
"ENSMUSG00000049904.8",205.50124676821,-0.148851923670754,0.0559578779370938,-2.66007091687946,1,1,"Tmem17"
"ENSMUSG00000049907.9",205.668466594668,-0.436067755411068,0.136037086678641,-3.20550642517939,0.999983041182873,1,"Rasl11b"
"ENSMUSG00000049916.13",153.419265905961,0.254346825897224,0.121872301261893,2.08699452840112,0.999999999527151,1,"2610318N02Rik"
"ENSMUSG00000049922.9",711.093217987467,0.0439929496895131,0.0376191744341559,1.16942889766263,1,1,"Slc35c1"
"ENSMUSG00000049932.4",3630.8439600955,-0.00426371062394863,0.106283051860634,-0.0401165618535259,1,1,"H2ax"
"ENSMUSG00000049939.7",1553.81416931007,-0.499363404249054,0.0894610623321419,-5.58190782929749,0.999999989041139,1,"Lrrc4"
"ENSMUSG00000049940.8",3152.98357705893,0.270903470426713,0.0463797828800068,5.84098185900506,1,1,"Pgrmc2"
"ENSMUSG00000049950.7",306.895331277858,0.181237687386855,0.0696738348310748,2.60123025847893,1,1,"Rpp38"
"ENSMUSG00000049957.15",1119.05889634552,-0.13087071042449,0.0692431889896128,-1.89001564390862,1,1,"Ccdc137"
"ENSMUSG00000049960.5",1114.0089777558,0.859123226452485,0.07545279639363,11.3862344076755,0.969055130611164,1,"Mrps16"
"ENSMUSG00000049969.4",923.391122166385,0.333841091545337,0.0633079941834132,5.27328492793734,1,1,"Plekhf2"
"ENSMUSG00000049988.6",41.4401931025014,1.34781602818303,0.401586483735123,3.35622856538175,0.19321631700607,1,"Lrrc25"
"ENSMUSG00000049999.5",429.626616124766,-0.649821360641995,0.0964696598180944,-6.7360179549437,0.999858253954785,1,"Ppp1r3d"
"ENSMUSG00000050002.15",378.132244428447,-0.0240498158192208,0.0742329752280357,-0.32397752811796,1,1,"Idnk"
"ENSMUSG00000050017.12",3414.38594303336,-0.0173246635289024,0.051212614500279,-0.338288987936908,1,1,"Pitpnb"
"ENSMUSG00000050022.17",218.745104807978,-0.482679517037354,0.141724915255479,-3.40574920201756,0.999868968214064,1,"Amz1"
"ENSMUSG00000050029.8",6651.04892095238,0.581587128634812,0.110735022353003,5.25206132871693,0.999921113759584,1,"Rap2c"
"ENSMUSG00000050035.8",93.1524955554175,0.234614865188189,0.090493775427053,2.59260776866706,1,1,"Fhl4"
"ENSMUSG00000050043.17",5124.36488399343,0.234873653060294,0.0466579934835819,5.03394242924188,1,1,"Tmx2"
"ENSMUSG00000050064.16",460.807606501643,-0.593957187052515,0.0738314007907751,-8.04477743468098,0.999999980966786,1,"Zfp697"
"ENSMUSG00000050079.11",1546.62195363505,-0.0646170292876759,0.0441110014611166,-1.46487332292002,1,1,"Rspry1"
"ENSMUSG00000050088.10",1335.69523997562,0.0305281540392163,0.0370381981102565,0.824234320156156,1,1,"1600012H06Rik"
"ENSMUSG00000050100.15",138.508144973903,-0.121194206839083,0.116661957744474,-1.03884941742993,0.999999999999975,1,"Hmx2"
"ENSMUSG00000050105.6",45.3206908822844,0.993011332248793,0.19250373189998,5.15840042397067,0.51448004515538,1,"Fam110d"
"ENSMUSG00000050106.19",20.3375341004527,0.211138128533336,0.155974129335932,1.3536740319197,0.999999787767859,1,"Tmc8"
"ENSMUSG00000050107.3",484.675087081391,-0.621561550848939,0.124746131827222,-4.98261181925725,0.998792002493457,1,"Haspin"
"ENSMUSG00000050144.14",1922.61621589378,-0.304223169880592,0.0607364441185426,-5.00890650244231,1,1,"Slc25a44"
"ENSMUSG00000050148.10",4882.82021103388,-0.243733943015452,0.0643613071256302,-3.7869638436599,1,1,"Ubqln2"
"ENSMUSG00000050174.16",86.5802245759302,0.468185011490426,0.100150163688826,4.67483021740347,0.999999945240268,1,"Nudt6"
"ENSMUSG00000050188.9",419.520408934347,0.299031745238469,0.0690631526516886,4.32983050667551,1,1,"Lsm10"
"ENSMUSG00000050192.9",2242.00860315107,0.0221105759596583,0.0831760128423102,0.265828755239528,1,1,"Eif5a2"
"ENSMUSG00000050195.9",12.2872354600696,-0.661473788290127,0.223701275558314,-2.95695134790456,0.934897736678232,1,"Scd4"
"ENSMUSG00000050199.14",1740.74000698369,0.0941674035650136,0.10751658310278,0.875840738679307,1,1,"Lgr4"
"ENSMUSG00000050213.7",811.046109137337,-0.00577346061359206,0.0289349600082253,-0.199532351589595,1,1,"Snip1"
"ENSMUSG00000050222.12",199.451042706465,0.462123067778645,0.114954133108393,4.02006483179597,0.999998559012839,1,"Il17d"
"ENSMUSG00000050229.4",2310.67599280908,-0.649057366265703,0.0657402832381507,-9.87305399817685,0.999999953093973,1,"Pigm"
"ENSMUSG00000050240.17",332.51570352211,-0.361789940194358,0.058228605804332,-6.21326812134393,1,1,"Hic2"
"ENSMUSG00000050243.7",8.16644628005853,0.0412998146527955,0.261829554808747,0.15773549583798,0.999909542659572,1,"Gm5446"
"ENSMUSG00000050244.10",1926.46719419825,-0.351287458892536,0.102706534731832,-3.42030290292386,0.999999999865943,1,"Heatr1"
"ENSMUSG00000050270.13",47.5385549668555,0.163075255961992,0.101689260088598,1.603662528569,1,1,"Tmem220"
"ENSMUSG00000050271.13",2133.61363795215,0.0777614710195898,0.0688737192076126,1.12904416828698,1,1,"Prag1"
"ENSMUSG00000050272.11",3842.89856012459,-0.992613674578139,0.153767444594817,-6.45529147729362,0.51915610085466,1,"Dscam"
"ENSMUSG00000050288.7",1025.70420370851,0.117911291457279,0.157842232914001,0.747019915268947,0.99999998854347,1,"Fzd2"
"ENSMUSG00000050295.5",490.591502087321,0.890245718413899,0.101588229360321,8.76327625768831,0.860014356066139,1,"Foxc1"
"ENSMUSG00000050296.15",14.6378756253711,-0.953224625346638,0.233812897197891,-4.07686931204595,0.579281108803913,1,"Abca12"
"ENSMUSG00000050299.9",19.4517308335977,1.07010268981094,0.887111880481905,1.20627703602575,0.478317121726994,1,"Gm9843"
"ENSMUSG00000050304.5",10.8627981666793,-0.684549889791045,0.180418865550857,-3.79422566315872,0.959805370874136,1,"Slc25a2"
"ENSMUSG00000050310.10",1423.40335471862,0.111346339030019,0.0622621460753099,1.78834727115475,1,1,"Rictor"
"ENSMUSG00000050312.13",761.610950867938,0.0677721615898422,0.12320172756462,0.55009100058516,0.999999999999981,1,"Nsun3"
"ENSMUSG00000050315.15",84.8870147836978,0.266729037155097,0.211652311504646,1.26022265128554,0.999734399149218,1,"Synpo2"
"ENSMUSG00000050323.15",217.359769399996,0.40954211857788,0.0948885760338711,4.31603187333838,0.999999999755578,1,"Ndufaf6"
"ENSMUSG00000050332.8",1154.7779580923,-0.365021769315207,0.0642087803714657,-5.68491983811955,1,1,"Amer1"
"ENSMUSG00000050334.15",3032.5790500426,-0.212263625641485,0.0746645723392246,-2.84289615531587,1,1,"Mir9-2hg"
"ENSMUSG00000050335.18",1115.71038481597,0.401527618031407,0.304063062154904,1.32054059834092,0.975482429051231,1,"Lgals3"
"ENSMUSG00000050357.10",60.1505502093875,-0.721317305106214,0.163685292341481,-4.40673254626567,0.955674014923366,1,"Carmil2"
"ENSMUSG00000050373.14",573.162340948933,0.266439560643374,0.123429226519298,2.15864239092283,0.999999998602159,1,"Snx21"
"ENSMUSG00000050379.16",2225.92407960945,0.0858628152383889,0.0913722291485618,0.939703628098915,1,1,"Septin6"
"ENSMUSG00000050382.15",696.141120934214,-0.0654939960901649,0.0377819056119923,-1.73347519214003,1,1,"Kif7"
"ENSMUSG00000050390.13",527.634001718793,-0.107456841551872,0.113274158467816,-0.948643918483872,0.999999999999998,1,"Nhsl3"
"ENSMUSG00000050394.15",495.287877565511,-1.04738865437706,0.176645816453159,-5.92931480296223,0.394246007142511,1,"Armcx6"
"ENSMUSG00000050410.16",849.999602659903,-0.52759036442164,0.117498433207829,-4.49019063503978,0.999970970162091,1,"Tcf19"
"ENSMUSG00000050428.8",386.737034314571,-0.0952071134168098,0.0514380062481982,-1.85090986920094,1,1,"Fbxo46"
"ENSMUSG00000050471.18",721.168185749827,-0.617737602004319,0.0726188596470825,-8.50657260395492,0.999999929505454,1,"Fam118b"
"ENSMUSG00000050473.6",22.2691306135458,-0.612062589725532,0.276058105662797,-2.21715130680916,0.92003016529214,1,"Slc35d3"
"ENSMUSG00000050490.8",8.27872325267835,-0.0618042960331265,0.161488191180109,-0.382717123657641,0.999999996894803,1,"Psma5-ps"
"ENSMUSG00000050503.10",16.8569244631757,-0.654910110510777,0.182365598080709,-3.59119328098787,0.970774295381525,1,"Fbxl22"
"ENSMUSG00000050530.15",2462.07855923285,0.54376402503669,0.0599409876435853,9.07165608064322,0.999999999999986,1,"Fam171a1"
"ENSMUSG00000050538.9",414.890566847081,-0.849692611668716,0.10412365754997,-8.1604184069402,0.925566771715814,1,"B230217C12Rik"
"ENSMUSG00000050545.11",169.533055786204,0.152601665710863,0.133194998680813,1.1457011691299,0.999999999900485,1,"Fam228b"
"ENSMUSG00000050550.8",14.8121700612628,-0.15261505579891,0.140074838656783,-1.08952512287274,0.999999999273591,1,"Gm11868"
"ENSMUSG00000050552.9",794.900684267596,-0.00559840183043122,0.0706496967090735,-0.0792416965848378,1,1,"Lamtor4"
"ENSMUSG00000050555.10",740.589070243368,0.248368725418375,0.0998953292980438,2.48628967103509,0.999999999999973,1,"Hyls1"
"ENSMUSG00000050556.10",1347.41746123451,-0.791000184589017,0.121249341629636,-6.52374828562106,0.957620724361019,1,"Kcnb1"
"ENSMUSG00000050565.17",7545.09904558462,-0.332186815667333,0.0471999750203153,-7.03785998878933,1,1,"Tor1aip2"
"ENSMUSG00000050567.17",1481.20499841745,0.288177513869665,0.0461204181242218,6.24837166682836,1,1,"Maml1"
"ENSMUSG00000050578.11",34.2430201274415,-0.776055846565432,0.400293209526285,-1.93871848958875,0.712077340564715,1,"Mmp13"
"ENSMUSG00000050592.9",99.9991369725506,-0.492378397796537,0.112707093320645,-4.36865492037621,0.999996664136854,1,"Fam78a"
"ENSMUSG00000050605.18",459.331781025367,0.0143560474343845,0.0546635412931136,0.262625638492855,1,1,"Zfp61"
"ENSMUSG00000050608.12",2641.38177191541,0.233234081247175,0.0620732207363151,3.75740260422358,1,1,"Micos10"
"ENSMUSG00000050619.15",788.581175103772,-0.514574786595849,0.0584982520461967,-8.79641303110192,1,1,"Zscan29"
"ENSMUSG00000050621.8",85.823642828001,0.406700141283061,0.11973251351747,3.3967393595535,0.999999638740657,1,"Rps27rt"
"ENSMUSG00000050623.6",14.1160727179171,-1.26407846287088,0.408143953012002,-3.09713877552831,0.258808592659924,1,"Catsperz"
"ENSMUSG00000050627.14",2335.42068078702,-0.234219606689607,0.0697666500895149,-3.35718579563573,1,1,"Gpd1l"
"ENSMUSG00000050628.7",2054.61781395251,-0.230631652806474,0.0919634608930913,-2.50786182432375,1,1,"Ubald2"
"ENSMUSG00000050668.11",588.028646679096,-0.141678759419757,0.0606282705930897,-2.33684315969759,1,1,"Gpatch11"
"ENSMUSG00000050671.13",68.5196893857724,0.325863582152282,0.110591424647328,2.94655379647607,0.999999999455334,1,"Ism2"
"ENSMUSG00000050677.3",53.6890601949327,-0.812039219847707,0.150896678268098,-5.38142541749633,0.893549078281288,1,"Ccdc96"
"ENSMUSG00000050697.10",2123.36381169603,-0.0063877758343575,0.04305575108989,-0.148360571414057,1,1,"Prkaa1"
"ENSMUSG00000050705.16",632.04574634575,0.0869782942076233,0.0576259145834525,1.50936075958783,1,1,"2310061I04Rik"
"ENSMUSG00000050708.17",41246.1791063245,0.42615175914256,0.0890448552311808,4.78581000593659,0.999999999942003,1,"Ftl1"
"ENSMUSG00000050714.10",629.111264024684,-0.0348417012818,0.0701299878604965,-0.496816017580205,1,1,"Zbtb26"
"ENSMUSG00000050721.10",1080.95750040346,0.669286398590631,0.0974887728710664,6.86526641868592,0.999653489072374,1,"Plekho2"
"ENSMUSG00000050730.18",1462.84231734493,0.470489338231981,0.123477429072899,3.81032664645302,0.999990998497805,1,"Arhgap42"
"ENSMUSG00000050732.10",52.7768082229869,1.15867920280849,0.420056045429669,2.75839192273329,0.352805617298024,1,"Vamp8"
"ENSMUSG00000050737.14",149.763346058634,-0.421374210509788,0.353974921899926,-1.1904069594764,0.948968646895355,1,"Ptges"
"ENSMUSG00000050761.5",60.3543527859769,-0.52597727491569,0.201115483344984,-2.61529975796768,0.990787578615297,1,"Gp1bb"
"ENSMUSG00000050786.9",228.227454313594,0.151643380811045,0.0545245484030315,2.7811946224687,1,1,"Ccdc126"
"ENSMUSG00000050796.5",632.423920951161,0.0980644482871213,0.0477975202749941,2.05166392990527,1,1,"B3galt6"
"ENSMUSG00000050812.19",4956.87753763131,0.172582446738329,0.0485404273108454,3.55543731894113,1,1,"Ecpas"
"ENSMUSG00000050821.15",1132.81739035502,0.530363122110077,0.0850270244326568,6.23758299962779,0.999999983373375,1,"Fam131a"
"ENSMUSG00000050822.12",29.6740426609719,-1.20744964782477,0.323705061405326,-3.7300919626736,0.260806800850536,1,"Slc29a4"
"ENSMUSG00000050830.18",199.465446052515,-1.23894140533045,0.275240217056897,-4.50130950548677,0.192664452822073,1,"Vwc2"
"ENSMUSG00000050840.9",4500.27656798768,0.104607938009147,0.134480991431308,0.77786411964831,0.999999999986134,1,"Cdh20"
"ENSMUSG00000050846.10",586.469341010444,0.0045718041366797,0.0397709598256605,0.114953326666508,1,1,"Zfp623"
"ENSMUSG00000050855.17",346.721977323801,-0.347303633063699,0.0977708987922308,-3.5522188846984,0.999999999987703,1,"Zfp940"
"ENSMUSG00000050856.17",1616.92114510748,0.218098499866808,0.0593021232925169,3.67775195486683,1,1,"Atp5me"
"ENSMUSG00000050860.7",880.82779510369,0.843358952648668,0.129374843456357,6.51872442986307,0.887005058470723,1,"Phospho1"
"ENSMUSG00000050875.12",726.715515454279,0.179534205699576,0.219219932551067,0.818968437816458,0.999908996059545,1,"Minar2"
"ENSMUSG00000050890.16",945.206490499521,-0.0973763017707369,0.0562511465622568,-1.73109896814217,1,1,"Pdik1l"
"ENSMUSG00000050891.11",671.137119727292,0.389006564451817,0.0681238126128351,5.71028762971092,1,1,"Tatdn1"
"ENSMUSG00000050900.6",13.1373825307469,0.228576944534702,0.134918477654556,1.69418561866632,0.999999994601146,1,"Gm7327"
"ENSMUSG00000050908.13",44.3956355696928,-0.381905244236725,0.31647832128472,-1.20673429600615,0.974598872469675,1,"Tvp23a"
"ENSMUSG00000050910.6",5161.19844324418,0.247231157215383,0.0638507598152177,3.87201589974596,1,1,"Cdr2l"
"ENSMUSG00000050912.16",3939.25654394438,0.534835135624169,0.0742581400999745,7.20237720610986,0.99999999981258,1,"Tmem123"
"ENSMUSG00000050914.17",315.688618869523,0.127026681448407,0.302576091702157,0.419817311849763,0.998141526179994,1,"Ankrd37"
"ENSMUSG00000050931.8",229.643706718119,1.22856583377521,0.206886028832131,5.93837022591836,0.134625068976136,1,"Sgms2"
"ENSMUSG00000050944.15",83.3340687540517,-0.113739012669589,0.287642526096543,-0.395417931461962,0.999022863438018,1,"Efcab5"
"ENSMUSG00000050945.9",149.728298048723,0.0490549882488429,0.0630755784210849,0.777717612375391,1,1,"Zfp438"
"ENSMUSG00000050947.10",1613.26063428747,0.258404744076901,0.161980207027396,1.59528592300908,0.999997656237777,1,"Amigo1"
"ENSMUSG00000050954.16",278.514827658112,-0.440919777253506,0.086183536237177,-5.11605576313434,0.999999999956245,1,"Zfp169"
"ENSMUSG00000050965.15",3150.64799750536,-0.244284649865692,0.0802945061318894,-3.04235820897182,1,1,"Prkca"
"ENSMUSG00000050973.12",155.00500916771,0.196311420215893,0.0626218432652261,3.13487131613873,1,1,"Gdpgp1"
"ENSMUSG00000050989.11",4036.83357311073,0.318060922426139,0.045699174471905,6.95988332615674,1,1,"Selenon"
"ENSMUSG00000050994.22",38.1115581546393,-0.811053723863176,0.160503933051123,-5.05317040177978,0.880443456114772,1,"Adgb"
"ENSMUSG00000051007.16",611.231648889156,0.213903565697072,0.0952766501761314,2.24507857173445,1,1,"Gatd1"
"ENSMUSG00000051034.8",289.694628427708,-0.144576700125913,0.0417265614850369,-3.46486015095584,1,1,"Zfp11"
"ENSMUSG00000051037.16",167.913917380285,-0.31528532894552,0.108945344191114,-2.89397707893271,0.999999999836007,1,"Zfp455"
"ENSMUSG00000051041.9",405.436910163153,0.762031195636457,0.210462876098845,3.62073924751728,0.870907739255269,1,"Olfml1"
"ENSMUSG00000051043.17",16.7501576608276,0.516739330594077,0.288640376969798,1.79025310325224,0.952960873358826,1,"Gprc5c"
"ENSMUSG00000051065.10",671.724397698174,-0.721161125009674,0.0885189587775046,-8.14696800515172,0.99918377883243,1,"Mb21d2"
"ENSMUSG00000051098.7",818.951760257641,-0.136449406246313,0.0888746323214235,-1.53530206181704,1,1,"Mblac2"
"ENSMUSG00000051111.17",121.081441908719,1.06271661540187,0.324508671070836,3.27484813239364,0.423375178384988,1,"Sv2c"
"ENSMUSG00000051113.10",99.1878561110041,0.437961341723217,0.212665580713888,2.05938986578384,0.995889166655628,1,"Garin5a"
"ENSMUSG00000051118.10",77.9212018449139,0.600916623693288,0.160371554111628,3.74702750136732,0.993585699105312,1,"Or7d10"
"ENSMUSG00000051146.4",401.202901814105,-0.68425788052225,0.0903884910038407,-7.57018811712627,0.999761336303338,1,"Camk2n2"
"ENSMUSG00000051147.11",204.513644562679,-0.19553717089143,0.0718835268223024,-2.72019445254546,1,1,"Nat2"
"ENSMUSG00000051149.16",2454.11083422361,-0.749788876729809,0.166740914828087,-4.49673001676196,0.933270246534355,1,"Adnp"
"ENSMUSG00000051154.13",2703.57404495627,0.181972545974475,0.0427521537516511,4.25645330131343,1,1,"Commd3"
"ENSMUSG00000051159.17",177.335152220632,-0.768925033261539,0.17429779849277,-4.41155906678554,0.907538417354279,1,"Cited1"
"ENSMUSG00000051166.11",539.219100826872,-0.482914094350702,0.200432064069326,-2.40936547050511,0.995057926963149,1,"Eml5"
"ENSMUSG00000051169.15",111.864064432121,-0.191630699077481,0.129173792396839,-1.48351066823808,0.999999999805024,1,"Rpusd3"
"ENSMUSG00000051177.17",1793.33614562878,-0.108297979386694,0.132907551979405,-0.814836913130981,0.999999999990215,1,"Plcb1"
"ENSMUSG00000051184.8",145.440892985893,0.378312018871347,0.0683397600220026,5.53575281431404,1,1,"Zfp524"
"ENSMUSG00000051185.10",934.088713116759,-0.635877491774941,0.082644393552587,-7.69413948655004,0.999994732597038,1,"Fam174a"
"ENSMUSG00000051220.3",1172.0338382712,0.00491518453777849,0.127097023612005,0.038672695851504,0.999999999999999,1,"Ercc6l"
"ENSMUSG00000051223.15",21478.906161175,0.132195206811907,0.0695641846819922,1.90033430875713,1,1,"Bzw1"
"ENSMUSG00000051224.14",341.720161147011,0.0566011563239221,0.0771138097837462,0.733995071474893,1,1,"Tceanc"
"ENSMUSG00000051232.14",744.284468439154,-0.351187690228684,0.054568803916994,-6.43568605173909,1,1,"Tmem199"
"ENSMUSG00000051234.7",2630.17395185754,0.0969067190415129,0.043999390587519,2.20245593740113,1,1,"Rnf7"
"ENSMUSG00000051235.11",802.303793808765,-0.151807564517089,0.144579774977351,-1.04999170555405,0.999999997775958,1,"Gen1"
"ENSMUSG00000051236.14",745.089865074817,0.536935070284981,0.214927635668177,2.49821326427257,0.984400117450438,1,"Msrb3"
"ENSMUSG00000051238.7",291.333426690491,-0.432642815272047,0.0546593005797118,-7.91526438654492,1,1,"Swsap1"
"ENSMUSG00000051242.2",883.919517122152,0.295233812038171,0.12372264543776,2.38625524853242,0.999999993879648,1,"Pcdhb9"
"ENSMUSG00000051246.4",27.3193010032788,-0.350430903019959,0.261502124129594,-1.34006904986475,0.993504178354611,1,"Msantd1"
"ENSMUSG00000051255.7",139.949661325075,0.0903861975114061,0.0757862034885136,1.19264712244235,1,1,"Gm6563"
"ENSMUSG00000051256.11",1019.85445767495,-0.118044622261454,0.0444229845327166,-2.65728706666515,1,1,"Jagn1"
"ENSMUSG00000051278.13",640.496967157426,-0.228498309340943,0.0949670783715283,-2.40607917247929,1,1,"Zgrf1"
"ENSMUSG00000051285.18",4350.96336230458,-0.107028095172416,0.0801810566479527,-1.33483019115524,1,1,"Pcmtd1"
"ENSMUSG00000051306.8",1194.12262390951,-0.32611762389094,0.0700276560018974,-4.65698329074592,1,1,"Usp42"
"ENSMUSG00000051316.9",515.598865876905,-0.717681705229194,0.071415529568885,-10.0493787494349,0.999961439975937,1,"Taf7"
"ENSMUSG00000051319.7",410.017453891088,-0.187878367106319,0.0919128920367289,-2.04409156259866,1,1,"Mtln"
"ENSMUSG00000051323.17",1078.96959207704,-0.523655571127417,0.20499823699497,-2.55443938837515,0.989927905891003,1,"Pcdh19"
"ENSMUSG00000051329.14",2072.48353964645,0.158140513725511,0.103127304385856,1.5334495036719,1,1,"Nup160"
"ENSMUSG00000051331.17",688.895564090536,-1.20343033877105,0.171462435892386,-7.01862383155662,0.117723777804871,1,"Cacna1c"
"ENSMUSG00000051335.7",433.065934186946,-0.317899319034797,0.123394033948933,-2.57629407890467,0.99999998378878,1,"Gfod1"
"ENSMUSG00000051339.11",1127.20880547273,1.0004752948784,0.134588043316643,7.43361200760303,0.498591146554687,1,"2900026A02Rik"
"ENSMUSG00000051341.7",99.5179768636797,-1.14256863134708,0.11452238747475,-9.97681463459709,0.106584719026957,1,"Zfp52"
"ENSMUSG00000051343.12",1289.96348993802,0.287098714505709,0.0749105093293268,3.83255590004796,1,1,"Rab11fip5"
"ENSMUSG00000051344.14",714.453423603937,-0.678154878484117,0.100311570083176,-6.76048513568081,0.999332748187433,1,"Plekhm3"
"ENSMUSG00000051346.10",417.488606770643,-0.0640143108472241,0.0537910400968699,-1.19005527188066,1,1,"Spryd4"
"ENSMUSG00000051351.15",1368.95993445468,-0.136071132382279,0.0644556675598792,-2.11108095740176,1,1,"Zfp46"
"ENSMUSG00000051355.19",1972.03785516696,0.0672698904553498,0.0584783870389166,1.15033765227797,1,1,"Commd1"
"ENSMUSG00000051359.16",7336.13351741692,-1.10083665050076,0.167429338250967,-6.57493281643788,0.273499234851184,1,"Ncald"
"ENSMUSG00000051361.8",10.8755871495663,-0.312805292561053,0.188520964580028,-1.65925998340765,0.999866402764444,1,"6030498E09Rik"
"ENSMUSG00000051367.9",2354.19019470384,-0.527687795904705,0.14828605607129,-3.55858001679548,0.999276586018102,1,"Six1"
"ENSMUSG00000051373.6",278.322106946593,-0.203516403011312,0.0635939899263326,-3.20024586045106,1,1,"Plpp7"
"ENSMUSG00000051375.16",2351.98041829293,-0.494637606829339,0.147227942184924,-3.35967208050802,0.999700996645747,1,"Pcdh1"
"ENSMUSG00000051378.11",2500.16574439246,-0.646808058831065,0.152018241548244,-4.25480555651472,0.989919884590375,1,"Kif18b"
"ENSMUSG00000051390.11",921.470622265003,-0.0809726115897925,0.0463139119663993,-1.74834316843151,1,1,"Zbtb22"
"ENSMUSG00000051391.10",8524.78476775169,-0.198634581160934,0.0682259750709194,-2.91142165362177,1,1,"Ywhag"
"ENSMUSG00000051396.16",274.570992124569,-0.426838785213915,0.0837592778780281,-5.09601796991954,0.999999999996121,1,"Msantd7"
"ENSMUSG00000051403.10",2469.21616152616,0.0889470135432094,0.0642120030125605,1.38520851819263,1,1,"Ppp1r37"
"ENSMUSG00000051413.18",690.496299383223,-0.515362006876031,0.0670407097450125,-7.68729938624153,0.999999999999757,1,"Plagl2"
"ENSMUSG00000051427.15",554.315262395161,0.139976886719343,0.0792158915439059,1.76703037725403,1,1,"Ccdc157"
"ENSMUSG00000051435.12",21.9533638670758,-0.495679471013035,0.274179325145647,-1.80786596782863,0.967070518231274,1,"Fhad1"
"ENSMUSG00000051439.8",114.289944640238,0.247425564216091,0.304974409297649,0.811299429305914,0.993221652870041,1,"Cd14"
"ENSMUSG00000051444.10",229.194332482981,0.116385234462994,0.0561444468001208,2.07296074850174,1,1,"Bbs12"
"ENSMUSG00000051451.7",1277.51647830757,0.160838398713249,0.0677937463640925,2.37246659668949,1,1,"Crebzf"
"ENSMUSG00000051456.5",32.2993168532372,-0.949124824594468,0.190480923423287,-4.98278151710405,0.605299309846097,1,"Hspb3"
"ENSMUSG00000051457.8",37.5143550147502,0.640786053100386,0.215785294830094,2.96955385029796,0.952011915474361,1,"Spn"
"ENSMUSG00000051469.15",4155.95557220125,-0.0645449810341509,0.0738493891390918,-0.874008326766029,1,1,"Zfp24"
"ENSMUSG00000051483.10",1251.87887033008,-0.144640301705403,0.0635736712962435,-2.27516043601449,1,1,"Cbr1"
"ENSMUSG00000051495.9",3623.88085055853,0.205438231144451,0.0839726446098741,2.44648995037479,1,1,"Irf2bp2"
"ENSMUSG00000051497.16",544.89986239298,0.816767091531434,0.180820216512111,4.51701202048238,0.844551832684253,1,"Kcnj16"
"ENSMUSG00000051498.8",143.806194259514,0.691815990809769,0.165921617434635,4.16953499794752,0.968373379549356,1,"Tlr6"
"ENSMUSG00000051499.8",80.6530115647553,-0.830660723345217,0.124924256952786,-6.64931490174206,0.912376511682028,1,"Zfp786"
"ENSMUSG00000051502.8",144.867692162105,-0.630087412630194,0.102887182459405,-6.12406130257087,0.999838004926412,1,"Ufsp1"
"ENSMUSG00000051506.18",75.7831086952728,-0.495224299692981,0.418463604010204,-1.18343458056368,0.886317647668153,1,"Wdfy4"
"ENSMUSG00000051510.14",3466.39950384865,0.195827606380787,0.0439503660106998,4.45565359644814,1,1,"Mafg"
"ENSMUSG00000051515.12",3984.03994921207,0.163493772780034,0.110233209915943,1.48316258688923,0.999999999999984,1,"Fam181b"
"ENSMUSG00000051517.15",379.185630241962,0.417201675126438,0.13215376429013,3.15694129007566,0.999994831509562,1,"Arhgef39"
"ENSMUSG00000051518.9",601.794694473641,0.1050375958915,0.0691712059104006,1.51851618761076,1,1,"Rps19bp1"
"ENSMUSG00000051550.11",510.159471448475,-0.163068019848567,0.0922913869517316,-1.76688231951538,1,1,"Zfp579"
"ENSMUSG00000051557.16",760.314014787975,0.257200076049665,0.0534457570858688,4.8123572398167,1,1,"Pusl1"
"ENSMUSG00000051579.11",2671.66129344379,0.71774983927659,0.0914133778429091,7.85169366030888,0.998991182912314,1,"Tceal8"
"ENSMUSG00000051586.18",1510.05991383597,-0.00542884923824589,0.064826142583177,-0.0837447520694334,1,1,"Mical3"
"ENSMUSG00000051599.5",868.988681868857,-0.907059759639761,0.144666305406156,-6.27001399595544,0.739708070128963,1,"Pcdhb2"
"ENSMUSG00000051615.15",3892.78945233206,0.408945335823651,0.0727287561815145,5.62288367482893,1,1,"Rap2a"
"ENSMUSG00000051627.4",153.514902179153,-0.492728364121995,0.0917319492333039,-5.37139315407796,0.999999983982446,1,"H1f4"
"ENSMUSG00000051639.4",22.3563791691882,0.407144096745523,0.145069519773823,2.80654473372697,0.999978122577421,1,"Fbl-ps2"
"ENSMUSG00000051650.12",118.76180074493,1.01827707471086,0.290082173107019,3.51030559308167,0.474880647337219,1,"B3gnt2"
"ENSMUSG00000051671.8",358.062187268281,0.230892377084341,0.0780969579403061,2.95648362207431,1,1,"Coa6"
"ENSMUSG00000051674.16",1112.57575996037,-0.174887401738189,0.09864613911515,-1.77287629609145,1,1,"Dcun1d4"
"ENSMUSG00000051675.14",2445.43469888732,-0.197058056805527,0.0694862995957641,-2.83592676472788,1,1,"Trim32"
"ENSMUSG00000051695.7",11923.5974557742,0.14423975293258,0.0398439987447368,3.62011237518255,1,1,"Pcbp1"
"ENSMUSG00000051705.14",486.29167601333,0.367634615544831,0.0692353784827654,5.30992425550682,1,1,"Senp8"
"ENSMUSG00000051716.7",8.9777348372244,-0.269119747250352,0.193211364825083,-1.39287741947266,0.999922463504664,1,"Apon"
"ENSMUSG00000051721.7",364.706353650518,-0.101308225043956,0.0632784068807937,-1.60099202931585,1,1,"Wdcp"
"ENSMUSG00000051730.16",394.683095297552,0.199219655154899,0.0909745072097423,2.18984044283523,1,1,"Mettl5"
"ENSMUSG00000051735.8",59.8058220607814,0.915557744495886,0.261808829922618,3.49704685195872,0.626475916935662,1,"Rinl"
"ENSMUSG00000051736.9",222.223096245178,-0.0715334495569993,0.107719366828645,-0.664072317383661,1,1,"Fam229b"
"ENSMUSG00000051747.17",46.4656448741389,-0.283074896146677,0.411751688261164,-0.687489339368853,0.960088316543008,1,"Ttn"
"ENSMUSG00000051768.10",1619.44604667656,0.0456221317076124,0.0673578572511905,0.677309724053108,1,1,"Xrcc1"
"ENSMUSG00000051786.16",1067.11648809868,-0.24465688663916,0.0733963280532127,-3.33336684720498,1,1,"Tubgcp6"
"ENSMUSG00000051790.16",4941.54363271391,-0.612951134427616,0.0761277929896643,-8.0516078340907,0.999999815409853,1,"Nlgn2"
"ENSMUSG00000051805.3",8.50523624176951,1.27527562358915,0.225551371835552,5.65403621006989,0.111145947058906,1,"A530095I07Rik"
"ENSMUSG00000051817.10",3349.91541385645,-0.792365345714985,0.0564735447023137,-14.0307350971458,0.999881851345259,1,"Sox12"
"ENSMUSG00000051851.6",382.902177882694,-0.0764183625521942,0.0936838414956148,-0.815704835884331,1,1,"Rtl8c"
"ENSMUSG00000051853.11",8111.03952322628,0.113924545336479,0.0935602170157881,1.21766012275554,1,1,"Arf3"
"ENSMUSG00000051855.16",23999.7225677287,0.174397172142705,0.152954228620489,1.14019189737748,0.999999966251901,1,"Mest"
"ENSMUSG00000051864.11",624.142270041035,0.402662778695135,0.0654779040743914,6.14959785880833,1,1,"Tbc1d22a"
"ENSMUSG00000051890.14",179.306795465027,0.36937860411411,0.17611321323839,2.09739290608544,0.999828710244031,1,"Klhdc1"
"ENSMUSG00000051900.14",20.6342527619723,0.1963842875596,0.237438955690633,0.827093797596866,0.999643713764022,1,"Abca16"
"ENSMUSG00000051910.14",7464.6210687917,-0.374805167779485,0.101034197000587,-3.70968621423602,0.999999999695247,1,"Sox6"
"ENSMUSG00000051934.6",2945.99799293874,-0.0101235950083105,0.0536974308996375,-0.188530341930732,1,1,"Spats2"
"ENSMUSG00000051950.11",1423.20246594943,-0.0779411699771215,0.105163726064565,-0.741141198527618,1,1,"B3glct"
"ENSMUSG00000051977.17",231.349103666775,0.304029107037168,0.0825768237561565,3.68177284143242,1,1,"Prdm9"
"ENSMUSG00000051978.10",301.695575913402,0.00825125370586274,0.0471499904956144,0.17500011387341,1,1,"Erich1"
"ENSMUSG00000051984.14",14.4043727056344,1.04271774540797,0.297202117212831,3.50844655881529,0.442855664409168,1,"Sec31b"
"ENSMUSG00000051989.12",556.356037430216,-0.0995443375333877,0.0912224424861926,-1.09122640021894,1,1,"Smim11"
"ENSMUSG00000052031.9",901.779678877769,0.509433768868202,0.0758546320731181,6.71592169054549,0.999999999950079,1,"Tagap1"
"ENSMUSG00000052033.14",1207.38035419331,-0.365427805280733,0.0826211282126031,-4.42293409913749,0.999999999999992,1,"Pfdn4"
"ENSMUSG00000052040.11",4151.10981995894,0.154960872806114,0.0739627415568819,2.09512072625025,1,1,"Klf13"
"ENSMUSG00000052062.15",1026.83705536977,0.0800977823173765,0.093550363044965,0.856199588224767,1,1,"Pard3b"
"ENSMUSG00000052085.8",96.2960791458126,-0.841336676924051,0.259519395375532,-3.24190288632035,0.729523882483183,1,"Dock8"
"ENSMUSG00000052087.15",31.9064188437118,-1.31353787404944,0.271786152807409,-4.83298306584525,0.124328048524752,1,"Rgs14"
"ENSMUSG00000052102.16",1772.98114308232,-0.737119062336764,0.0959353869329267,-7.68349496366883,0.996929791811468,1,"Gnpda1"
"ENSMUSG00000052105.18",902.548215510465,-0.431375636630863,0.105661378037806,-4.08262360989192,0.999999963081017,1,"Mtcl1"
"ENSMUSG00000052125.19",116.280243748536,0.920513561609242,0.176355424977743,5.21964981641713,0.673903338643058,1,"F730043M19Rik"
"ENSMUSG00000052137.12",862.700724972126,-0.214946765803681,0.0750932717753209,-2.86239713255273,1,1,"Rbm12b2"
"ENSMUSG00000052139.19",1613.6684047598,0.231302945368841,0.0575540784921847,4.01888018066781,1,1,"Babam2"
"ENSMUSG00000052144.10",4804.18741590477,-0.036341255372591,0.0685814395098783,-0.529899279343014,1,1,"Ppp4r2"
"ENSMUSG00000052146.17",11608.4477369322,0.532073276994232,0.0949303425177496,5.60488104100907,0.99999958707763,1,"Rps10"
"ENSMUSG00000052151.13",617.321336737309,0.777533136186964,0.113036892999732,6.87857844950507,0.97547120166506,1,"Plpp2"
"ENSMUSG00000052155.6",2196.46287564624,-0.504368620980678,0.0728754200537514,-6.92097034375467,0.999999999994808,1,"Acvr2a"
"ENSMUSG00000052160.8",135.037914627555,-0.659779102263446,0.267860427549161,-2.46314510993735,0.897983052502118,1,"Pld4"
"ENSMUSG00000052214.10",1698.53403968031,-0.310555742828345,0.045865221622634,-6.77105074043922,1,1,"Opa3"
"ENSMUSG00000052248.19",118.053756090262,0.264574132072552,0.110378709151532,2.39696707912514,0.999999999986563,1,"Zeb2os"
"ENSMUSG00000052253.7",929.242073175839,0.243340074713509,0.0685253133336139,3.55109758533775,1,1,"Zfp622"
"ENSMUSG00000052291.12",63.5189107476895,-0.401628087705839,0.133393007484382,-3.01086312753584,0.999996367645399,1,"5330438D12Rik"
"ENSMUSG00000052293.15",4394.79581733299,0.180238602328033,0.0784142349529353,2.29854442163739,1,1,"Taf9"
"ENSMUSG00000052296.8",4591.94723990697,-0.0144599994730876,0.0379188681347801,-0.381340482571644,1,1,"Ppp6r1"
"ENSMUSG00000052298.13",5745.87252488059,-0.317617799957681,0.066753130300234,-4.75809596537479,1,1,"Cdc42se2"
"ENSMUSG00000052299.10",3251.49937752228,-0.0332451770578181,0.0665441124485522,-0.499596069953164,1,1,"Ltn1"
"ENSMUSG00000052302.7",236.556109341642,-1.13251084786801,0.169246194012274,-6.69149964923807,0.216829034702093,1,"Tbc1d30"
"ENSMUSG00000052310.10",5499.83715301836,0.0678798239734965,0.0496324818287546,1.36764919811385,1,1,"Slc39a1"
"ENSMUSG00000052316.10",11.1836952028279,0.749609203441598,0.241217461025683,3.10760755151877,0.850371797003854,1,"Lrrc15"
"ENSMUSG00000052336.9",349.364327695981,0.147966110347493,0.448987413587021,0.329555140901105,0.976412958355706,1,"Cx3cr1"
"ENSMUSG00000052337.16",5324.1813612043,0.0933491875048892,0.0447742026487747,2.08488776979803,1,1,"Immt"
"ENSMUSG00000052364.5",482.291907996179,-0.138792091440231,0.100145886622029,-1.3858990730599,1,1,"B630019K06Rik"
"ENSMUSG00000052369.9",1944.60101458202,0.138806532797902,0.0802735289916792,1.72916943532269,1,1,"Tmem106c"
"ENSMUSG00000052371.7",11.1365058724983,-1.24567366854129,0.212700962181215,-5.8564552589095,0.124041307660545,1,"Hoxd3os1"
"ENSMUSG00000052373.15",302.157021116692,-0.13449454586519,0.10194321091998,-1.31930851158652,1,1,"Mpp3"
"ENSMUSG00000052384.15",118.420827444163,-0.0999254531390202,0.159376207540277,-0.626978484939587,0.999999991861914,1,"Nrros"
"ENSMUSG00000052387.17",479.032491282156,-0.0381920697363311,0.25211492652709,-0.151486745598251,0.999951011422965,1,"Trpm3"
"ENSMUSG00000052395.18",700.063046551614,1.01188173819579,0.0491030286246635,20.6073182558753,0.404399508241789,1,"Rft1"
"ENSMUSG00000052397.9",3052.30498158564,0.821416258125668,0.148744413315295,5.52233351033161,0.885048363955527,1,"Ezr"
"ENSMUSG00000052406.15",956.808553931533,0.166220511403542,0.0633489101099904,2.62388904741912,1,1,"Rexo4"
"ENSMUSG00000052407.18",101.942122944667,-0.217119804325101,0.0811091493684854,-2.676884248147,1,1,"Ccdc171"
"ENSMUSG00000052419.8",1287.48905248506,-0.174352663836543,0.0657896118752399,-2.65015492365537,1,1,"Smim30"
"ENSMUSG00000052423.16",2275.10600665178,-0.459113779326047,0.0635870742436221,-7.22023752134022,1,1,"B4galt3"
"ENSMUSG00000052428.11",3094.95147434289,-0.418371286468906,0.0404128227113177,-10.352439112147,1,1,"Tmco1"
"ENSMUSG00000052430.16",199.277174279438,-0.793725750241597,0.237014743007619,-3.34884547758315,0.807932128099878,1,"Bmpr1b"
"ENSMUSG00000052446.18",580.530312581005,-0.246216157040471,0.0716422896650258,-3.43674327260744,1,1,"Zfp961"
"ENSMUSG00000052456.10",2538.84246049151,-0.0511775592780151,0.0431867908663662,-1.18502806648391,1,1,"Get3"
"ENSMUSG00000052459.14",13458.7573603205,0.141822151547819,0.0786563054218799,1.8030614429084,1,1,"Atp6v1a"
"ENSMUSG00000052482.7",18.4023107028219,0.579685512706925,0.144724396838179,4.00544431603394,0.998159275095067,1,"Gm8174"
"ENSMUSG00000052488.8",2718.92464610272,-0.0141718721702059,0.053191179714722,-0.266432747801672,1,1,"Cherp"
"ENSMUSG00000052512.19",4791.64917896466,0.717130211572895,0.108662614286166,6.59960388661653,0.995382006706542,1,"Nav2"
"ENSMUSG00000052516.23",1460.83683203925,-0.493292141241621,0.213935062384164,-2.30580315234075,0.991070110363979,1,"Robo2"
"ENSMUSG00000052533.15",3464.73705072529,0.194333415430463,0.0992657990073871,1.95770766340178,1,1,"Nup188"
"ENSMUSG00000052534.16",6743.64153309668,-0.633244668690587,0.0798804871593195,-7.9274011865701,0.999997797538541,1,"Pbx1"
"ENSMUSG00000052539.16",1488.81328031099,-0.321145313377052,0.0871990976765053,-3.68289720804738,0.999999999999997,1,"Magi3"
"ENSMUSG00000052544.10",522.888106503307,-0.0527776033542581,0.138138844041157,-0.382062002332476,0.999999999996497,1,"St6galnac3"
"ENSMUSG00000052557.12",1386.30915936205,-0.194469899144352,0.0648055199332114,-3.00082306792342,1,1,"Gan"
"ENSMUSG00000052565.8",103.547126839878,-0.282710468384786,0.0938145450522503,-3.01350359080598,0.99999999999999,1,"H1f3"
"ENSMUSG00000052566.9",316.291041128902,0.270689904210722,0.0791975526764459,3.41790743606181,1,1,"Hook2"
"ENSMUSG00000052593.17",4774.98404723058,0.473674671960029,0.0643933903023293,7.35595174809262,1,1,"Adam17"
"ENSMUSG00000052609.10",341.422072570001,0.583324959597135,0.123077090673008,4.73950884285131,0.999644730685067,1,"Plekhg3"
"ENSMUSG00000052613.18",4448.70432234143,-1.17824176159937,0.215010106520645,-5.47993664421648,0.203554331023539,1,"Pcdh15"
"ENSMUSG00000052629.8",51.0692025698961,-0.914264871092618,0.267981714659968,-3.41166886051421,0.625488933035603,1,"Gm9885"
"ENSMUSG00000052632.17",1758.84068211351,0.155128210920433,0.0776264000288889,1.99839501590569,1,1,"Asap2"
"ENSMUSG00000052656.14",1515.6355024793,0.00192955401417654,0.0413623556702106,0.0466500029534395,1,1,"Rnf103"
"ENSMUSG00000052658.6",8.05833008508217,0.0702314211274789,0.174460897585554,0.402562534639247,0.999999951153066,1,"5830454E08Rik"
"ENSMUSG00000052673.3",28.7729499599766,0.156282071239823,0.108425927584071,1.44137177077545,0.999999999999996,1,"Gm9887"
"ENSMUSG00000052675.12",93.6389421959987,-0.0685647401962196,0.0785663137272635,-0.872698958923241,1,1,"Zfp112"
"ENSMUSG00000052676.17",390.317359024118,0.0636981269796577,0.0857515641298739,0.742821750553547,1,1,"Zmat1"
"ENSMUSG00000052681.9",8219.35847341523,0.517946222576488,0.0657774051206309,7.87422704843118,0.999999999999884,1,"Rap1b"
"ENSMUSG00000052684.6",6375.25966780643,0.594009632415536,0.0825773410194875,7.1933732072501,0.999999559443243,1,"Jun"
"ENSMUSG00000052698.16",3312.89759610767,-0.121097336377087,0.100109296639307,-1.20965125560117,1,1,"Tln2"
"ENSMUSG00000052707.9",7832.22397737529,0.110266153270628,0.0691649711022763,1.5942485265782,1,1,"Tnrc6a"
"ENSMUSG00000052712.18",1596.48946156154,0.196905406555644,0.0433917185033405,4.53785683875334,1,1,"BC004004"
"ENSMUSG00000052713.10",1908.85090773965,-0.749866714111964,0.0905629890289831,-8.28005703159799,0.997127411917349,1,"Zfp608"
"ENSMUSG00000052727.7",3875.91763244006,0.522195349602029,0.213528987039988,2.44554782393191,0.98737828703052,1,"Map1b"
"ENSMUSG00000052738.15",2421.88460292465,0.137182422464492,0.0417866802265837,3.28292225466669,1,1,"Suclg1"
"ENSMUSG00000052748.15",715.446348412094,-0.346578644380059,0.113556151933501,-3.05204639712533,0.999999995646564,1,"Swt1"
"ENSMUSG00000052751.17",2511.04392221543,0.180024539893954,0.0795835587536784,2.26208205203733,1,1,"Repin1"
"ENSMUSG00000052752.16",3107.49052672098,-0.0375364857858033,0.0555379048315942,-0.675871477320291,1,1,"Traf7"
"ENSMUSG00000052760.17",50.196203014462,0.369367199215325,0.195215645071864,1.89209834631518,0.999382004906129,1,"A630001G21Rik"
"ENSMUSG00000052763.8",654.201775503448,-0.0896258197568781,0.0429702918169047,-2.08576241787632,1,1,"Zfp212"
"ENSMUSG00000052783.17",94.4337619150167,0.0783894886431718,0.141880992548511,0.552501693391869,0.999999999958679,1,"Grk4"
"ENSMUSG00000052794.14",461.121709924922,-0.0822766880478813,0.188573282092936,-0.436311481322855,0.99999943727274,1,"1700030K09Rik"
"ENSMUSG00000052798.15",2476.75160055521,0.164763237289122,0.0843514011217964,1.95329579708128,1,1,"Nup107"
"ENSMUSG00000052812.6",2174.14452867022,0.0679682382479705,0.0732158695987795,0.928326585758445,1,1,"Atad2b"
"ENSMUSG00000052821.4",33.7786732643449,-0.702160930828015,0.25867146658737,-2.71448930990172,0.875219912669148,1,"Cysltr1"
"ENSMUSG00000052825.7",130.72826908938,0.25518164465456,0.100767913469637,2.53237003593858,0.999999999999927,1,"Gm9892"
"ENSMUSG00000052833.10",5185.23518433591,-0.0367328238116689,0.0562551588577194,-0.652968093194325,1,1,"Sae1"
"ENSMUSG00000052837.8",965.548667037868,1.11776918265388,0.156325956092168,7.15024689818533,0.225617843217645,1,"Junb"
"ENSMUSG00000052852.9",3820.20244392915,-0.585396195457337,0.0814715459417841,-7.1852839993442,0.999999819964695,1,"Reep1"
"ENSMUSG00000052889.12",5302.10128443786,0.302388987587623,0.0876806613506905,3.44875349854146,0.999999999999999,1,"Prkcb"
"ENSMUSG00000052906.8",651.883286709799,-0.119292164009355,0.0969300831899557,-1.23070320465501,1,1,"Ubxn8"
"ENSMUSG00000052911.10",4038.91758504871,1.21327059622294,0.199407252487251,6.0843855029822,0.142417088052638,1,"Lamb2"
"ENSMUSG00000052912.9",11.1910215250152,-0.234830805825634,0.256062923080974,-0.917082422555075,0.998597615326736,1,"Smarca5-ps"
"ENSMUSG00000052914.5",1536.61825317234,-0.396064732511342,0.121307810804726,-3.26495655872401,0.999999679664373,1,"Cyp2j6"
"ENSMUSG00000052915.15",4624.64866307704,-0.206597863096162,0.0572671082842039,-3.60761821726466,1,1,"Msl1"
"ENSMUSG00000052917.16",1281.26684495246,-0.114396444175062,0.0843127534252793,-1.35681067842771,1,1,"Senp7"
"ENSMUSG00000052921.14",28.2118282451811,1.25511152755068,0.280577363615377,4.47331713213764,0.181612323859554,1,"Arhgef15"
"ENSMUSG00000052926.17",795.762645685941,0.339575711994965,0.101708428763082,3.33871750969593,0.999999999958014,1,"Rnaseh2a"
"ENSMUSG00000052928.10",2988.92875562777,0.541960572484178,0.0949286259826072,5.7091374374625,0.999999300309445,1,"Ctif"
"ENSMUSG00000052934.15",719.277907490361,0.0833274833180215,0.0798982705799069,1.04291973672553,1,1,"Fbxo31"
"ENSMUSG00000052942.14",600.959329973568,1.02023763986531,0.205786671734644,4.95774401357189,0.460830042133027,1,"Glis3"
"ENSMUSG00000052949.15",2357.53942087932,0.250243935635185,0.111217118140593,2.25004873187636,0.999999999992155,1,"Rnf157"
"ENSMUSG00000052951.7",245.777477468006,-1.01985828211321,0.119039582752368,-8.56738791024469,0.433755513808368,1,"C130021I20Rik"
"ENSMUSG00000052957.9",9398.09700335933,0.810505202114403,0.152993237123203,5.29765378754432,0.892249986578186,1,"Gas1"
"ENSMUSG00000052962.4",955.543681900737,0.206309329694393,0.0420630921228109,4.90475900088455,1,1,"Mrpl35"
"ENSMUSG00000052981.7",556.294201650755,-0.671061751669184,0.146321510918187,-4.58621393025661,0.987713537370408,1,"Ube2ql1"
"ENSMUSG00000052997.16",5291.09414825008,-0.0815068918051432,0.046737384398106,-1.74393353104386,1,1,"Uba2"
"ENSMUSG00000053007.10",1466.75443132858,-0.521876226046212,0.135295685661559,-3.85730131374391,0.999795275470513,1,"Creb5"
"ENSMUSG00000053012.18",1495.50093269333,0.195385704886528,0.073076338237835,2.6737205174488,1,1,"Krcc1"
"ENSMUSG00000053025.14",363.794149777921,-0.986071794494432,0.250723015984243,-3.93291294229008,0.522150712444751,1,"Sv2b"
"ENSMUSG00000053038.9",38.8041008928172,0.148305328568283,0.080201693053244,1.84915458667221,1,1,"Gm6180"
"ENSMUSG00000053040.14",37.6160182186619,-0.492369582958745,0.337652177229431,-1.45821533567125,0.933638552896781,1,"Aph1c"
"ENSMUSG00000053062.17",7575.56803437738,0.619739545746388,0.0895495598874339,6.92063195537105,0.999989136853171,1,"Jam2"
"ENSMUSG00000053063.12",71.6009662875617,0.255088729414345,0.409884366033432,0.622343154687532,0.966518821710914,1,"Clec12a"
"ENSMUSG00000053070.6",248.353815788214,-0.226417303885235,0.0909736368362113,-2.48882326528152,1,1,"Cfap300"
"ENSMUSG00000053080.11",2305.78201651829,-0.217052248312734,0.076859709583253,-2.82400557443724,1,1,"Zfta"
"ENSMUSG00000053091.17",592.654808438011,0.0900200927407206,0.0839842654062391,1.07186854948705,1,1,"Lins1"
"ENSMUSG00000053093.17",33.4477525683389,-0.61302687520669,0.331889430291717,-1.84708164604056,0.878187302521049,1,"Myh7"
"ENSMUSG00000053094.16",2074.46219481816,0.232591162735692,0.070091651654718,3.31838610226324,1,1,"Tmem248"
"ENSMUSG00000053101.4",25.195472039828,1.0822566425743,0.263464911741616,4.10778283688756,0.37744008785302,1,"Gpr141"
"ENSMUSG00000053113.4",480.302710098686,-0.401433936334435,0.157781033047279,-2.54424710360557,0.999925775648243,1,"Socs3"
"ENSMUSG00000053117.14",127.613589768139,1.36008330564142,0.282631785191973,4.81220930164529,0.101325180724636,1,"E330013P04Rik"
"ENSMUSG00000053119.12",2444.91673341867,0.233698675093926,0.0784145167023662,2.98029860951593,1,1,"Chmp3"
"ENSMUSG00000053128.16",2572.49413837257,0.212210145374574,0.0566146185588941,3.74832774248615,1,1,"Rnf26"
"ENSMUSG00000053134.14",749.935517618197,-0.0254049552162218,0.0328246758697448,-0.773959058027992,1,1,"Supt7l"
"ENSMUSG00000053137.8",451.010295649182,-0.54481904370763,0.072545889322288,-7.50999193472217,0.999999999824492,1,"Mapk11"
"ENSMUSG00000053158.11",44.0937361884427,0.973605930607976,0.270862068478956,3.59447129705287,0.538813370634214,1,"Fes"
"ENSMUSG00000053164.7",43.3533518885823,-0.633512230451739,0.471097425029488,-1.34475842319046,0.781961907370664,1,"Gpr21"
"ENSMUSG00000053166.15",673.857403419086,-0.986718224022094,0.175014977108263,-5.63790733984849,0.530246442155552,1,"Cdh22"
"ENSMUSG00000053173.13",22.4501152771522,0.617545007772752,0.131127182323134,4.70951176431862,0.99823106248567,1,"Rpl18-ps2"
"ENSMUSG00000053178.6",105.923986646689,0.231700524874796,0.0807598408056554,2.86900670634519,1,1,"Mterf1b"
"ENSMUSG00000053181.3",27.4700077883119,-0.901821229148587,0.131695501413486,-6.84777550842172,0.772014727164858,1,"A830005F24Rik"
"ENSMUSG00000053192.10",2085.90206304125,-0.438845546535993,0.101015451278326,-4.34434080115972,0.999999986130124,1,"Mllt11"
"ENSMUSG00000053198.15",226.544716520572,0.0139231945751995,0.14977601015159,0.0929601113095999,0.999999999983509,1,"Prx"
"ENSMUSG00000053205.10",1718.30673422584,0.455733942724013,0.0498798584730743,9.13663263439336,1,1,"Styx"
"ENSMUSG00000053216.16",31.1140323521376,-0.119346379284788,0.113094005935026,-1.0552847456244,0.999999999999997,1,"Btn2a2"
"ENSMUSG00000053226.8",102.012659590689,-0.430571561500792,0.0720749551776901,-5.97394143970373,0.999999999999999,1,"Dand5"
"ENSMUSG00000053253.18",2537.00010499681,0.673892222959524,0.0521015354154935,12.934210433252,0.999999999806375,1,"Ndfip2"
"ENSMUSG00000053263.5",23.0653173609671,-0.100237215640873,0.173849255321233,-0.576575467382117,0.999999886493794,1,"Gm12592"
"ENSMUSG00000053279.9",430.803823898409,-0.518007852007057,0.257462234242228,-2.01197606138887,0.969402837636109,1,"Aldh1a1"
"ENSMUSG00000053286.12",1316.89043233882,-0.357229550066998,0.0890759425977777,-4.0103931504836,0.999999999999732,1,"Trmt1l"
"ENSMUSG00000053289.9",1310.05472618071,0.202328901806793,0.0430071105303564,4.70454534870414,1,1,"Ddx10"
"ENSMUSG00000053291.16",1051.18872026013,0.258153881981685,0.0857065635866501,3.01206665135616,1,1,"Rab4b"
"ENSMUSG00000053293.10",4188.97267171276,-0.0934165866178217,0.0724011748793786,-1.29026340765126,1,1,"Pom121"
"ENSMUSG00000053297.15",29.3286703771138,0.377652946920834,0.222590205521432,1.69662877140599,0.997412485005975,1,"AI854703"
"ENSMUSG00000053317.12",1343.99742320769,0.15719890579178,0.0669814755461603,2.34690120678882,1,1,"Sec61b"
"ENSMUSG00000053329.8",1008.82327155218,0.386973695317814,0.0778985554167625,4.96766202206804,0.999999999999998,1,"Gatd3a"
"ENSMUSG00000053332.16",6579.17610284302,0.233131623527678,0.120845066115224,1.92917783921265,0.999999999889422,1,"Gas5"
"ENSMUSG00000053333.16",1103.68764763034,-0.579263654762859,0.0524105681247865,-11.052420828251,1,1,"Dis3l2"
"ENSMUSG00000053334.7",328.299957350153,0.020684393058735,0.0639653086543723,0.323368924404011,1,1,"Ficd"
"ENSMUSG00000053347.16",659.544799003902,-0.0587713008756581,0.042821662194419,-1.37246659433313,1,1,"Zfp943"
"ENSMUSG00000053358.3",16.0658848036224,-0.2934919635679,0.140854747476661,-2.08364977983103,0.999999736019518,1,"Gm9905"
"ENSMUSG00000053375.9",12.7375784661365,-0.224502230824965,0.241062085704497,-0.931304606316931,0.999352505842452,1,"Atp6v1e2"
"ENSMUSG00000053390.17",662.246323109273,-0.406241671649569,0.0520568391487178,-7.80380980276201,1,1,"Zfp952"
"ENSMUSG00000053395.16",365.901295057247,-0.269484270824189,0.0999277074588684,-2.69679228791587,0.999999999999867,1,"Cacng8"
"ENSMUSG00000053398.12",8821.89579933962,0.243381962016255,0.111210908871617,2.18847201669054,0.999999999994893,1,"Phgdh"
"ENSMUSG00000053411.17",323.578810511495,0.0810827642809947,0.131077189824988,0.618587905258381,0.999999999998813,1,"Cbx7"
"ENSMUSG00000053414.9",1874.75805504448,0.693230498121665,0.106402211550715,6.5151888106315,0.998031163480941,1,"Hunk"
"ENSMUSG00000053436.16",2028.61821738343,0.013091683621466,0.0856889420329562,0.152781482777917,1,1,"Mapk14"
"ENSMUSG00000053442.6",9.58073107503306,0.111826106723093,0.14870904413806,0.751979191119501,0.999999998832252,1,"4930597O21Rik"
"ENSMUSG00000053453.10",2661.79573404568,0.19503807242642,0.0570770858424231,3.41709934114149,1,1,"Thoc7"
"ENSMUSG00000053460.9",921.422753544149,0.543025540818617,0.0564132415135092,9.62585248161248,1,1,"Ggcx"
"ENSMUSG00000053470.14",4949.95365724409,0.192994627815648,0.101471414181235,1.9019605607442,0.999999999999999,1,"Kdm3a"
"ENSMUSG00000053475.6",1480.06011988813,0.369007990902779,0.105834981451397,3.48663538125378,0.999999998754432,1,"Tnfaip6"
"ENSMUSG00000053477.19",45083.8208154113,-0.208423507311533,0.0580990511579498,-3.5873822920947,1,1,"Tcf4"
"ENSMUSG00000053483.16",1358.86180289131,-0.614529859344365,0.067744918578988,-9.07123179471899,0.999999993648885,1,"Usp21"
"ENSMUSG00000053510.13",5855.12349056607,0.00188107198377297,0.063942470018673,0.0294181939362624,1,1,"Nrdc"
"ENSMUSG00000053536.8",3924.57940879667,0.0503976054500083,0.0428033294777103,1.17742255252019,1,1,"Cstf2t"
"ENSMUSG00000053552.15",355.772047210236,-0.761517058246597,0.123890945055655,-6.14667244571022,0.972881722024307,1,"Ebf4"
"ENSMUSG00000053553.12",309.09051770773,0.119116815907117,0.0653179151699652,1.82364693663539,1,1,"3110082I17Rik"
"ENSMUSG00000053560.6",793.123563492363,0.56060262750606,0.146936775462561,3.81526425730568,0.998606865022591,1,"Ier2"
"ENSMUSG00000053565.11",3702.59984157105,0.319205259210161,0.0716773657025961,4.45336203529868,1,1,"Eif3k"
"ENSMUSG00000053574.6",34.2012722432044,-0.471457784733753,0.105456078675653,-4.47065537287611,0.999999730615504,1,"4930563E22Rik"
"ENSMUSG00000053580.17",3046.62541139347,-0.264166519706418,0.139533570638891,-1.89321120714436,0.999999933085228,1,"Tanc2"
"ENSMUSG00000053581.14",745.293707355231,-0.0224306164307564,0.110574589114518,-0.202855073759541,1,1,"Zfand2a"
"ENSMUSG00000053600.9",287.907309452154,-0.108868129594065,0.071398617317754,-1.5247932478798,1,1,"Zfp472"
"ENSMUSG00000053604.6",395.033769915132,-0.188774652136816,0.0634514745822549,-2.97510268090143,1,1,"Rpia"
"ENSMUSG00000053617.13",3369.69463337417,0.213858379062286,0.119744272825947,1.78595914456082,0.999999999974013,1,"Sh3pxd2a"
"ENSMUSG00000053641.10",2076.41619659605,-0.175815710732901,0.0550640403527176,-3.19293153220682,1,1,"Dennd4a"
"ENSMUSG00000053644.14",1722.32202186356,0.162353909713446,0.0774020516531862,2.097540132927,1,1,"Aldh7a1"
"ENSMUSG00000053646.14",2466.86883838801,-0.62234283314976,0.0895256888496113,-6.95155592932879,0.999987699116765,1,"Plxnb1"
"ENSMUSG00000053647.5",278.309888731692,-0.938237435941288,0.15601797431508,-6.01364964556269,0.653898891503837,1,"Gper1"
"ENSMUSG00000053684.9",372.502772235131,0.12364433319437,0.0590787343439773,2.09287376527854,1,1,"Kics2"
"ENSMUSG00000053702.17",671.774905209328,-0.108790312751626,0.218301178368992,-0.498349635876631,0.999977910490023,1,"Nebl"
"ENSMUSG00000053714.11",70.4618291330894,-0.256506117834053,0.112911889724903,-2.27173700182506,0.999999999977214,1,"4732471J01Rik"
"ENSMUSG00000053730.16",272.696234184133,-0.219869493310326,0.0799372864385507,-2.75052485649915,1,1,"Tmem39b"
"ENSMUSG00000053740.9",39.0505360442997,0.1548342254894,0.11317835736272,1.36805506898442,0.999999999999959,1,"Gm6457"
"ENSMUSG00000053746.9",177.291070327329,0.620440529129962,0.0919349892152618,6.74868768056553,0.999981748194245,1,"Ptrh1"
"ENSMUSG00000053754.15",6458.41740227231,0.404497337750917,0.0474286391423729,8.5285461498628,1,1,"Chd8"
"ENSMUSG00000053768.14",3497.55074747231,0.367734689758908,0.0583552279318096,6.30165801406209,1,1,"Chchd3"
"ENSMUSG00000053769.6",461.244003416478,-0.143571399914052,0.068663254583431,-2.090949530212,1,1,"Lysmd1"
"ENSMUSG00000053774.10",3657.60173277857,0.0522400554570566,0.0651137933435154,0.802288620806625,1,1,"Ubxn7"
"ENSMUSG00000053799.9",905.960554956703,-0.0269315018594471,0.0550651806648929,-0.489084055191659,1,1,"Exoc6"
"ENSMUSG00000053801.19",841.057870326835,0.117005833004157,0.0684709819450155,1.70883825060544,1,1,"Grwd1"
"ENSMUSG00000053819.17",1488.10897623649,0.0519671984278232,0.183627641133933,0.283003136711426,0.999999883415528,1,"Camk2d"
"ENSMUSG00000053821.6",23.4620032440138,-0.0662124660362693,0.176393831371518,-0.375367242275121,0.999999940837754,1,"Gm9922"
"ENSMUSG00000053830.5",14.4830717245881,-0.0297760382677992,0.439959961977618,-0.0676789727273273,0.995907955481104,1,"Gm9923"
"ENSMUSG00000053838.15",3183.73666405574,-0.00813976923069999,0.0391447461654407,-0.207940273678062,1,1,"Nudcd3"
"ENSMUSG00000053841.16",3012.63345545585,-0.0675114076212174,0.0778306437914106,-0.867414225714885,1,1,"Txlna"
"ENSMUSG00000053870.8",1298.25438821392,0.186179370899071,0.0539119140214566,3.45339938821264,1,1,"Fpgt"
"ENSMUSG00000053877.14",5433.58760404648,-0.0634427720799447,0.106678467290743,-0.594710194954685,1,1,"Srcap"
"ENSMUSG00000053898.13",1538.80749129112,0.490479541185476,0.106909894200398,4.58778436602034,0.999999059876189,1,"Ech1"
"ENSMUSG00000053907.11",8460.23042260331,0.100075523404322,0.0851840801135076,1.17481486295293,1,1,"Mat2a"
"ENSMUSG00000053914.10",20.1749182701138,0.270675867199479,0.137651157161415,1.96639006007102,0.999999941573381,1,"Kdm4d"
"ENSMUSG00000053916.5",493.201860012261,-0.326707099666957,0.0556020259965766,-5.8758128649318,1,1,"Nanp"
"ENSMUSG00000053929.19",872.607612150622,-0.0224030385262323,0.0566696391144428,-0.395327001835851,1,1,"Zftraf1"
"ENSMUSG00000053931.12",16999.3959456335,0.377237682162203,0.0696482743651922,5.41632489247621,1,1,"Cnn3"
"ENSMUSG00000053950.11",1595.91708667143,0.00744408924264024,0.0340696315293602,0.218496323807469,1,1,"Adnp2"
"ENSMUSG00000053964.18",75.8209462456946,0.726579662101797,0.183036154951519,3.96959640183792,0.932386713168407,1,"Lgals4"
"ENSMUSG00000053965.11",487.822483498856,-0.303426944100583,0.12937751683984,-2.34528341177086,0.999999963582798,1,"Pde5a"
"ENSMUSG00000053985.11",222.822061076118,-0.319641053332852,0.0886835683889793,-3.60428723313048,0.999999999999992,1,"Zfp14"
"ENSMUSG00000054008.10",6583.84693207731,0.116802739821718,0.096359976591666,1.21214993976887,1,1,"Ndst1"
"ENSMUSG00000054013.7",219.866787291861,0.216838851885582,0.302323232533392,0.717241774866348,0.995236330533197,1,"Tmem179"
"ENSMUSG00000054021.7",148.296574155351,0.119520190117601,0.115747335447658,1.03259560710708,0.999999999999986,1,"Sirt5"
"ENSMUSG00000054027.9",3240.08138578243,0.738591944229344,0.0851630105918846,8.67268476180111,0.99892792117939,1,"Nt5dc3"
"ENSMUSG00000054051.8",1360.74534020229,0.464823024982494,0.0797322591881288,5.82979875041219,0.999999999990413,1,"Ercc6"
"ENSMUSG00000054057.4",159.164699760376,-0.2532830207759,0.10462320974015,-2.42090661723123,0.999999999999524,1,"A930004D18Rik"
"ENSMUSG00000054061.10",12.4171260950348,0.263353190656518,0.18627554095295,1.41378298680146,0.999961669943018,1,"Gm9934"
"ENSMUSG00000054074.11",238.600572525983,-0.228703765785687,0.101319533440027,-2.25725245686274,0.999999999999987,1,"Skida1"
"ENSMUSG00000054079.13",2063.46456460401,-0.0774298793932308,0.058676234368454,-1.31961227959883,1,1,"Utp18"
"ENSMUSG00000054091.10",1343.87441172888,-0.106187199333712,0.0752031591427243,-1.41200450279203,1,1,"1810037I17Rik"
"ENSMUSG00000054099.12",634.425826645098,0.0683755777361015,0.0406059529303619,1.68388063329935,1,1,"Slc25a40"
"ENSMUSG00000054115.13",2004.93613756766,-0.0289580325835541,0.094636934191856,-0.305990814588815,1,1,"Skp2"
"ENSMUSG00000054135.3",18.1554181941789,-0.502806526371855,0.135444456789343,-3.71227098022824,0.99987911759145,1,"A430110L20Rik"
"ENSMUSG00000054181.13",20.51433572818,0.337671778631434,0.167870650728123,2.01149978967029,0.999960177807174,1,"A930012O16Rik"
"ENSMUSG00000054199.19",1800.56704344477,-0.186659312904507,0.0686210402798573,-2.72014694244294,1,1,"Gon4l"
"ENSMUSG00000054206.3",15.7971538614538,-0.521144638197315,0.138857604143118,-3.75308677845387,0.999718182196244,1,"Gzmm"
"ENSMUSG00000054226.14",1384.703816975,0.147845977406503,0.0736847494207018,2.00646644751927,1,1,"Tprkb"
"ENSMUSG00000054237.7",635.309745225901,-0.233005279308059,0.047309590472326,-4.92511723271747,1,1,"Fra10ac1"
"ENSMUSG00000054247.9",12.0694413967983,-0.0633584421166668,0.174680201048572,-0.36271106706048,0.99999995942906,1,"Gm9939"
"ENSMUSG00000054252.19",2280.60398712274,0.196981799818969,0.196780887326241,1.00102099596896,0.999977557536269,1,"Fgfr3"
"ENSMUSG00000054256.12",1500.87329255729,-0.195865210077285,0.0583599233395784,-3.35615948186919,1,1,"Msi1"
"ENSMUSG00000054263.13",1752.93163992685,0.064876658298197,0.112183235281539,0.578309745973901,1,1,"Lifr"
"ENSMUSG00000054277.9",949.490570664007,0.217825248605189,0.0858271997182313,2.53795124762668,1,1,"Arfgap3"
"ENSMUSG00000054280.15",2317.24283230783,-0.189355974569932,0.17082656628764,-1.10846912564579,0.999998959637634,1,"Prr14l"
"ENSMUSG00000054302.17",1686.06717056007,-0.00189216816082313,0.0388322163768711,-0.0487267618839837,1,1,"Eapp"
"ENSMUSG00000054309.10",2756.36976109334,0.0666864911474906,0.060536092103165,1.10159887813446,1,1,"Cpsf3"
"ENSMUSG00000054312.7",1269.074706178,-0.335473543139279,0.0830647854080131,-4.03869752376338,0.999999999999999,1,"Mrps21"
"ENSMUSG00000054321.8",383.199581257468,0.696210882344217,0.0814677792002665,8.54584338960279,0.999903859614191,1,"Taf4b"
"ENSMUSG00000054364.6",3165.46771426777,-0.269876783152961,0.0720524972827679,-3.745557660463,1,1,"Rhob"
"ENSMUSG00000054381.6",167.051526937446,0.130931391725161,0.0720582309249772,1.81702201184316,1,1,"Zfp747"
"ENSMUSG00000054387.14",5500.43210866985,-0.380793773882237,0.0619756004461133,-6.14425307929579,1,1,"Mdm4"
"ENSMUSG00000054400.17",287.627876598465,0.111694191284104,0.0821528677145903,1.35958968191037,1,1,"Cklf"
"ENSMUSG00000054404.14",216.942527558874,-0.089235475730413,0.14106153393588,-0.632599641025987,0.999999999946432,1,"Slfn5"
"ENSMUSG00000054405.15",3598.78510039803,0.0139732952403884,0.047029091568586,0.297120245667728,1,1,"Dnajc8"
"ENSMUSG00000054408.10",3922.04074099164,0.0729478336097323,0.0622914890313807,1.17107224026999,1,1,"Spcs3"
"ENSMUSG00000054414.5",2148.42111951186,0.190730736660102,0.100031560814689,1.90670559478158,1,1,"Slc30a7"
"ENSMUSG00000054418.8",13.7240905288068,-1.01383143332779,0.255201328565365,-3.97267302261758,0.478388657539805,1,"2900041M22Rik"
"ENSMUSG00000054426.14",133.972715847574,0.524163933900915,0.097089748184503,5.39875675550036,0.999999523229976,1,"A930005H10Rik"
"ENSMUSG00000054428.13",3256.57368950248,-0.0571884211003387,0.0715953232284878,-0.798773139382705,1,1,"Atp5if1"
"ENSMUSG00000054434.15",260.391940039389,0.147149435447321,0.0628530897255823,2.34116470788911,1,1,"Tmem120b"
"ENSMUSG00000054452.11",13451.6883107224,0.2833396780424,0.0896387896553388,3.16090477271995,0.999999999999999,1,"Tle5"
"ENSMUSG00000054455.6",4177.16016630004,-0.238040200233693,0.0641220036100405,-3.71230134481356,1,1,"Vapb"
"ENSMUSG00000054469.15",2496.7623322332,0.153825199532879,0.0844910969799418,1.82060838397444,1,1,"Lclat1"
"ENSMUSG00000054474.16",396.962588728198,0.371957604397195,0.095340554810074,3.90135766608622,0.999999999977614,1,"Thnsl2"
"ENSMUSG00000054484.15",436.009271422958,-0.648676083043834,0.0884152174571179,-7.33670177713975,0.999964598098243,1,"Tmem62"
"ENSMUSG00000054499.10",181.319992171115,0.0390203202900037,0.0772339746668328,0.505222221934416,1,1,"Dedd2"
"ENSMUSG00000054509.8",960.996252565167,0.955974053046,0.12952696178502,7.38050240561238,0.633033304442368,1,"Parp4"
"ENSMUSG00000054514.6",35.4085137234729,-0.387050373194237,0.185728207854017,-2.08396116920732,0.999517007330877,1,"Atad3aos"
"ENSMUSG00000054517.10",222.116660473081,0.0229678349200393,0.0762590823592013,0.301181632528102,1,1,"Trim65"
"ENSMUSG00000054519.9",346.625335566691,-0.105132519665767,0.0520128062841244,-2.02128143387365,1,1,"Zfp867"
"ENSMUSG00000054520.16",59.6719006028734,-0.184416207480942,0.354327626856834,-0.520468045680941,0.989740988555155,1,"Sh3bp2"
"ENSMUSG00000054555.12",21547.0932494962,1.04393726955661,0.141619760891112,7.37140963229891,0.378186126660283,1,"Adam12"
"ENSMUSG00000054556.9",113.379040398562,-0.488697903285113,0.155484423865797,-3.14306662451874,0.999496289055859,1,"Gm4876"
"ENSMUSG00000054582.5",22.4265287107889,-0.923266741390321,0.273166754327977,-3.37986496073311,0.610607456747524,1,"Pabpc1l"
"ENSMUSG00000054604.8",6436.6118487534,0.0645603998815941,0.0695479933892546,0.928285587195228,1,1,"Cggbp1"
"ENSMUSG00000054611.18",5095.34827737167,0.120357524641923,0.0790749074092129,1.52206975114207,1,1,"Kdm2a"
"ENSMUSG00000054619.8",387.305100736449,0.168233053767373,0.0911001173648712,1.84668317268541,1,1,"Tmt1a"
"ENSMUSG00000054622.7",12.4055122247818,-0.473078803670858,0.267081159419636,-1.77129230941955,0.975745851476428,1,"D730045B01Rik"
"ENSMUSG00000054626.12",612.163220100624,0.100155823354229,0.18728076188795,0.534789704743684,0.999999227540769,1,"Xlr"
"ENSMUSG00000054648.9",1423.81315665546,0.0183623535315553,0.045739028036,0.401459198413721,1,1,"Zfp869"
"ENSMUSG00000054659.14",87.5922589707094,0.164895354567272,0.125745349865653,1.3113435585765,0.999999999984447,1,"Pm20d2"
"ENSMUSG00000054676.18",42.9995766799569,-0.137710290140899,0.381033046576567,-0.361412983409635,0.98959704299129,1,"1600014C10Rik"
"ENSMUSG00000054679.9",356.564775697352,-0.110452966492935,0.11504217618926,-0.960108458929232,0.999999999999995,1,"Srsf12"
"ENSMUSG00000054693.15",9636.24950025198,0.691853110882503,0.0742724928555883,9.3150651645382,0.99998329394844,1,"Adam10"
"ENSMUSG00000054708.18",339.907645920594,0.237135476985325,0.0792639108556814,2.99172062575976,1,1,"Ankrd24"
"ENSMUSG00000054715.12",566.177845401296,-0.239933917791394,0.0451758019979132,-5.31111584477188,1,1,"Zscan22"
"ENSMUSG00000054716.5",255.22473703444,-0.114675242398649,0.125876715720652,-0.911012348408725,0.999999999998991,1,"Zfp771"
"ENSMUSG00000054717.8",9873.12785104194,-0.045347884416946,0.120024522894996,-0.377821826099811,0.999999999999999,1,"Hmgb2"
"ENSMUSG00000054720.13",2659.16500146737,0.25395259794015,0.0991208733218624,2.56204964130534,0.999999999999974,1,"Lrrc8c"
"ENSMUSG00000054723.7",372.767613235039,-0.387607456753402,0.103197951584213,-3.75596076087906,0.999999998523178,1,"Vmac"
"ENSMUSG00000054733.10",1210.0535384336,1.06299392544458,0.116349066639329,9.13624798331868,0.294108429402076,1,"Msra"
"ENSMUSG00000054737.12",332.41185685647,-0.00012116094760789,0.0628041652540127,-0.00192918649770843,1,1,"Zfp182"
"ENSMUSG00000054752.18",809.971600091743,-0.677890133331202,0.0997375016659,-6.79674266959276,0.999380130913163,1,"Fsd1l"
"ENSMUSG00000054766.14",18661.0687387529,0.0618679390596291,0.0490810991510809,1.26052472600884,1,1,"Set"
"ENSMUSG00000054770.17",957.637080599401,0.0775396966979017,0.044524776646296,1.7414954669818,1,1,"Kctd18"
"ENSMUSG00000054792.16",466.214814450517,-0.107172957725561,0.0628527248714748,-1.70514417544689,1,1,"Klhl18"
"ENSMUSG00000054793.9",4836.11414968892,-0.486205341321709,0.110654786140871,-4.39389346162342,0.999998284906922,1,"Cadm4"
"ENSMUSG00000054808.16",7655.6896052678,0.461907614564479,0.0606915913679866,7.61073493301289,1,1,"Actn4"
"ENSMUSG00000054814.15",2676.84842810307,0.0180990411524241,0.0888353667640624,0.203736887815112,1,1,"Usp46"
"ENSMUSG00000054822.7",9.40125280358435,-1.05124952016438,0.183010741928579,-5.7441957181652,0.389725101909286,1,"1700041G16Rik"
"ENSMUSG00000054823.18",3300.52680339301,-0.0392379240358967,0.0445900635612922,-0.879970130160532,1,1,"Nsd3"
"ENSMUSG00000054836.13",505.15715806363,0.00598982931574214,0.0500331985845319,0.119717097551183,1,1,"Elp6"
"ENSMUSG00000054843.10",3407.96618875242,0.731418637916094,0.110905820112462,6.59495270107926,0.992276092453834,1,"Atrnl1"
"ENSMUSG00000054855.14",66.6785390589515,0.802621612253946,0.144779804360285,5.54374013558285,0.91360609652078,1,"Rnd1"
"ENSMUSG00000054863.10",2658.62360880806,-0.272616223938636,0.0577211717952456,-4.72298491973947,1,1,"Tafa5"
"ENSMUSG00000054871.6",304.019598530369,0.38820124493987,0.126860154873732,3.06007229240939,0.999999291588494,1,"Tmem158"
"ENSMUSG00000054874.13",2285.27276597494,0.0518805332016853,0.0478788609826823,1.08357910227752,1,1,"Pcnx3"
"ENSMUSG00000054889.11",13.1837462904751,0.542778519683179,0.231845217815963,2.3411245002001,0.975700787418846,1,"Dsp"
"ENSMUSG00000054893.16",303.130856073647,-0.447096200079481,0.0848882700067878,-5.26687845144837,0.999999999963244,1,"Zfp667"
"ENSMUSG00000054894.7",471.150718765485,-0.0315409168128674,0.0902085909343149,-0.349644268757438,1,1,"Dmac2l"
"ENSMUSG00000054910.7",10.1914006338972,-0.539926772353858,0.186659895556329,-2.89256977640878,0.993144889196674,1,"4931415C17Rik"
"ENSMUSG00000054920.13",3887.39705389622,-0.796353586281991,0.0827754799916884,-9.62064594928297,0.993057528515761,1,"Klhl5"
"ENSMUSG00000054931.10",132.660956418424,-0.607489524471861,0.0946958799474246,-6.41516320255053,0.999983006223802,1,"Zkscan4"
"ENSMUSG00000054932.7",12.1993404155025,0.946212356935679,0.34620786824775,2.73307583020776,0.561732149044861,1,"Afp"
"ENSMUSG00000054939.7",211.589598417095,-0.215391704633545,0.0880126958594492,-2.44727993535742,1,1,"Zfp174"
"ENSMUSG00000054942.14",122.363315404665,0.360688699484277,0.179381489129085,2.0107353397246,0.99981736023212,1,"Miga1"
"ENSMUSG00000054945.6",38.8689840292362,-0.641095194144661,0.120046547169772,-5.34038845147301,0.998603804757481,1,"Gm9958"
"ENSMUSG00000054951.4",26.5403375358851,-1.21487802709443,0.194745817365254,-6.23827532488605,0.13493177218733,1,"9130008F23Rik"
"ENSMUSG00000054966.14",11.5439445410754,-0.966643040700238,0.281153776275837,-3.43812931664796,0.547220946411154,1,"Lmntd1"
"ENSMUSG00000054967.8",291.965931581492,-0.308340247024456,0.0589923751958551,-5.22678135946831,1,1,"Zfp647"
"ENSMUSG00000054999.3",31.5239645449361,-0.354327545080136,0.139386302170835,-2.54205427335222,0.999998191451133,1,"Naaladl1"
"ENSMUSG00000055013.17",7680.169834199,-0.59587599575044,0.0860039097085973,-6.92847566778553,0.999998692184936,1,"Agap1"
"ENSMUSG00000055024.13",4694.77842232049,-0.218336920480832,0.0969172966218026,-2.25281686645513,1,1,"Ep300"
"ENSMUSG00000055027.18",14.9831683140164,-1.06982442812443,0.196995866184435,-5.43069481022927,0.361502273492856,1,"Smyd1"
"ENSMUSG00000055041.9",362.604602586169,5.17508064561462e-05,0.0564335879864098,0.000917021375082667,1,1,"Commd5"
"ENSMUSG00000055044.13",303.893244718983,-0.627922082860113,0.13365076274652,-4.69823044744623,0.997314988679473,1,"Pdlim1"
"ENSMUSG00000055053.19",6278.17945735778,0.673412111136737,0.0908371769064783,7.4133976205585,0.999837997773328,1,"Nfic"
"ENSMUSG00000055065.8",16253.7645516272,-0.0399257584000492,0.0496650506320985,-0.803900487201863,1,1,"Ddx17"
"ENSMUSG00000055067.16",584.401672980578,-0.231661694872849,0.0641663929382224,-3.61032752917693,1,1,"Smyd3"
"ENSMUSG00000055069.4",57.2730267677525,-1.13279288610902,0.250524022797909,-4.52169366217949,0.298034996038589,1,"Rab39"
"ENSMUSG00000055116.9",407.185897467987,0.498260521649735,0.121460297287657,4.10225014079864,0.999981932153309,1,"Bmal1"
"ENSMUSG00000055128.16",537.339179906044,0.872088103654164,0.0617705448033805,14.1181870166448,0.98080932671173,1,"Cgrrf1"
"ENSMUSG00000055137.8",20.8488137008532,0.76601068307718,0.222906014719743,3.43647381628655,0.85307699543203,1,"Sugct"
"ENSMUSG00000055148.8",127.302657424454,0.333173422883866,0.168651140109277,1.97551835503743,0.999961553204967,1,"Klf2"
"ENSMUSG00000055150.16",74.8450009923596,-0.791714347387593,0.135822617162851,-5.8290317468874,0.937425159511161,1,"Zfp78"
"ENSMUSG00000055172.11",164.136624340491,-0.265695168333498,0.192224051700116,-1.38221604416081,0.999933286786351,1,"C1ra"
"ENSMUSG00000055184.5",337.713479405916,-0.771231502658529,0.113812094430483,-6.77635805331392,0.977787282433073,1,"Fam72a"
"ENSMUSG00000055188.14",15.6388241516328,-0.0403568036333126,0.135145405917225,-0.298617650814047,0.999999999999387,1,"Rbm3os"
"ENSMUSG00000055194.4",8.52651138496439,-0.48210075705502,0.256825772107624,-1.87715100824458,0.978128193420529,1,"Actbl2"
"ENSMUSG00000055200.8",445.258424017802,-0.141815550654508,0.0799250939570491,-1.77435575778889,1,1,"Sertad3"
"ENSMUSG00000055202.12",51.2484171875617,-1.04726200440252,0.255782727482758,-4.09434215792822,0.426703140545551,1,"Zfp811"
"ENSMUSG00000055204.17",8835.29896702268,0.299004067683794,0.0747775385645291,3.99858130427453,1,1,"Ankrd17"
"ENSMUSG00000055210.5",129.600733357107,-0.107862552687486,0.0787333801617117,-1.36997233531629,1,1,"Foxd2"
"ENSMUSG00000055228.9",90.2624136256371,-0.624733047159275,0.510902299039791,-1.2228033585549,0.769419522091834,1,"Gm49359"
"ENSMUSG00000055239.11",2999.43770564044,0.175829242544277,0.0588202225660476,2.98926516891097,1,1,"Kcmf1"
"ENSMUSG00000055240.18",503.397226152104,-0.162746917965612,0.0639843333842736,-2.54354322937452,1,1,"Zfp101"
"ENSMUSG00000055254.16",13915.6647734104,-0.55173838133444,0.115280461727527,-4.78605284075378,0.999949555527403,1,"Ntrk2"
"ENSMUSG00000055296.15",4703.13790200558,0.435912857249085,0.0992082561005247,4.39391714342189,0.999999993493309,1,"Tmem245"
"ENSMUSG00000055302.6",16154.3866513246,0.102244379029583,0.0380490433841112,2.68717344605512,1,1,"Mrfap1"
"ENSMUSG00000055305.16",271.40097276735,0.0685513236523234,0.0773899368164659,0.885791182578379,1,1,"Zfp93"
"ENSMUSG00000055319.9",2468.13408466111,-0.0561015771346813,0.0645071221414593,-0.869695861050114,1,1,"Sec23ip"
"ENSMUSG00000055320.19",9352.96131931354,0.784093310779329,0.107476356172007,7.2954958532875,0.977724865390085,1,"Tead1"
"ENSMUSG00000055322.17",1697.94851139355,-0.533305479210031,0.152296962643547,-3.50174730968364,0.998909361880742,1,"Tns1"
"ENSMUSG00000055323.8",11.0208713413004,0.021501350932351,0.258089943378721,0.0833095263258667,0.999962873632992,1,"Gm9967"
"ENSMUSG00000055334.5",510.659407764092,0.0582392298107105,0.0425358940952893,1.36917845620554,1,1,"Snupn"
"ENSMUSG00000055341.11",12.9981158198994,-0.19486838661339,0.15556105019757,-1.25268109443783,0.999999886448642,1,"Zfp457"
"ENSMUSG00000055371.18",2173.65657354221,0.0990346069843984,0.0633644524087412,1.56293636604893,1,1,"Stam2"
"ENSMUSG00000055373.9",2986.96463698571,-0.737593123882401,0.128140816528712,-5.75611381184803,0.979710242669037,1,"Fut9"
"ENSMUSG00000055401.15",512.892050951407,0.349800787681329,0.0718551272524471,4.86813956159846,1,1,"Fbxo6"
"ENSMUSG00000055407.15",1036.6338850268,-0.367526359412443,0.124012567257783,-2.96362189364626,0.999999830242323,1,"Map6"
"ENSMUSG00000055415.9",18.8071797503221,-1.47550499480147,0.378937506417928,-3.89379507124889,0.104768877443465,1,"Atp10b"
"ENSMUSG00000055421.9",2363.21129669496,0.402328780225219,0.157406342537621,2.55598836577414,0.999926769861813,1,"Pcdh9"
"ENSMUSG00000055430.5",3863.90108526426,-0.282797107334726,0.102962583802886,-2.74660072513447,0.999999999998366,1,"Nap1l5"
"ENSMUSG00000055436.19",6200.80504011012,0.0988473623419306,0.0793608428657791,1.24554325247161,1,1,"Srsf11"
"ENSMUSG00000055447.20",6451.79518328182,0.407852599596917,0.0804144509623987,5.0718819156973,0.999999999999911,1,"Cd47"
"ENSMUSG00000055452.7",72.9584490285832,-0.0449992977225397,0.122922741183256,-0.366077889976875,0.999999999999996,1,"Gm7353"
"ENSMUSG00000055480.8",262.690462060758,-0.462517666623124,0.0912071093524362,-5.07107033549212,0.999999998103622,1,"Zfp458"
"ENSMUSG00000055485.7",4497.60371045691,-0.482342553814016,0.103940401160565,-4.64056852223327,0.999999682619477,1,"Mtcl2"
"ENSMUSG00000055491.15",2063.80346424098,0.242607097551819,0.0817590635845448,2.96734193024295,1,1,"Pprc1"
"ENSMUSG00000055493.5",819.500396916682,0.484897739328217,0.102788193643981,4.71744586744776,0.999999729679304,1,"Epm2a"
"ENSMUSG00000055494.6",20.3447017558768,-0.858583196329102,0.144984288002068,-5.92190511234471,0.8353175690192,1,"Gm14168"
"ENSMUSG00000055531.13",6013.30893223317,0.0458872618405725,0.0844911605331172,0.543101332151622,1,1,"Cpsf6"
"ENSMUSG00000055538.8",14351.7420031278,0.459523139467072,0.0581345041091908,7.90448196829847,1,1,"Zcchc24"
"ENSMUSG00000055541.20",141.413968198293,-0.540741370482095,0.269344799851967,-2.00761763649897,0.955911706014745,1,"Lair1"
"ENSMUSG00000055553.18",1452.60021268614,0.59380330732772,0.0698328851185028,8.50320456214957,0.9999999969989,1,"Kxd1"
"ENSMUSG00000055555.3",9.07501838731029,-0.433002731926777,0.215163814403278,-2.0124328671512,0.995795474907578,1,"Ct55"
"ENSMUSG00000055560.9",19.3682178959307,-0.996998420835987,0.247377298647353,-4.03027450896879,0.50484049046217,1,"Zfp459"
"ENSMUSG00000055612.16",2072.79590249337,0.0323785826647531,0.084599425787111,0.382728161137072,1,1,"Cdca7"
"ENSMUSG00000055629.6",518.75698670686,-0.910358246360279,0.14797772427645,-6.15199517908224,0.727669142625773,1,"B4galnt4"
"ENSMUSG00000055632.19",28.8836341579087,0.903043818157247,0.223581865092824,4.03898508397509,0.667728537247024,1,"Hmcn2"
"ENSMUSG00000055633.7",579.221008191554,-0.066726091256968,0.0642198657735145,-1.03902570416905,1,1,"Zfp580"
"ENSMUSG00000055652.15",662.952704898515,-0.161305232536072,0.0695857309544574,-2.31807915679787,1,1,"Klhl25"
"ENSMUSG00000055660.10",1476.23829362705,-0.271107523464961,0.0800794661412315,-3.38548115426774,1,1,"Mettl4"
"ENSMUSG00000055670.15",1898.65596754198,0.0317163474450449,0.0570195594289018,0.556236276862017,1,1,"Zzef1"
"ENSMUSG00000055675.7",4721.13767859609,0.400461616903503,0.139634261481526,2.86793235882502,0.999991211384322,1,"Kbtbd11"
"ENSMUSG00000055676.6",15.8229727772964,0.19762489988447,0.458756161094349,0.430784186991717,0.964375772876846,1,"Gm5069"
"ENSMUSG00000055681.15",2471.88944714512,0.297433562856236,0.0741632585763461,4.01052446407877,1,1,"Cope"
"ENSMUSG00000055692.22",323.124432223934,0.18778908276657,0.0848854430791084,2.21226485902372,1,1,"Tmem191"
"ENSMUSG00000055707.14",570.756610829779,0.12426600534472,0.072514887391231,1.7136619777713,1,1,"Klhl26"
"ENSMUSG00000055717.14",1747.56260022134,0.782000528408322,0.089845400468872,8.70384598796747,0.992374944540029,1,"Slain1"
"ENSMUSG00000055720.11",861.406926197958,-0.309261285292093,0.0500769403620734,-6.17572245940003,1,1,"Ubl7"
"ENSMUSG00000055723.7",546.461904184709,-0.163923092219599,0.0571395136047401,-2.86882197411635,1,1,"Rras2"
"ENSMUSG00000055725.12",208.019579280685,-0.217093691246881,0.112684512247531,-1.92656192867036,0.999999999998144,1,"Paqr3"
"ENSMUSG00000055760.13",345.619873696203,-0.0529307290829481,0.0836999220114176,-0.632386838732391,1,1,"Gemin6"
"ENSMUSG00000055762.18",5711.96862727235,0.291883864327973,0.0690522555195476,4.22699971393903,1,1,"Eef1d"
"ENSMUSG00000055782.10",152.631721082589,-0.048224549994797,0.256346913782195,-0.188122217986876,0.999919181184996,1,"Abcd2"
"ENSMUSG00000055799.14",1517.27020082466,0.0789737077598104,0.10145430566906,0.778416521989909,1,1,"Tcf7l1"
"ENSMUSG00000055805.16",366.966354384506,-0.47937042376407,0.113378122927954,-4.22806809095512,0.99999780465164,1,"Fmnl1"
"ENSMUSG00000055809.8",19.1580652158528,0.336002702003362,0.241331778704983,1.39228535838254,0.997032847718532,1,"Dnaaf3"
"ENSMUSG00000055817.19",1199.54822897743,0.451550139160755,0.0511823586892622,8.82237846642045,1,1,"Mta3"
"ENSMUSG00000055818.4",36.5461810792664,-0.360276066933277,0.120144234711376,-2.99869625703451,0.999999949421412,1,"A230083G16Rik"
"ENSMUSG00000055833.16",16.0011414735504,-0.625545210157375,0.263979883828679,-2.36966999562493,0.921977207818409,1,"1700034H15Rik"
"ENSMUSG00000055835.11",480.377087365296,-0.00679408600350111,0.046206423992879,-0.147037693385408,1,1,"Zfp1"
"ENSMUSG00000055839.7",3269.11863527692,0.078025843551177,0.0668084572036558,1.16790368790177,1,1,"Elob"
"ENSMUSG00000055850.13",1714.09758383852,0.0294238963164208,0.0746764361521557,0.394018486051861,1,1,"Rnf181"
"ENSMUSG00000055862.8",118.814733714614,0.309866269081751,0.12137868728757,2.55288861666148,0.999999993489535,1,"Izumo4"
"ENSMUSG00000055866.10",666.939952140622,-0.094551110685583,0.0975676443615992,-0.969082643167682,1,1,"Per2"
"ENSMUSG00000055884.9",976.130396240031,-0.248264774515491,0.101891741888052,-2.43655442448181,0.99999999999992,1,"Fancm"
"ENSMUSG00000055900.16",328.667861516827,-0.152911688480973,0.0522618741396817,-2.92587456914159,1,1,"Tmem69"
"ENSMUSG00000055912.9",273.505674389502,0.198774625143434,0.0880296741401215,2.25804113311875,1,1,"Tmem150a"
"ENSMUSG00000055917.16",1014.23399108176,0.211513622744135,0.053888066114864,3.92505498885945,1,1,"Zfp277"
"ENSMUSG00000055923.17",460.661152794302,0.381105299278037,0.0868768723783071,4.38672904358833,0.999999999999475,1,"Aasdh"
"ENSMUSG00000055932.16",5598.08274143208,0.0650595908254703,0.0500740029342124,1.29926882240563,1,1,"Fto"
"ENSMUSG00000055943.6",2919.37996846593,0.275478280861364,0.0431018654737981,6.39133081209279,1,1,"Emc7"
"ENSMUSG00000055945.9",650.251232271772,-0.894292924425761,0.144543616320869,-6.18701086349285,0.767706954470622,1,"Prr18"
"ENSMUSG00000055963.13",268.982999274781,-0.273626866986766,0.104647150012054,-2.61475699008763,0.999999999998056,1,"Triqk"
"ENSMUSG00000055976.7",14.2449547916797,-0.326291797147735,0.286332799358535,-1.13955438524235,0.990687618404575,1,"Cldn23"
"ENSMUSG00000055980.3",2490.56981896544,-0.176365794665902,0.0989585572630422,-1.78221873422329,1,1,"Irs1"
"ENSMUSG00000055991.16",673.601544180795,-0.149355232348725,0.0605245122324548,-2.46768171836066,1,1,"Zkscan5"
"ENSMUSG00000056004.17",1596.74474256734,0.104537819936175,0.0895782797495071,1.16699963683719,1,1,"Elapor2"
"ENSMUSG00000056014.17",548.251128838058,-0.281274354804177,0.0793604984416264,-3.54426144401132,1,1,"A430033K04Rik"
"ENSMUSG00000056043.6",47.6434413666701,0.857337711941068,0.12771810237578,6.71273449881488,0.868004791999094,1,"Rgs9bp"
"ENSMUSG00000056050.16",8725.85897715991,-0.364463901319145,0.0652689534834491,-5.58403163935463,1,1,"Mia3"
"ENSMUSG00000056055.15",20.0919171654651,-0.251941988649659,0.148473723589108,-1.69687930334995,0.999999765181115,1,"Sag"
"ENSMUSG00000056069.11",169.894613408625,-1.13762772647849,0.191970599130657,-5.9260518622657,0.236711465818888,1,"Otulinl"
"ENSMUSG00000056076.14",7880.18025874084,-0.0499716725148996,0.055152641268755,-0.90606127585787,1,1,"Eif3b"
"ENSMUSG00000056116.19",1713.58669452786,-0.462497315389635,0.119884790549221,-3.85784813295186,0.999996328458757,1,"H2-T22"
"ENSMUSG00000056121.17",1042.53956828754,-0.0172408405302768,0.0389069755025519,-0.443129806611309,1,1,"Fez2"
"ENSMUSG00000056124.6",4070.62375510093,0.426320356249969,0.0622401364221395,6.84960510623691,1,1,"B4galt6"
"ENSMUSG00000056130.11",18.8468196155759,-0.446986860712241,0.323408932377192,-1.38211043655071,0.956366285851388,1,"Ticam2"
"ENSMUSG00000056131.14",951.975028835164,0.239496603833689,0.0548348259129683,4.36760033147198,1,1,"Pgm3"
"ENSMUSG00000056144.15",149.139889981367,-0.611460510274687,0.240436591545724,-2.54312584596095,0.946950126698909,1,"Trim34a"
"ENSMUSG00000056148.9",35.3686063754165,0.964127979093025,0.302623307306753,3.18590127004243,0.547178860214644,1,"Rdh9"
"ENSMUSG00000056153.16",1912.73242976132,-0.0953295555516189,0.0768274741882625,-1.24082636529242,1,1,"Socs6"
"ENSMUSG00000056155.7",8.90960250235172,0.0640527784185927,0.210944201619292,0.303647969116468,0.99999566537609,1,"Nanos3"
"ENSMUSG00000056167.9",1954.31731546389,0.0996601543916871,0.0614062632889687,1.62296399510098,1,1,"Cnot10"
"ENSMUSG00000056174.9",14.5679364898789,0.832956004728596,0.300720417090074,2.76986848046005,0.710716600445949,1,"Col8a2"
"ENSMUSG00000056185.6",289.597639667655,0.289227212567935,0.105168008705538,2.7501444225092,0.999999999993026,1,"Snx32"
"ENSMUSG00000056201.10",40437.090720025,0.164112836183648,0.0477763308950333,3.43502385196157,1,1,"Cfl1"
"ENSMUSG00000056204.9",762.756133175197,0.189508265391,0.119827436703056,1.58150979946787,0.99999999999328,1,"Pgpep1"
"ENSMUSG00000056209.8",1596.10222348484,0.373439098486104,0.0934911368047426,3.99437969468738,0.999999999989708,1,"Npm3"
"ENSMUSG00000056211.14",6199.52188930819,-0.435898299909642,0.0474643945266857,-9.18369030631094,1,1,"R3hdm1"
"ENSMUSG00000056214.10",933.818431667056,-0.271829014755959,0.054705713490379,-4.96893281181253,1,1,"Pard6g"
"ENSMUSG00000056215.15",71.389159670873,0.445757160075179,0.118246354252512,3.76973279973838,0.999998615074455,1,"Lrguk"
"ENSMUSG00000056216.10",2669.72550487295,0.310966618793824,0.065720040024627,4.73168638785517,1,1,"Cebpg"
"ENSMUSG00000056220.15",1086.30514326746,0.97789794466826,0.192217598175085,5.08745273040778,0.545771318624419,1,"Pla2g4a"
"ENSMUSG00000056228.11",469.015030782341,-0.135199684871823,0.0550750553263549,-2.45482612901029,1,1,"Cars2"
"ENSMUSG00000056234.16",7364.4698461341,0.485278023126359,0.0708053432877607,6.85369211690896,0.99999999999982,1,"Ncoa4"
"ENSMUSG00000056260.16",1149.76452272516,-0.607728436921515,0.0712415815547026,-8.53052983467069,0.999999981668607,1,"Lrif1"
"ENSMUSG00000056267.15",641.507396172228,0.221270007406281,0.0503288728083167,4.39648247734482,1,1,"Cep70"
"ENSMUSG00000056268.16",1931.43412445104,-0.491128709482341,0.0794449975894126,-6.18199665661255,0.999999999924977,1,"Dennd1b"
"ENSMUSG00000056305.5",1651.97306414584,-0.104175877808388,0.0716559384217809,-1.45383453350633,1,1,"Usp39"
"ENSMUSG00000056306.7",552.881919232428,-0.330924993357101,0.164086536805501,-2.01677114892955,0.999977245982021,1,"Sertm1"
"ENSMUSG00000056310.15",1006.59037466118,0.0457476743012074,0.0449492715499493,1.01776230679002,1,1,"Tyw1"
"ENSMUSG00000056342.17",7311.76919785587,-0.0252136128061475,0.0427365373138092,-0.589977906282087,1,1,"Usp34"
"ENSMUSG00000056359.9",56.2451653546253,0.754339604523335,0.266791006889229,2.82745514295591,0.821421825164072,1,"D830013O20Rik"
"ENSMUSG00000056367.15",494.941579505712,-0.388761601988691,0.0862703966577104,-4.5063152257333,0.999999999999306,1,"Actr3b"
"ENSMUSG00000056383.11",689.923187585318,-0.0959670226146404,0.0499898721750759,-1.91972930593905,1,1,"AI987944"
"ENSMUSG00000056394.21",3648.83570955745,-0.100577828259571,0.101744787266591,-0.988530527819943,1,1,"Lig1"
"ENSMUSG00000056412.7",11.6969523361285,-0.340809334035569,0.380454903931247,-0.895794299177064,0.958632354838745,1,"Psenen-ps"
"ENSMUSG00000056413.17",239.574036406449,-1.1098515411645,0.167837521222025,-6.61265450707127,0.256391249712779,1,"Adap1"
"ENSMUSG00000056418.6",63.90596323881,-0.133805016983683,0.151392005144715,-0.883831460292635,0.999999994721806,1,"BC043934"
"ENSMUSG00000056429.5",6339.83729558758,0.365922734365533,0.0738479197747903,4.95508520052381,1,1,"Tgoln1"
"ENSMUSG00000056458.17",66.3989292104694,0.340541858144493,0.107054840249167,3.18100384206723,0.999999999636282,1,"Mok"
"ENSMUSG00000056459.15",439.197478456831,0.128118236114168,0.0574543691385084,2.22991285145446,1,1,"Zbtb25"
"ENSMUSG00000056476.14",1238.7345223081,-0.257122287387827,0.0988391733840421,-2.6014208596097,0.999999999999972,1,"Med12l"
"ENSMUSG00000056481.8",651.692023164553,0.664172869762122,0.18036778541273,3.68232535672773,0.968691543480357,1,"Cd248"
"ENSMUSG00000056486.19",2087.32295120359,0.45591925140732,0.127407396042948,3.57843630407164,0.999990243935449,1,"Chn1"
"ENSMUSG00000056493.10",1629.86286096259,0.0792343879995316,0.0737114674400802,1.0749262055316,1,1,"Foxk1"
"ENSMUSG00000056498.14",15.3910145158103,1.29537523050571,0.385315551630491,3.36185556234165,0.221665609516931,1,"Tmem154"
"ENSMUSG00000056501.4",933.188384200939,0.924118587424409,0.186942231680029,4.94333773123097,0.657595028268259,1,"Cebpb"
"ENSMUSG00000056515.10",14750.8069844763,0.541830633636017,0.0770987808620542,7.02774580321141,0.999999998597557,1,"Rab31"
"ENSMUSG00000056529.8",27.5088292647934,-0.990051660606503,0.287178225719994,-3.44751646168268,0.513817271639591,1,"Ptafr"
"ENSMUSG00000056531.12",384.720939013316,0.0147819477402851,0.104420783689461,0.141561356063419,1,1,"Ccdc18"
"ENSMUSG00000056536.15",2787.64628493268,-0.189579222568067,0.0873992174302731,-2.16911807842344,1,1,"Pign"
"ENSMUSG00000056537.12",6012.58627459554,0.131142013348251,0.0510546903909445,2.56865749932178,1,1,"Rlim"
"ENSMUSG00000056569.12",9.08311594893664,0.0966890383515119,0.202591761783276,0.477260464593548,0.999995909456561,1,"Mpz"
"ENSMUSG00000056579.19",8051.22032123388,-0.303687070779713,0.08774380368097,-3.46106571677582,0.999999999999999,1,"Tug1"
"ENSMUSG00000056592.15",233.390699519829,-0.360302450468358,0.0877955917761939,-4.10387860232016,0.999999999999841,1,"Zfp175"
"ENSMUSG00000056596.9",157.238028726496,-0.492957052988709,0.230854939078726,-2.13535415337422,0.985967277571433,1,"Trnp1"
"ENSMUSG00000056598.18",63.9393498654929,0.0896943538391355,0.114149533073363,0.785761898662257,0.999999999999999,1,"Drc3"
"ENSMUSG00000056608.15",3456.28093505646,0.154610981305281,0.2056816099014,0.751700559808916,0.999980242609365,1,"Chd9"
"ENSMUSG00000056612.8",6867.22350343249,-0.296008141935335,0.0911373206308742,-3.24793553163837,0.999999999999994,1,"Ppp1r14b"
"ENSMUSG00000056629.18",831.061011233129,0.174240924850486,0.0589867221626733,2.95390078414537,1,1,"Fkbp2"
"ENSMUSG00000056656.7",21.7070294544123,0.197260050445403,0.307629686278923,0.641225665934432,0.995515152073255,1,"Apol8"
"ENSMUSG00000056665.3",203.227405143933,0.529612311681403,0.121146333342288,4.37167429727345,0.999948370987485,1,"Them6"
"ENSMUSG00000056666.14",652.541018258524,0.847491052629797,0.129193183147115,6.55987438334686,0.881093748374478,1,"Retsat"
"ENSMUSG00000056679.14",497.52762615067,-0.332132628278479,0.0648720422803098,-5.11981150282498,1,1,"Gpr173"
"ENSMUSG00000056687.12",49.6867263420366,0.192792172156736,0.129792470780975,1.48538795044647,0.999999999750183,1,"Gm11696"
"ENSMUSG00000056692.14",2822.31442935121,-0.446385702637369,0.0673191374801254,-6.63088862018108,1,1,"Ilrun"
"ENSMUSG00000056698.12",556.713277942504,0.00441641641098284,0.0689125180331023,0.0640872883045922,1,1,"Elmod3"
"ENSMUSG00000056708.6",2615.34028471549,-0.246030566356255,0.108052739922328,-2.27694889119064,0.999999999998501,1,"Ier5"
"ENSMUSG00000056718.3",10.7474270672412,-0.0302723796703953,0.18871094885496,-0.160416657613555,0.999999885542315,1,"Gm13199"
"ENSMUSG00000056724.16",255.598578036674,-0.0974814501751073,0.108952262646922,-0.894717078900986,1,1,"Nbeal2"
"ENSMUSG00000056735.8",547.423472752537,0.232537630104427,0.0959322297021679,2.42397816486039,0.999999999999999,1,"A930024E05Rik"
"ENSMUSG00000056737.15",257.06958758538,0.465191443587641,0.317606487110567,1.46467865886409,0.953898743202369,1,"Capg"
"ENSMUSG00000056749.8",504.553016534977,0.393402691926163,0.138628238814966,2.83782507293667,0.999993948175085,1,"Nfil3"
"ENSMUSG00000056753.5",31.3708716353392,-0.537216678362158,0.112160853262685,-4.78969856892917,0.999981549100248,1,"C330011M18Rik"
"ENSMUSG00000056763.17",1490.24821305,0.0746473935903331,0.0646764395098426,1.15416671288736,1,1,"Cspp1"
"ENSMUSG00000056770.16",3425.874642636,0.145332699663688,0.0387867279799287,3.74696983305461,1,1,"Setd3"
"ENSMUSG00000056771.10",236.626950293613,0.0596812333892078,0.122259853293589,0.488150703452034,0.999999999999993,1,"Gm10010"
"ENSMUSG00000056820.8",2385.98628545077,0.0892824096146373,0.0529702492505335,1.68551990745518,1,1,"Tsnax"
"ENSMUSG00000056832.15",236.580806771495,-0.269926274157313,0.080470305190523,-3.35435877269547,1,1,"Ift56"
"ENSMUSG00000056851.16",17290.1244617568,0.0836747862794415,0.0445017986935867,1.88025627583229,1,1,"Pcbp2"
"ENSMUSG00000056854.5",432.803344747314,0.095625330670569,0.219209423461359,0.436228192933619,0.999981802618288,1,"Pou3f4"
"ENSMUSG00000056856.15",133.277465563827,0.329896980231801,0.21465264779535,1.53688754189664,0.999101260723675,1,"Jakmip3"
"ENSMUSG00000056888.12",728.495735711518,-0.614678415896978,0.262642617051504,-2.34036053553503,0.92882484872108,1,"Glipr1"
"ENSMUSG00000056899.11",162.278781618686,0.0970702201654314,0.15258298025825,0.636179867512994,0.999999998367266,1,"Immp2l"
"ENSMUSG00000056900.14",666.658097650916,-0.336347770680289,0.0805558870227384,-4.17533445551098,1,1,"Usp13"
"ENSMUSG00000056904.4",26.4569496833733,-0.258748728176246,0.174707680613598,-1.48103808182608,0.999988963021971,1,"Gm5620"
"ENSMUSG00000056919.10",783.808645104916,-0.222022391946491,0.08843479311318,-2.51057738849848,1,1,"Cep162"
"ENSMUSG00000056941.18",838.197608744515,-0.546248223972991,0.0466814416397776,-11.7016142772148,1,1,"Commd7"
"ENSMUSG00000056952.14",1080.86848858732,-0.111051232853104,0.0698875766191837,-1.5889981914557,1,1,"Tatdn2"
"ENSMUSG00000056962.12",3064.58932007973,0.0657046198003247,0.112411129415886,0.584502799160022,1,1,"Jmjd6"
"ENSMUSG00000056966.8",3183.37400313204,-1.15104026273529,0.240437864250893,-4.78726704016219,0.264940283971662,1,"Gjc3"
"ENSMUSG00000056999.17",5141.66484802136,0.028886750067679,0.0695958127485087,0.415064483434717,1,1,"Ide"
"ENSMUSG00000057036.8",10919.7192833829,0.53009085232462,0.10541853808591,5.02844055656159,0.99999585505107,1,"Gm7536"
"ENSMUSG00000057054.12",69.727519489604,0.888697687804564,0.159335707546849,5.57751744092431,0.757580120274868,1,"Inca1"
"ENSMUSG00000057069.8",621.535632612179,0.0976545786415323,0.0786175959052562,1.242146589667,1,1,"Ero1b"
"ENSMUSG00000057093.15",334.277256999975,-0.206809245942423,0.101504699976881,-2.0374351728494,0.999999999999997,1,"Zfp607b"
"ENSMUSG00000057101.9",990.601503885655,-0.0599799612126441,0.0554275588257438,-1.08213247134359,1,1,"Zfp180"
"ENSMUSG00000057103.12",201.784856921518,0.0554862203138274,0.197142095214616,0.2814529299459,0.999999213395852,1,"Nat8f1"
"ENSMUSG00000057110.16",1253.21701542176,-0.0382664892449991,0.0900067821742517,-0.42515117550715,1,1,"Cntrl"
"ENSMUSG00000057113.14",30672.4180841597,0.442650433129381,0.0756490541750582,5.85136771313824,0.999999999999913,1,"Npm1"
"ENSMUSG00000057123.15",18.3831949781273,-0.353584785189032,0.240737350876146,-1.46875748155484,0.996375115560798,1,"Gja5"
"ENSMUSG00000057130.13",1176.79444965223,0.143579979066792,0.0457116855975709,3.14099069395117,1,1,"Txnl4a"
"ENSMUSG00000057132.17",29.8492093800092,-0.0345867907588833,0.21832423108348,-0.158419386557502,0.99999618384598,1,"Rpgrip1"
"ENSMUSG00000057133.15",4156.96650164312,-0.294880205048282,0.0712414895103595,-4.13916394891495,1,1,"Chd6"
"ENSMUSG00000057134.8",3491.09413517219,0.139446093971329,0.0484899878155135,2.87577086020046,1,1,"Ado"
"ENSMUSG00000057137.10",167.193019835693,-0.27596236446914,0.300482766389558,-0.918396644789177,0.992025442806355,1,"Tmem140"
"ENSMUSG00000057143.16",171.476154579132,-0.846018223619217,0.261308353105923,-3.23762410792998,0.722160690992675,1,"Trim12c"
"ENSMUSG00000057147.14",835.038824461968,0.0324217473766991,0.0630231543421811,0.514441838322893,1,1,"Dph6"
"ENSMUSG00000057156.11",472.399373063198,0.617712067892184,0.0609189261128434,10.1399040874089,0.999999999825582,1,"Homez"
"ENSMUSG00000057173.9",11.0426160505641,0.850329177424717,0.329095950732637,2.58383360698211,0.675371240727673,1,"Rfx8"
"ENSMUSG00000057176.5",131.726431156337,0.114251797774245,0.0972150686855486,1.17524782237004,1,1,"Cfap119"
"ENSMUSG00000057177.13",3342.54350935446,0.0512413312046004,0.0436538272741078,1.1738107378959,1,1,"Gsk3a"
"ENSMUSG00000057181.17",1844.76109829622,-0.230738956686003,0.0541552340589794,-4.26069540083069,1,1,"5730455P16Rik"
"ENSMUSG00000057191.15",30.7874003230657,0.545441442047704,0.20411430964188,2.67223519509576,0.987025706655101,1,"AB124611"
"ENSMUSG00000057193.9",2443.80260735433,0.0365199894253648,0.0524714159807234,0.69599778741975,1,1,"Slc44a2"
"ENSMUSG00000057219.12",211.535040278439,-0.462207626850539,0.0588141048093537,-7.85878877777343,1,1,"Armc7"
"ENSMUSG00000057229.12",307.581011470696,0.320242069238206,0.0904931852971211,3.53885287811163,0.999999999999971,1,"Dmac2"
"ENSMUSG00000057230.15",7448.37493804674,0.561121330248137,0.14355614778396,3.90872379142255,0.998882893459832,1,"Aak1"
"ENSMUSG00000057234.10",385.453951003461,0.349318544175512,0.0541266674866523,6.45372346748771,1,1,"Mettl15"
"ENSMUSG00000057236.11",10898.5281343209,-0.165704581299015,0.0513021964314732,-3.2299705046811,1,1,"Rbbp4"
"ENSMUSG00000057265.14",69.6963711343814,0.320450368093325,0.106393016906831,3.0119492557857,0.999999999915505,1,"Bbof1"
"ENSMUSG00000057278.9",2015.81043357044,0.108692987531035,0.0890239720766171,1.22094066345962,1,1,"Snrpg"
"ENSMUSG00000057322.13",8642.69193154558,0.38105437091902,0.113350035594557,3.36174901860655,0.999999976257582,1,"Rpl38"
"ENSMUSG00000057329.8",998.344677012635,0.0786770664001867,0.155002591028116,0.507585491818751,0.999999998610281,1,"Bcl2"
"ENSMUSG00000057335.12",13055.1934040821,-0.507777484277631,0.0732362451431001,-6.93341778084688,0.999999999990977,1,"Cep170"
"ENSMUSG00000057337.15",850.765257182387,-0.265995200719177,0.112185840775989,-2.3710229283775,0.999999999969803,1,"Chst3"
"ENSMUSG00000057342.16",567.542678141565,0.0923595053335357,0.0623269849831767,1.48185421384438,1,1,"Sphk2"
"ENSMUSG00000057359.8",63.2052093688207,0.205539167729626,0.124690677998999,1.64839241415686,0.999999999906377,1,"Gm17494"
"ENSMUSG00000057363.13",2830.95116625879,0.516626070205512,0.0734771201097896,7.03111484818088,0.999999999976249,1,"Uxs1"
"ENSMUSG00000057367.13",1025.39803388728,-0.0432334919101211,0.0517421301589722,-0.835556862025023,1,1,"Birc2"
"ENSMUSG00000057375.14",759.491082326035,0.192044605990247,0.045015021311979,4.26623381247054,1,1,"Yipf1"
"ENSMUSG00000057388.10",1957.70598643848,0.0506252587388451,0.0848793723213097,0.596437713361072,1,1,"Mrpl18"
"ENSMUSG00000057396.8",348.412988090811,-0.285926175364307,0.0925198183582298,-3.09043165494794,0.999999999999994,1,"Zfp759"
"ENSMUSG00000057406.17",8893.42384054352,-0.138868314493866,0.0796093027056006,-1.74437295359071,1,1,"Nsd2"
"ENSMUSG00000057409.8",301.211008472491,-0.0703819442994468,0.0621730365665537,-1.13203324441305,1,1,"Zfp53"
"ENSMUSG00000057411.10",1271.60988372272,0.235908899464094,0.0897939651830354,2.62722443521922,1,1,"Antkmt"
"ENSMUSG00000057421.13",1227.52518405252,0.0516782994110779,0.0416965151904676,1.2393913298273,1,1,"Las1l"
"ENSMUSG00000057440.9",594.15006545812,-0.108718533808717,0.0665141574056294,-1.63451719226794,1,1,"Mpp7"
"ENSMUSG00000057457.12",20.8663044717454,-0.967555764092441,0.17742279700943,-5.45339032188189,0.572547620554586,1,"Phex"
"ENSMUSG00000057469.9",1653.30999447914,0.0547255186131331,0.0528093563765754,1.03628452168388,1,1,"E2f6"
"ENSMUSG00000057497.9",1806.74763028073,0.0646840343684353,0.0575870557245944,1.1232391299493,1,1,"Fam136a"
"ENSMUSG00000057506.6",1495.33432895534,0.231738272915402,0.0665434487435457,3.48251070978462,1,1,"Bloc1s2"
"ENSMUSG00000057522.16",3436.83540293501,-0.154966722627302,0.047636378762699,-3.25311719010528,1,1,"Spop"
"ENSMUSG00000057530.15",3129.95464976443,0.584677503531489,0.150834785758478,3.87627761455301,0.997051846636609,1,"Ece1"
"ENSMUSG00000057531.16",860.063494364715,0.0357933707884015,0.0559288958900647,0.639979928421221,1,1,"Dtnbp1"
"ENSMUSG00000057541.15",1951.45513275164,0.148123440318026,0.050274995371895,2.94626462364291,1,1,"Pus7"
"ENSMUSG00000057551.11",1389.37214748524,0.0430862971381492,0.0506376378280281,0.850874941767146,1,1,"Zfp317"
"ENSMUSG00000057554.14",1322.1612552855,0.250230220396287,0.0718832828453289,3.48106277971065,1,1,"Lgals8"
"ENSMUSG00000057561.12",2118.37329638594,0.476194500638073,0.0581297270469927,8.19192734645241,1,1,"Eif1a"
"ENSMUSG00000057572.16",772.095158963616,0.250157366715742,0.051100061339068,4.89544161318818,1,1,"Zbtb8os"
"ENSMUSG00000057594.13",458.721543485135,-0.0783747009609727,0.0619933933188141,-1.26424279693667,1,1,"Arl16"
"ENSMUSG00000057637.14",2427.63406373593,0.0136773420961736,0.0684381870434605,0.199849567719963,1,1,"Prdm2"
"ENSMUSG00000057649.7",1711.80646585549,-0.476933971666973,0.0597214052762771,-7.98598039447715,1,1,"Brd9"
"ENSMUSG00000057666.19",80737.0471881229,0.393350852625005,0.107773976376991,3.64977581646493,0.999999990931978,1,"Gapdh"
"ENSMUSG00000057667.8",428.860211796392,-0.173216265708983,0.0443631788793695,-3.90450526956116,1,1,"Bloc1s3"
"ENSMUSG00000057672.17",2156.21443879004,0.0800668147897373,0.0587141508976507,1.36367150960436,1,1,"Pkn1"
"ENSMUSG00000057691.9",1148.92155573506,-0.0100216278513599,0.0406639113633668,-0.246450169581772,1,1,"Zfp746"
"ENSMUSG00000057706.8",1096.74223176048,-0.284739857831235,0.0928575719165704,-3.06641506938244,0.999999999999993,1,"Mex3b"
"ENSMUSG00000057722.18",40.5019443989909,-0.303553217754496,0.384799441721222,-0.788860858000965,0.965196516707581,1,"Lepr"
"ENSMUSG00000057738.15",31864.1266703605,0.198478099871396,0.0715874404951178,2.77252683569448,1,1,"Sptan1"
"ENSMUSG00000057766.15",330.735378055707,-1.02427386149593,0.144984423150582,-7.06471660360449,0.433518249878019,1,"Ankrd29"
"ENSMUSG00000057778.15",366.675489728934,0.227882093515035,0.0702972463022189,3.24169303211871,1,1,"Cyb5d2"
"ENSMUSG00000057788.14",1198.81379196808,0.121621194198285,0.0696435504736123,1.74633822329846,1,1,"Ddx49"
"ENSMUSG00000057789.15",2927.57279688427,0.13896393094798,0.0551752502187221,2.51859176708956,1,1,"Bak1"
"ENSMUSG00000057835.8",140.555979346106,-0.491825133180456,0.0614877041032791,-7.99875585457462,1,1,"Zfp119a"
"ENSMUSG00000057841.6",16929.2223208255,0.614327267435229,0.105402046701258,5.82841877042884,0.999873430460792,1,"Rpl32"
"ENSMUSG00000057842.15",256.572430002699,-0.301913909868305,0.0895168349412506,-3.37270536951456,0.999999999999997,1,"Zfp595"
"ENSMUSG00000057858.9",1198.11948721717,0.179524416621404,0.0468358150121335,3.83305845270111,1,1,"Fam204a"
"ENSMUSG00000057863.7",7096.72104897232,0.604689886203399,0.123651203824824,4.89028709384878,0.999305621154001,1,"Rpl36"
"ENSMUSG00000057880.13",2689.66347477083,-0.0457875198900349,0.133550433927594,-0.342848155138598,0.999999999999552,1,"Abat"
"ENSMUSG00000057886.6",38.9531263806817,-0.3010272879541,0.171366025333478,-1.75663342467273,0.999977368442264,1,"Cbx3-ps6"
"ENSMUSG00000057894.11",1024.09576275361,-0.420851017907158,0.0880367911275761,-4.78039933665112,0.999999999976237,1,"Zfp329"
"ENSMUSG00000057897.16",3517.65457813824,0.375393547778793,0.151808678632503,2.47280689852747,0.999980593284097,1,"Camk2b"
"ENSMUSG00000057899.8",13.7257028280935,-0.0177036899974511,0.235467228537748,-0.0751853670143019,0.999992611495017,1,"Adgrf2"
"ENSMUSG00000057914.16",294.231142715178,-0.179980268548276,0.150333293488673,-1.19720831208848,0.999999975469189,1,"Cacnb2"
"ENSMUSG00000057948.13",47.0470922606535,0.270370382291389,0.151165598907652,1.78857084048971,0.999999305898311,1,"Unc13d"
"ENSMUSG00000057963.10",1119.4836704637,0.392908090090417,0.0911973431397359,4.30832825347103,0.999999999986017,1,"Itpk1"
"ENSMUSG00000057967.13",15.4002167587612,0.0150540449165639,0.179773479182988,0.083738964084022,0.999999986788164,1,"Fgf18"
"ENSMUSG00000057969.16",92.7581088510741,0.68847120304099,0.210861132967125,3.26504554610512,0.930217402573982,1,"Sema3b"
"ENSMUSG00000057982.9",373.862384224181,-0.150114260456266,0.0608526634345267,-2.46684782528506,1,1,"Zfp809"
"ENSMUSG00000058006.13",2945.1602831678,-0.0291177672732859,0.0996488542189453,-0.292203733816239,1,1,"Mdn1"
"ENSMUSG00000058013.12",10527.4344585935,0.477038665836787,0.0746755129352319,6.38815385507342,0.999999999998748,1,"Septin11"
"ENSMUSG00000058046.2",11.091719477983,-0.214117927835598,0.150289208124941,-1.42470594201012,0.999999914846023,1,"4933430I17Rik"
"ENSMUSG00000058056.17",1892.48552049688,0.484130458251742,0.136012336467829,3.55945990506718,0.99992552524298,1,"Palld"
"ENSMUSG00000058064.7",89.2429393938807,0.467052338757116,0.121468233267372,3.84505747876531,0.999994268205753,1,"Gm10036"
"ENSMUSG00000058070.15",1724.9253532185,0.361234332151832,0.101169889710638,3.57057157208553,0.99999999986386,1,"Eml1"
"ENSMUSG00000058073.5",26.1998300813231,-0.689273944730455,0.508764992684344,-1.35479829516907,0.729765577851706,1,"Gm11189"
"ENSMUSG00000058076.13",7044.8765121085,-0.197102303288822,0.0543180830930253,-3.62866824573438,1,1,"Sdhc"
"ENSMUSG00000058093.14",912.494851403977,-0.0467338910389133,0.0775490699053985,-0.602636383594589,1,1,"Zfp729b"
"ENSMUSG00000058099.17",42.968333368077,-0.346828087344797,0.227707144929265,-1.52313221200211,0.997937712965584,1,"Nfam1"
"ENSMUSG00000058126.8",55.6615945724386,-0.130105272106992,0.107068390472715,-1.21516043654497,1,1,"Tpm3-rs7"
"ENSMUSG00000058135.13",5692.10488980863,0.862621252401909,0.151797329019176,5.68271693563816,0.817271084030973,1,"Gstm1"
"ENSMUSG00000058145.17",330.226771748921,-0.511383395948374,0.149386257966649,-3.42322917053415,0.999463832535701,1,"Adamts17"
"ENSMUSG00000058147.2",1134.37978506912,-0.214665980231291,0.157751097401934,-1.36078914040353,0.999999679292296,1,"Xlr3c"
"ENSMUSG00000058152.9",389.675026619805,1.05676003919783,0.130890435793006,8.07362304812721,0.332272970024764,1,"Chsy3"
"ENSMUSG00000058153.16",5451.34371368423,-0.462025641957814,0.116398217087154,-3.96935325574504,0.999998098276644,1,"Sez6l"
"ENSMUSG00000058159.15",10.6268985278928,-0.44517920053291,0.211653461222103,-2.10334004444063,0.995621067296276,1,"T2"
"ENSMUSG00000058173.13",119.944115556248,0.548002537332391,0.0963206676401225,5.68935567784748,0.999998651439071,1,"Smco4"
"ENSMUSG00000058174.8",134.841848252944,0.582899788093489,0.142907955187797,4.0788477263389,0.998242321827495,1,"Gm5148"
"ENSMUSG00000058192.17",383.486658864245,-0.384510744295399,0.0628906140081641,-6.11396072942593,1,1,"Zfp846"
"ENSMUSG00000058230.14",9624.41362493957,-0.204511371423898,0.0707890236592847,-2.8890265870629,1,1,"Arhgap35"
"ENSMUSG00000058239.14",2357.58684243366,0.180661304012873,0.0595471991295371,3.03391774346712,1,1,"Usf2"
"ENSMUSG00000058240.15",1468.01764942167,0.177946012122331,0.0682914673400127,2.60568441495576,1,1,"Cryzl1"
"ENSMUSG00000058254.13",4093.27998496037,-0.373922168397568,0.0983273127516288,-3.80283115579576,0.999999999903797,1,"Tspan7"
"ENSMUSG00000058258.16",6826.53276653818,-0.0864403229519882,0.144800147483566,-0.596962948271848,0.999999999859707,1,"Idi1"
"ENSMUSG00000058267.14",1416.25042994616,-0.304642083461484,0.0596830856984442,-5.10432863677196,1,1,"Mrps14"
"ENSMUSG00000058290.5",1807.29177809218,-0.139196181398363,0.157841920160737,-0.881870806289064,0.99999997531765,1,"Espl1"
"ENSMUSG00000058291.15",1930.11994553888,-0.15316251992801,0.0567587916302832,-2.69848098468487,1,1,"Zfp68"
"ENSMUSG00000058297.17",816.2813677145,-0.130664703334611,0.304735459666453,-0.428780764396861,0.997936392476296,1,"Spock2"
"ENSMUSG00000058298.11",737.816521748412,0.440969067106382,0.0708978877559895,6.21977721852692,0.999999999999998,1,"Mcm9"
"ENSMUSG00000058301.9",3292.18917731798,-0.0098113882239199,0.0384254815961027,-0.255335465331293,1,1,"Upf1"
"ENSMUSG00000058317.13",843.824032962424,-0.122893397257313,0.075435212791467,-1.62912508243384,1,1,"Ube2e2"
"ENSMUSG00000058318.17",2463.70720982141,-0.20932820654145,0.0737501086984912,-2.838344379901,1,1,"Phf21a"
"ENSMUSG00000058325.7",8390.66529807109,0.450407915265039,0.0859752366394996,5.23880983490202,0.999999999918374,1,"Dock1"
"ENSMUSG00000058331.16",181.700477851527,-0.387965420476104,0.0782327236431436,-4.95911943761281,0.999999999999997,1,"Zfp85"
"ENSMUSG00000058351.12",181.368382976052,0.536597673185934,0.111560312509524,4.80993339938988,0.999983652036308,1,"Uqcc5"
"ENSMUSG00000058355.9",8831.48121396,-0.0166741928473046,0.0521073197058935,-0.319997131716194,1,1,"Abce1"
"ENSMUSG00000058385.9",62.2313536186655,0.220057422529432,0.126331144750274,1.74190951063122,0.99999999966665,1,"H2bc8"
"ENSMUSG00000058388.15",1671.5889267087,-0.368659535509366,0.0840109304112619,-4.38823297997835,0.999999999999972,1,"Phtf1"
"ENSMUSG00000058392.14",1006.53438702772,0.39940876310484,0.0708781798222482,5.63514418833126,1,1,"Rrp1b"
"ENSMUSG00000058402.15",334.192901230357,-0.150516690194092,0.0941498647366255,-1.59869258033612,1,1,"Zfp420"
"ENSMUSG00000058407.13",4183.6592963416,0.0777977548345854,0.0458226456601503,1.69780146287455,1,1,"Txndc9"
"ENSMUSG00000058420.9",71.2721250762788,-1.02213160916674,0.178819372789539,-5.71600041551278,0.450750607027534,1,"Syt17"
"ENSMUSG00000058440.15",1110.01573681119,0.171848387470083,0.0578155062606656,2.97235808496239,1,1,"Nrf1"
"ENSMUSG00000058443.6",199.088844353069,0.734005004180728,0.108636090164696,6.75654842758011,0.992827292186562,1,"Rpl10-ps3"
"ENSMUSG00000058444.9",893.649164020781,0.0360459880924484,0.0390023015890352,0.924201563083704,1,1,"Map2k5"
"ENSMUSG00000058446.15",1712.77103902093,0.324821419814917,0.0912413240542945,3.5600252756265,0.999999999999932,1,"Znrf2"
"ENSMUSG00000058447.9",48.2079867051723,0.124259756511895,0.482799409362569,0.257373464221824,0.975091323184254,1,"Gm26920"
"ENSMUSG00000058454.16",3536.26650671354,-0.000206525373231566,0.190515342348946,-0.00108403538888378,0.99999999909983,1,"Dhcr7"
"ENSMUSG00000058486.12",668.917466565073,0.176056052227672,0.0739872024648713,2.379547359035,1,1,"Wdr91"
"ENSMUSG00000058503.12",1138.8020627529,-0.114295851434882,0.0600588709706012,-1.90306360389008,1,1,"Fam133b"
"ENSMUSG00000058546.9",29186.4256811264,0.0912757981900473,0.0926551408998804,0.985113155120842,1,1,"Rpl23a"
"ENSMUSG00000058558.13",25561.2716581699,0.548773221166662,0.0769549753592911,7.13109475514121,0.999999997734173,1,"Rpl5"
"ENSMUSG00000058569.9",4512.82952319133,0.314091470428751,0.0735405216434024,4.27099867406135,1,1,"Tmed9"
"ENSMUSG00000058571.12",2443.62415830018,0.830863465839336,0.11316377977933,7.34213250440666,0.932492815547469,1,"Gpc6"
"ENSMUSG00000058586.13",568.490627560084,0.437799465408916,0.105211541320021,4.16113536515225,0.999999954421954,1,"Serhl"
"ENSMUSG00000058587.10",2970.64806268389,0.0716396892289034,0.0708967832646518,1.01047869776374,1,1,"Tmod3"
"ENSMUSG00000058594.16",2800.66634205519,0.314785731640415,0.061512420841569,5.11743363915355,1,1,"Fbh1"
"ENSMUSG00000058600.14",11425.1724204603,0.444515101431525,0.0803201481450856,5.53429135400222,0.999999999997675,1,"Rpl30"
"ENSMUSG00000058603.11",129.490638187021,0.592440697559579,0.140605749050362,4.2134884352942,0.998125814038448,1,"Rpl28-ps1"
"ENSMUSG00000058625.7",20.9548558266564,0.126243311763468,0.327176376840421,0.385857050507783,0.996502572366181,1,"Gm17383"
"ENSMUSG00000058626.17",53.3916047007855,0.213781271774141,0.220795289657606,0.968232936969166,0.999815190600216,1,"Capn11"
"ENSMUSG00000058638.15",2359.35978048561,-0.104555987763876,0.0363537164924244,-2.87607424637489,1,1,"Zfp110"
"ENSMUSG00000058655.10",19734.225098358,0.488201641080504,0.0749236493377475,6.51598854828527,0.999999999995782,1,"Eif4b"
"ENSMUSG00000058672.8",8944.09028384318,-0.375971137520607,0.0698245087374306,-5.38451532733894,1,1,"Tubb2a"
"ENSMUSG00000058690.15",5946.16415923358,0.346301927435521,0.0924506649437754,3.74580245200105,0.99999999999923,1,"Ccser2"
"ENSMUSG00000058704.10",1660.7049439163,0.270406147560759,0.0616484276024046,4.38626187361528,1,1,"Memo1"
"ENSMUSG00000058706.6",888.257314678594,-0.0546777035659331,0.0579847059495833,-0.942967678640544,1,1,"0610030E20Rik"
"ENSMUSG00000058709.12",1066.33411959256,0.152796909046218,0.0435261348582445,3.51046353056262,1,1,"Egln2"
"ENSMUSG00000058715.12",209.12263878778,-0.0291925610231534,0.271295188506618,-0.10760441858128,0.999901391030141,1,"Fcer1g"
"ENSMUSG00000058729.14",1058.34603218599,-0.542878426345566,0.0715171427100897,-7.5908852867101,0.999999999918015,1,"Lin9"
"ENSMUSG00000058740.15",67.59867934992,0.17036694725586,0.363945875602189,0.468110668856925,0.989333294056531,1,"Kcnt1"
"ENSMUSG00000058741.5",125.131136733171,-0.783706167578603,0.262017991217653,-2.99103952341805,0.795453921842423,1,"Prr19"
"ENSMUSG00000058743.7",16.2711930055531,-0.348546935038715,0.161017443606689,-2.1646532650841,0.99997393363837,1,"Kcnj14"
"ENSMUSG00000058748.10",750.614705844992,-0.0668705924298031,0.0595705521122749,-1.12254444618491,1,1,"Zfp958"
"ENSMUSG00000058756.14",8818.81897976321,-0.153395708114264,0.0901849185431625,-1.70090199771982,1,1,"Thra"
"ENSMUSG00000058761.6",1370.43276631964,0.159887291443835,0.0591018997640912,2.70528176051929,1,1,"Rnf169"
"ENSMUSG00000058773.3",22.3714406746992,-0.412197680998055,0.120866931170356,-3.41034290361092,0.999999422539393,1,"H1f5"
"ENSMUSG00000058793.15",7762.08356954974,-0.0108682965419071,0.110412298627304,-0.0984337494738058,1,1,"Cds2"
"ENSMUSG00000058799.17",22654.8437703304,0.114639313416711,0.0635351892120737,1.80434362183226,1,1,"Nap1l1"
"ENSMUSG00000058806.16",29.1499725778178,0.751727198601455,0.298914599441338,2.51485608266177,0.796894830058956,1,"Col13a1"
"ENSMUSG00000058809.9",115.465064039835,0.413367506758025,0.0896562564999162,4.61058182546816,0.999999999969878,1,"Hspd1-ps3"
"ENSMUSG00000058818.14",75.8779715186884,-0.088706439051143,0.371885166172528,-0.238531802610243,0.994574822671631,1,"Pirb"
"ENSMUSG00000058833.12",819.059852531107,-0.0376269793966324,0.0705015476896129,-0.533704303376252,1,1,"Rex1bd"
"ENSMUSG00000058835.15",2880.50429222641,0.0281715102783275,0.0517906914996408,0.543949297887302,1,1,"Abi1"
"ENSMUSG00000058881.14",2573.99116553668,0.0834813826811856,0.108316639691615,0.770716142218431,1,1,"Zfp516"
"ENSMUSG00000058883.17",147.866566003017,-0.544861784389273,0.127834575309447,-4.26224112741278,0.999814832747164,1,"Zfp708"
"ENSMUSG00000058886.10",951.144291312008,-0.253188362757287,0.0685738150236948,-3.69220179262013,1,1,"Deaf1"
"ENSMUSG00000058897.19",168.057012995124,-0.440503885029843,0.205884703331868,-2.13956587304006,0.996711356247301,1,"Col25a1"
"ENSMUSG00000058900.7",307.943764163556,-0.159413209521138,0.0900052115439495,-1.77115532297034,1,1,"Rsl1"
"ENSMUSG00000058922.8",250.751486777607,-0.0188737835888387,0.0723490754260572,-0.260871109654031,1,1,"Gm10052"
"ENSMUSG00000058927.7",775.119445170239,0.0614957985705077,0.0923250661403224,0.666079117420202,1,1,"Gm10053"
"ENSMUSG00000058975.8",8745.79522502258,0.391694044185387,0.118313130465563,3.31065573739845,0.999999863717014,1,"Kcnc1"
"ENSMUSG00000058979.8",508.84286047546,0.00685606505735717,0.0668392631387761,0.102575413542818,1,1,"Hdhd5"
"ENSMUSG00000058997.9",2146.46286978432,1.01298891893855,0.0651215109400009,15.5553657204277,0.420952771999407,1,"Vwa8"
"ENSMUSG00000059003.13",175.755576838227,1.04542446589859,0.431529640733046,2.42260175714167,0.458084297487352,1,"Grin2a"
"ENSMUSG00000059005.14",44320.8247607076,0.0611268988160739,0.0703502912079015,0.868893330312303,1,1,"Hnrnpa3"
"ENSMUSG00000059013.13",76.6853730297093,-1.18432859611516,0.170760160884313,-6.93562590935674,0.140191576116361,1,"Sh2d3c"
"ENSMUSG00000059027.17",54.7874709446701,-0.0147500837198726,0.206401485739446,-0.0714630694979233,0.999999535351921,1,"9630013D21Rik"
"ENSMUSG00000059040.6",232.250079889242,0.381612252344484,0.266225898728386,1.43341520929119,0.989904977160489,1,"Eno1b"
"ENSMUSG00000059060.16",141.924915626297,0.391869736927299,0.0807972543241348,4.85003779157189,0.999999999999974,1,"Rad51b"
"ENSMUSG00000059070.17",11724.6068975469,0.607515363228692,0.0943082360508999,6.44180602530626,0.99998420714595,1,"Rpl18"
"ENSMUSG00000059089.5",46.5567647032731,0.652591300478312,0.3335824842601,1.95631165085237,0.851166448294367,1,"Fcgr4"
"ENSMUSG00000059119.10",5740.65460376453,-0.13176366308909,0.0827837827529463,-1.59166033137572,1,1,"Nap1l4"
"ENSMUSG00000059142.17",835.127425075431,-0.0739207135568093,0.0520280575864095,-1.42078557197797,1,1,"Zfp945"
"ENSMUSG00000059146.13",2583.59975577612,-0.868932129732779,0.237026180779789,-3.66597532337606,0.709857305727362,1,"Ntrk3"
"ENSMUSG00000059173.21",323.718415420653,0.860733155008813,0.245813513551192,3.5015697167095,0.714491680491824,1,"Pde1a"
"ENSMUSG00000059182.9",9629.99053867098,0.453780721291407,0.0692648900156805,6.551381532385,0.999999999999998,1,"Skap2"
"ENSMUSG00000059183.13",332.604657803579,0.123942522656863,0.0533073699142634,2.32505416898649,1,1,"Mtfmt"
"ENSMUSG00000059208.16",7874.91079885484,-0.189457738648888,0.0750113578332942,-2.52572069245753,1,1,"Hnrnpm"
"ENSMUSG00000059237.7",121.596017779459,0.344711098714649,0.105238394857006,3.27552600154183,0.999999999761833,1,"Ppp1r2-ps4"
"ENSMUSG00000059244.7",14.9828963449108,-0.457895720175123,0.213105161112925,-2.14868432929451,0.994517850375259,1,"Gm10062"
"ENSMUSG00000059248.14",21296.9863586121,-0.169596135308437,0.100388924379138,-1.68939090001527,1,1,"Septin9"
"ENSMUSG00000059263.10",5916.83350060936,0.0477515261781301,0.0451934765417222,1.0566021875756,1,1,"Usp47"
"ENSMUSG00000059273.11",3211.51714628699,-0.223869893758749,0.0642598971278272,-3.48381967237548,1,1,"Zc3h4"
"ENSMUSG00000059277.15",221.420128782128,-0.300229760874114,0.0950216004453708,-3.15959486545083,0.999999999999911,1,"R74862"
"ENSMUSG00000059278.10",597.226285183886,0.175108066675159,0.0749187994121539,2.33730476261145,1,1,"Naa38"
"ENSMUSG00000059288.15",614.071871889924,0.0962954956845489,0.0646905999243323,1.48855468641788,1,1,"Cdyl"
"ENSMUSG00000059291.16",17542.899350304,0.530126251338491,0.106845055136306,4.96163580675017,0.99999453009189,1,"Rpl11"
"ENSMUSG00000059316.3",1554.30401187764,-0.0958793537093675,0.0633709157296532,-1.51298671646783,1,1,"Slc27a4"
"ENSMUSG00000059323.15",567.436365870503,-0.788779674680561,0.177816578642684,-4.43591750950054,0.882554744108095,1,"Tonsl"
"ENSMUSG00000059325.15",165.63115000349,0.899885683010692,0.183528920140792,4.90323640721232,0.707293831720389,1,"Hopx"
"ENSMUSG00000059326.8",55.8271829120296,0.0375706234242235,0.380854789069691,0.098648158044689,0.997470020168204,1,"Csf2ra"
"ENSMUSG00000059327.10",43.5402860807638,-0.773654235876857,0.174992963350659,-4.42105911611185,0.902073368613897,1,"Eda"
"ENSMUSG00000059336.15",291.646532492145,0.237355057232944,0.244619282663855,0.970303954161728,0.999088812280664,1,"Slc14a1"
"ENSMUSG00000059343.5",30.1999479869741,0.6164732556909,0.106535815535808,5.78653528478124,0.999840878821531,1,"Aldoart1"
"ENSMUSG00000059355.14",1071.69834832208,0.235398798163542,0.0613768970712225,3.83529975277803,1,1,"Wdr83os"
"ENSMUSG00000059363.11",194.332611322809,-0.0317164094695702,0.075947586537962,-0.417609181744267,1,1,"Fxn"
"ENSMUSG00000059401.15",668.082725031947,-0.270450178366967,0.0871692436474181,-3.10258718615115,1,1,"Mamld1"
"ENSMUSG00000059409.10",4376.40508751052,0.0855040093115961,0.0472241830009054,1.81059795804105,1,1,"Ppp2r5d"
"ENSMUSG00000059422.6",228.673415780321,0.448693950164486,0.137545978601373,3.26213790273625,0.999969402945206,1,"Gm8116"
"ENSMUSG00000059423.14",503.733080640627,-0.33780133934179,0.0775411680248013,-4.35641283135877,1,1,"Zfp933"
"ENSMUSG00000059436.14",2744.95444008766,0.494893210607258,0.0923703953233789,5.35770371962455,0.999999977278269,1,"Max"
"ENSMUSG00000059439.16",775.638413110681,-0.412105146690755,0.106107365774148,-3.88385051013263,0.999999984925213,1,"Bcas3"
"ENSMUSG00000059447.14",3661.6773105137,0.179700480484295,0.0599019612403007,2.99990979866943,1,1,"Hadhb"
"ENSMUSG00000059456.14",497.692826121787,-0.745598020100191,0.266460785014258,-2.79815290666615,0.830146550371972,1,"Ptk2b"
"ENSMUSG00000059461.8",54.5227486465281,0.758301698441204,0.133332091970596,5.68731568847232,0.965065124876875,1,"Gm7331"
"ENSMUSG00000059474.14",3325.27239780893,-0.236023898785843,0.0726778408217172,-3.24753592177874,1,1,"Mbtd1"
"ENSMUSG00000059475.14",1111.25025229959,-0.123091941509004,0.0505937210286492,-2.43294897086739,1,1,"Zfp426"
"ENSMUSG00000059482.16",897.857091581884,0.0726292459467252,0.0562069562526358,1.29217539587583,1,1,"Cfap418"
"ENSMUSG00000059483.6",10.363702590509,0.438951260004444,0.174314165736961,2.51816172339556,0.9993559248012,1,"Gm5528"
"ENSMUSG00000059486.12",2493.21713679136,0.113539612629357,0.0624832217450076,1.81712161214588,1,1,"Kbtbd2"
"ENSMUSG00000059493.14",466.091868709636,-0.819207101788268,0.141396458024204,-5.79368898793799,0.899485244708696,1,"Nhs"
"ENSMUSG00000059495.15",7824.86985199696,0.424531316564474,0.0742095737267184,5.72070819498086,0.999999999999996,1,"Arhgef12"
"ENSMUSG00000059498.14",292.641730575477,0.495108141773466,0.281578260889897,1.75833226687576,0.963519849283027,1,"Fcgr3"
"ENSMUSG00000059518.15",744.26830381092,-0.223448940304577,0.0660884096690318,-3.38106093676033,1,1,"Znhit1"
"ENSMUSG00000059534.9",2128.84617471698,0.44290863005102,0.069197821639006,6.40061521534021,1,1,"Uqcr10"
"ENSMUSG00000059540.16",317.1424688768,-0.364058153356093,0.110410322870256,-3.29731988723465,0.999999995789423,1,"Tcea2"
"ENSMUSG00000059552.14",3074.05106276272,0.0808417359091194,0.065775340684314,1.22905841411169,1,1,"Trp53"
"ENSMUSG00000059554.13",137.232478524633,0.491296192874109,0.145302436306983,3.38119721431331,0.999768241944127,1,"Ccdc28a"
"ENSMUSG00000059586.11",1156.39645601556,-0.195894920653727,0.05083859023936,-3.85327208585856,1,1,"Nsmce2"
"ENSMUSG00000059588.15",2899.27765381677,0.528625441697623,0.158882528675539,3.32714645281831,0.998495474496358,1,"Calcrl"
"ENSMUSG00000059659.10",135.967347704593,-0.0871603040938414,0.111535918594622,-0.78145502535937,1,1,"Gm10069"
"ENSMUSG00000059669.9",613.030832800704,0.601276394052608,0.0701136227098692,8.57574278454695,0.999999993528692,1,"Taf1b"
"ENSMUSG00000059674.8",280.90716948261,-0.240749868719725,0.108199073488655,-2.22506405052505,0.999999999998868,1,"Cdh24"
"ENSMUSG00000059689.16",772.138351257539,-0.026711415039974,0.0551037003024304,-0.484748118427101,1,1,"Zfp637"
"ENSMUSG00000059708.13",923.08136986725,0.506059517333382,0.0776901507612975,6.51381819155232,0.999999999897686,1,"Akap17b"
"ENSMUSG00000059713.13",1403.64004397803,-0.198945817981961,0.0533009037957132,-3.73250365030323,1,1,"Rcan3"
"ENSMUSG00000059714.14",3014.56006630254,-0.0486359190646119,0.078890803761626,-0.616496685869353,1,1,"Flot1"
"ENSMUSG00000059734.8",1974.13712262027,0.265553254291149,0.0680855840877515,3.90028605686768,1,1,"Ndufs8"
"ENSMUSG00000059743.13",6272.46900259024,-0.199379605984953,0.132375045830268,-1.50617213942723,0.999999999267279,1,"Fdps"
"ENSMUSG00000059751.8",56.0140456555853,0.258439487378149,0.0923985606146085,2.79700772024027,0.999999999999999,1,"Rps3a3"
"ENSMUSG00000059772.13",365.553677746097,-0.134715165431797,0.0581112050978509,-2.31823045495195,1,1,"Slx1b"
"ENSMUSG00000059776.8",9.19907105696988,0.761717261447231,0.356002684686988,2.13963909321909,0.748357394583621,1,"Rpl13-ps6"
"ENSMUSG00000059791.15",771.955476988475,0.234205825174666,0.108749671501149,2.15362328862015,0.999999999999051,1,"Nrm"
"ENSMUSG00000059796.17",37211.6829708337,0.29062722294252,0.0519497911522954,5.5943867433561,1,1,"Eif4a1"
"ENSMUSG00000059810.19",1127.18275721421,-0.670120442282831,0.11381032476329,-5.88804613005532,0.998125255863959,1,"Rgs3"
"ENSMUSG00000059811.14",2465.01815931217,0.457278705172896,0.0528250490993715,8.6564747779541,1,1,"Atl2"
"ENSMUSG00000059820.15",1113.85554843187,-0.0356677968817358,0.066609087289032,-0.535479441820979,1,1,"Nkapd1"
"ENSMUSG00000059834.13",403.78614457701,0.0617532591936017,0.0525907057544675,1.17422381593264,1,1,"Sclt1"
"ENSMUSG00000059839.10",391.56006375851,-0.139546818653862,0.146931219993728,-0.9497424622202,0.999999997631589,1,"Zfp874b"
"ENSMUSG00000059842.13",198.923554462731,-0.168071283230435,0.0535940000045531,-3.13600931477696,1,1,"Zfp341"
"ENSMUSG00000059851.16",971.260841990811,0.352321519131426,0.0595271168641632,5.91867266031713,1,1,"Kmt5c"
"ENSMUSG00000059852.8",17.1548503888541,0.938900127420956,0.22858514021032,4.10744165853073,0.605379331386251,1,"Kcng2"
"ENSMUSG00000059854.9",47.8419799373888,-1.07313500071542,0.247670819954526,-4.33290849891987,0.383885739089623,1,"Hydin"
"ENSMUSG00000059866.14",326.066634780655,0.405026507780928,0.0919302687495838,4.40580141111316,0.999999999951646,1,"Tnip2"
"ENSMUSG00000059878.13",3147.7315933311,-0.280418872752784,0.0531264095425479,-5.27833285116325,1,1,"Zfp422"
"ENSMUSG00000059883.17",358.441797723437,0.155396283799785,0.0633255740850053,2.45392617508984,1,1,"Irak4"
"ENSMUSG00000059890.17",3135.20439967639,0.0105743253891834,0.0810635095740465,0.130444949210155,1,1,"Ube4a"
"ENSMUSG00000059895.14",1296.75235978567,-0.157900248657866,0.0886080283161226,-1.78200837619965,1,1,"Ptp4a3"
"ENSMUSG00000059897.6",508.991097497211,0.156023799042991,0.0565247990523269,2.76027162694651,1,1,"Zfp930"
"ENSMUSG00000059900.15",59.630246313713,-0.514930813644142,0.21133066539088,-2.43661189771829,0.989142289996895,1,"Tmem40"
"ENSMUSG00000059920.10",1356.22016237154,-0.209786470939317,0.0613084427590837,-3.42182025016831,1,1,"4930453N24Rik"
"ENSMUSG00000059923.14",4181.10734449888,-0.377201183733397,0.0623681518052215,-6.04797757854704,1,1,"Grb2"
"ENSMUSG00000059939.14",928.002587528935,0.211214056612309,0.0517245200059299,4.08344159768122,1,1,"9430015G10Rik"
"ENSMUSG00000059970.8",795.049509837419,0.0758142951990331,0.0662859808113556,1.14374554424705,1,1,"Hspa2"
"ENSMUSG00000059975.16",590.584414826014,-0.187203564766658,0.0577026977822963,-3.244277511477,1,1,"Zfp74"
"ENSMUSG00000059981.13",2643.44376504961,-0.19644056197896,0.0518013450778782,-3.79219037041665,1,1,"Taok2"
"ENSMUSG00000059995.13",2859.25540935129,-0.206897939222782,0.0494807348796644,-4.18138371885445,1,1,"Atxn7l3"
"ENSMUSG00000060002.15",4380.37062704855,0.186437504642,0.0606314347518556,3.07493143457724,1,1,"Chpt1"
"ENSMUSG00000060012.10",1332.49081428712,0.464578711426244,0.097678036226808,4.75622493420624,0.999999978912206,1,"Kif13b"
"ENSMUSG00000060019.7",21.7451296704758,0.544211271093534,0.148483574644359,3.66512775838678,0.99892835756253,1,"Gm10073"
"ENSMUSG00000060032.7",750.837134380423,-0.418815252664147,0.0888010900722489,-4.71633008472528,0.999999999970211,1,"H2aj"
"ENSMUSG00000060036.15",35645.7182345484,0.621433418286797,0.0742960994049064,8.36428053779844,0.99999982597536,1,"Rpl3"
"ENSMUSG00000060038.15",748.782495492642,0.415268428754756,0.0697887544553358,5.95036309210139,1,1,"Dhps"
"ENSMUSG00000060044.9",16.563416582407,0.490501211484669,0.398242865274247,1.23166352558982,0.899707108279499,1,"Tmem26"
"ENSMUSG00000060063.10",65.7142222932504,0.309733531405321,0.236579185594528,1.30921716814163,0.998236883464046,1,"Alox5ap"
"ENSMUSG00000060073.10",5031.8104395055,0.176640632572503,0.0531753510738609,3.32185174155498,1,1,"Psma3"
"ENSMUSG00000060090.17",2033.72982734522,0.183474823900938,0.0652436278217429,2.81214932440948,1,1,"Rp2"
"ENSMUSG00000060093.7",11.4944578587913,-0.0654008497680689,0.177167126458618,-0.369147770669211,0.999999934616447,1,"H4c1"
"ENSMUSG00000060098.12",1290.97757535145,0.299854459570948,0.0745225305739136,4.02367521958401,1,1,"Prmt7"
"ENSMUSG00000060121.16",414.741604102095,0.127505973257867,0.0520626813307203,2.44908579425452,1,1,"Gemin2"
"ENSMUSG00000060126.15",61136.4406860793,1.05678387720997,0.102412887589012,10.3188563674808,0.289631944638824,1,"Tpt1"
"ENSMUSG00000060143.10",1055.57762479411,0.376532430525235,0.234665882310602,1.60454697043203,0.996056052456021,1,"Gm10076"
"ENSMUSG00000060147.16",283.412081809788,-0.00894702388766738,0.139762846645193,-0.0640157531305914,0.999999999999596,1,"Serpinb6a"
"ENSMUSG00000060149.10",337.80683989682,-0.164358027648233,0.069612207171105,-2.3610518086899,1,1,"BC002059"
"ENSMUSG00000060152.15",469.283098393944,-0.0938557887405359,0.0965243057098141,-0.972353937698338,1,1,"Pop5"
"ENSMUSG00000060166.7",1735.55563165545,0.176716910837711,0.059025376668149,2.99391415714709,1,1,"Zdhhc8"
"ENSMUSG00000060180.13",12.4705536704952,0.229705662496644,0.317792654908514,0.722816147411499,0.992376889870653,1,"Myh13"
"ENSMUSG00000060181.7",1637.17086209547,-0.0227769081097029,0.0520072536648524,-0.437956371556994,1,1,"Slc35e3"
"ENSMUSG00000060198.8",12.0288433332874,0.809305312562878,0.25814252501917,3.13511039106314,0.769961058777216,1,"Gm11353"
"ENSMUSG00000060206.12",4323.07569087052,-0.543667285923622,0.0962699474936453,-5.64732089377642,0.999998932129772,1,"Zfp462"
"ENSMUSG00000060216.16",863.337196717216,-0.261363170910928,0.0650702463539724,-4.01663103423877,1,1,"Arrb2"
"ENSMUSG00000060227.16",5245.60853372792,-0.310348039644864,0.0854392761787605,-3.6323814236855,1,1,"Golm2"
"ENSMUSG00000060244.3",308.411916339937,-0.750029235685012,0.0972046364111302,-7.71598211131348,0.994938409156808,1,"Alyref2"
"ENSMUSG00000060260.14",158.156593946483,-0.0351964358324077,0.109216762927954,-0.322262214048822,1,1,"Pwwp2b"
"ENSMUSG00000060261.17",11404.8231147935,-0.115952377213884,0.0713018200873603,-1.62621903721135,1,1,"Gtf2i"
"ENSMUSG00000060268.13",15.1838993797472,1.18334470523881,0.275114834000147,4.30127553659347,0.252568231660406,1,"Armh1"
"ENSMUSG00000060275.15",135.77754309995,-0.4049465133192,0.137327013056565,-2.94877536695859,0.999992649225084,1,"Nrg2"
"ENSMUSG00000060279.16",3981.11038872358,0.0209890965525821,0.0743222927985354,0.282406472704993,1,1,"Ap2a1"
"ENSMUSG00000060288.14",925.471359388158,-0.0910073119104089,0.0806227301320138,-1.12880464059442,1,1,"Ppih"
"ENSMUSG00000060301.7",1219.84631494374,-0.112719875615189,0.0736376251232176,-1.53073751939413,1,1,"2610008E11Rik"
"ENSMUSG00000060314.14",72.371302095625,-1.26288800410134,0.278384103299135,-4.53649468175385,0.17249910353407,1,"Zfp941"
"ENSMUSG00000060336.7",312.038190528666,-0.0652839982254755,0.07975601552134,-0.818546385482455,1,1,"Zfp937"
"ENSMUSG00000060373.17",15362.0681630959,0.261756632188123,0.0388557638641845,6.73662299120051,1,1,"Hnrnpc"
"ENSMUSG00000060376.8",998.500473917517,0.382758449273419,0.101637953765734,3.76590077910898,0.999999999372067,1,"Bckdha"
"ENSMUSG00000060377.5",17.1771744875972,0.732022784143181,0.180804692446576,4.0486935058916,0.930847997348784,1,"Rpl36a-ps1"
"ENSMUSG00000060380.5",22.7478314244463,0.110435409834746,0.169364377269481,0.652058075111206,0.999999924950844,1,"C030014I23Rik"
"ENSMUSG00000060397.7",301.337889749543,-0.232405215277957,0.0803551870814377,-2.89222418264574,1,1,"Zfp128"
"ENSMUSG00000060419.9",309.18606706175,0.658126950630369,0.107460619183213,6.12435472299211,0.999267123481104,1,"Rps16-ps2"
"ENSMUSG00000060424.17",1449.85869245785,0.757273472340054,0.105721733048268,7.16289310159452,0.989159200325837,1,"Pantr1"
"ENSMUSG00000060427.16",545.46137898608,-0.119139854689334,0.0527874790414161,-2.25697185872162,1,1,"Zfp868"
"ENSMUSG00000060438.6",26.1497644865994,0.462813952365959,0.185385816543258,2.49649062153558,0.998120242179066,1,"Rps10-ps1"
"ENSMUSG00000060445.12",30.5517774708406,-0.473549510112627,0.215195755740115,-2.20055227615418,0.99278504922999,1,"Sycp2"
"ENSMUSG00000060450.15",4241.74359495361,0.0129086280705166,0.0704786394284834,0.183156601421276,1,1,"Rnf14"
"ENSMUSG00000060467.5",17.3024966549607,0.313877008651668,0.154531951374866,2.03114634778837,0.999995502208569,1,"Gm10080"
"ENSMUSG00000060475.14",2810.67657896843,-0.127725672268642,0.0442260379813023,-2.88801977519762,1,1,"Wtap"
"ENSMUSG00000060477.15",210.159869552046,0.826601803235614,0.143127869298412,5.77526799838126,0.887146454401554,1,"Irak2"
"ENSMUSG00000060487.9",308.5626226209,-0.94162927105018,0.204880020453919,-4.59600340220566,0.612140390707351,1,"Samd5"
"ENSMUSG00000060510.15",4814.42676379668,-0.121997206228077,0.0666669161101919,-1.82995124637881,1,1,"Zfp266"
"ENSMUSG00000060519.12",1008.77131044473,-0.0615342140384548,0.102597593592676,-0.599762741831477,1,1,"Tor3a"
"ENSMUSG00000060538.15",481.937592501602,0.310188872596363,0.0646732510472703,4.79624678786664,1,1,"Tmem219"
"ENSMUSG00000060548.14",1131.96841083758,0.00445368348566391,0.150322956039201,0.0296274341791316,0.999999999994155,1,"Tnfrsf19"
"ENSMUSG00000060568.15",1289.96518041185,-0.87236350488139,0.127674367679571,-6.83272234463533,0.841272958674047,1,"Fam78b"
"ENSMUSG00000060572.18",227.39897853977,-0.975278435269999,0.290424899149504,-3.35810888848049,0.533917822384627,1,"Mfap2"
"ENSMUSG00000060579.14",159.320791273142,0.384165455893589,0.156486349850311,2.45494547135304,0.999958468848119,1,"Fhit"
"ENSMUSG00000060594.7",105.87180553574,0.629930071592676,0.243193991461123,2.59023698656377,0.935958707108185,1,"Layn"
"ENSMUSG00000060600.16",152.227622569267,-0.470596123891622,0.191274502424657,-2.4603181183388,0.997177938501948,1,"Eno3"
"ENSMUSG00000060601.14",1455.63999521372,0.303973125163425,0.0848187559504241,3.58379608091746,1,1,"Nr1h2"
"ENSMUSG00000060621.7",17.8665924706719,0.415899126174243,0.148788301255501,2.79524077272753,0.999956764246097,1,"Nkpd1"
"ENSMUSG00000060636.15",11309.100157443,0.583916027728113,0.108108806481652,5.40118836504974,0.999940639408691,1,"Rpl35a"
"ENSMUSG00000060639.6",162.54430814162,-0.226452240204921,0.104274747824752,-2.17168820763303,0.999999999999941,1,"H4c9"
"ENSMUSG00000060657.9",2907.48660357919,0.00973624545658216,0.0638362736499672,0.152519013092287,1,1,"Marf1"
"ENSMUSG00000060671.13",1559.08572654976,-0.0731940854039498,0.0931242208086764,-0.785983332460058,1,1,"Atp8b2"
"ENSMUSG00000060675.14",344.700269917999,0.385850522255877,0.146630674174665,2.63144478075752,0.999985954256788,1,"Plaat3"
"ENSMUSG00000060679.15",1672.1467022212,0.331498529434861,0.0487842450762119,6.79519645977889,1,1,"Mrps9"
"ENSMUSG00000060681.16",1766.02054372427,-0.168095892707058,0.0716842111520059,-2.34495002463809,1,1,"Slc9a6"
"ENSMUSG00000060703.13",44.8595724976906,0.40332264325252,0.359832218652721,1.12086306435437,0.95141055807168,1,"Cd302"
"ENSMUSG00000060708.5",388.932506706396,0.0607037225880048,0.0571859362907742,1.06151488504698,1,1,"Bloc1s4"
"ENSMUSG00000060716.8",458.914958177888,-0.572954687140369,0.0859406760825042,-6.66686269247317,0.999999663627654,1,"Plekhh1"
"ENSMUSG00000060733.14",1918.41187825015,0.2855687239458,0.0551200044447671,5.18085451593085,1,1,"Ipmk"
"ENSMUSG00000060739.9",12031.0004798394,0.595079961781278,0.0983346690997021,6.05157842325094,0.999980872601276,1,"Nsa2"
"ENSMUSG00000060743.13",27570.0562074371,-0.422700986380111,0.0580927863601878,-7.27630765994376,1,1,"H3f3a"
"ENSMUSG00000060771.16",431.351481124133,-0.0887059876465956,0.0659269402655816,-1.34551955982259,1,1,"Tsga10"
"ENSMUSG00000060791.16",15.4722780244837,0.297406469697001,0.227547037322149,1.30701095121687,0.998991394433109,1,"Gmfg"
"ENSMUSG00000060798.8",260.12320805444,0.0398949736220692,0.0640083029989271,0.623278102260232,1,1,"Intu"
"ENSMUSG00000060802.9",23705.6223736426,-0.548467912935771,0.15374351632738,-3.5674214174201,0.99834254081614,1,"B2m"
"ENSMUSG00000060803.7",4720.00243255535,0.436346782089917,0.0893909506623304,4.88133059170827,0.999999999856353,1,"Gstp1"
"ENSMUSG00000060808.6",38.5960535007981,-0.16060188924986,0.142316732915445,-1.12848212546643,0.999999998161428,1,"B9d1os"
"ENSMUSG00000060860.9",6463.84138862548,0.147217894287026,0.0799522684189657,1.84132229389134,1,1,"Ube2s"
"ENSMUSG00000060862.11",648.179327179805,-0.232249012457111,0.0878721329492461,-2.64303374303268,1,1,"Zbtb40"
"ENSMUSG00000060904.15",6252.71861838708,0.333788845100468,0.0489979530488235,6.81230182754507,1,1,"Arl1"
"ENSMUSG00000060923.6",101.281521413094,-0.0785790124702615,0.0891072417530787,-0.881847658218492,1,1,"Acyp2"
"ENSMUSG00000060935.7",3691.90415949968,0.254728796979352,0.060481691671514,4.21166786079374,1,1,"Tmem263"
"ENSMUSG00000060938.15",17972.0891721872,0.722705873671659,0.107940884397797,6.69538588370514,0.994899558288378,1,"Rpl26"
"ENSMUSG00000060950.13",295.62023534619,-0.057581487924111,0.102618898827082,-0.561119721437846,1,1,"Trmt61a"
"ENSMUSG00000060961.17",1554.36083836398,1.32173877021992,0.298887270998644,4.42219826158442,0.140861853456805,1,"Slc4a4"
"ENSMUSG00000060981.8",29.6156269761099,-0.35654158347834,0.140264098681999,-2.54193044997692,0.999997756832705,1,"H4c8"
"ENSMUSG00000060989.9",113.538706419108,-0.0576716792944564,0.155350487708911,-0.371235907559679,0.999999999348534,1,"Gm11847"
"ENSMUSG00000060992.10",3957.53607002889,0.00173733305016164,0.0313095930331626,0.05548884165698,1,1,"Copz1"
"ENSMUSG00000061024.9",3515.00505818415,0.173679947856905,0.0655275843583006,2.65048604427769,1,1,"Rrs1"
"ENSMUSG00000061028.8",1511.98926280736,0.338467331141785,0.0613069303548739,5.52086573544906,1,1,"Clasrp"
"ENSMUSG00000061032.10",7335.4548109433,0.329950868728934,0.0399347603919142,8.26224736271964,1,1,"Rrp1"
"ENSMUSG00000061039.6",20.7526942909781,0.431387237380957,0.210116060866483,2.0530902568894,0.996596935820621,1,"Or8b53"
"ENSMUSG00000061046.10",872.652012977867,0.0891903622684596,0.0751136710305754,1.18740518263519,1,1,"Haghl"
"ENSMUSG00000061062.6",27.509218143278,0.0134883842869048,0.114324890305773,0.117982919124862,1,1,"Hdac1-ps"
"ENSMUSG00000061079.15",881.632934330457,-0.0281668281363064,0.0486085927590792,-0.579461912750918,1,1,"Zfp143"
"ENSMUSG00000061080.13",4049.14191080299,-0.679914381721614,0.134235509805023,-5.06508585328271,0.991449006943408,1,"Lsamp"
"ENSMUSG00000061086.13",34.1633489359593,-0.201167546571975,0.155933162634375,-1.29008828637474,0.999999849576602,1,"Myl4"
"ENSMUSG00000061104.6",1667.23254170977,0.90248868558147,0.0857148542546909,10.5289648267946,0.872361334869875,1,"Sap18b"
"ENSMUSG00000061111.9",2325.57942036234,-0.0774104620353646,0.0554126326343288,-1.39698221064862,1,1,"Mcrip1"
"ENSMUSG00000061118.9",572.524921265701,-0.0369037100365604,0.0617894933446382,-0.597248950249933,1,1,"Dnajc30"
"ENSMUSG00000061119.8",2498.38622127675,0.856663482353297,0.089603208417006,9.56063401621129,0.945165275398184,1,"Prcp"
"ENSMUSG00000061130.14",3137.75095304661,0.229780294037055,0.0354754638622416,6.47716108602099,1,1,"Ppm1b"
"ENSMUSG00000061132.14",61.1492085816921,-0.474037982074213,0.263878889946797,-1.79642252614367,0.976879948694462,1,"Blnk"
"ENSMUSG00000061136.17",7343.88718875306,0.0608767850052217,0.0592160220916445,1.02804583717236,1,1,"Prpf40a"
"ENSMUSG00000061167.10",158.3589337631,0.690617159435989,0.198412836320233,3.48070806427741,0.940535935857503,1,"Rpl15-ps3"
"ENSMUSG00000061175.13",1683.90872986409,-0.193106071410386,0.0672850547345809,-2.86996974546771,1,1,"Fnip2"
"ENSMUSG00000061186.16",499.680298256592,-0.735852768685031,0.0981824612814101,-7.49474762682852,0.996431367184523,1,"Sfmbt2"
"ENSMUSG00000061207.12",333.68342543031,0.0721055293076125,0.0608046149040618,1.18585619564208,1,1,"Stk19"
"ENSMUSG00000061232.17",7422.60680975805,-0.508057033048585,0.19290394410239,-2.63373066534564,0.994616889391585,1,"H2-K1"
"ENSMUSG00000061242.7",9.86378224929513,0.248375159621444,0.240554307422006,1.03251179446027,0.99910973017468,1,"Gm9104"
"ENSMUSG00000061244.15",4668.86116964296,0.549943800112968,0.0823633447321635,6.67704549762184,0.999999976760247,1,"Exoc5"
"ENSMUSG00000061273.4",3679.03309618985,-0.262436917488731,0.0731786251880357,-3.58625099630373,1,1,"Mmgt1"
"ENSMUSG00000061286.8",382.270324104141,0.278354913777272,0.0764443124631878,3.64127696107302,1,1,"Exosc5"
"ENSMUSG00000061288.14",1291.71263136196,-0.383782972513727,0.0731326739850438,-5.2477634359741,1,1,"Taok3"
"ENSMUSG00000061306.17",6154.89559723434,0.0951724443155977,0.0711308251354775,1.33799156883573,1,1,"Slc38a10"
"ENSMUSG00000061313.11",1108.3292467215,0.051831250940884,0.0539979745735364,0.959873983241692,1,1,"Ddhd2"
"ENSMUSG00000061315.15",19507.6176797557,0.406679095513065,0.0874628031753783,4.64973772562037,0.999999999994143,1,"Naca"
"ENSMUSG00000061322.16",25.0332466992611,-0.304540852850666,0.164771149512205,-1.84826563237702,0.99998782588926,1,"Dnai1"
"ENSMUSG00000061360.9",1393.58973887988,-0.0247052768410436,0.0704468700950625,-0.350693747042357,1,1,"Phf5a"
"ENSMUSG00000061371.8",279.232381144522,-0.0869234645684519,0.067604916700752,-1.2857565516013,1,1,"Zfp873"
"ENSMUSG00000061374.15",848.263870167486,-0.18264489865211,0.05544887088532,-3.29393359568778,1,1,"Fiz1"
"ENSMUSG00000061393.15",187.788492678629,0.102715056449489,0.105613710719039,0.972554185911885,1,1,"Acvr2b"
"ENSMUSG00000061410.7",4162.39181448815,-0.0848010436541481,0.0695816818860745,-1.21872655784596,1,1,"Zcchc14"
"ENSMUSG00000061411.13",2766.85993541906,-0.916704484211748,0.091287315308397,-10.041970027433,0.81923522759761,1,"Nol4l"
"ENSMUSG00000061414.9",188.573296675065,0.513535724779094,0.155108805689991,3.31080961196668,0.999144464253442,1,"Cracr2a"
"ENSMUSG00000061436.16",3598.0304059598,-1.00883023309302,0.105524314497874,-9.56016855350764,0.466655586037656,1,"Hipk2"
"ENSMUSG00000061451.14",76.4307674487562,0.0791259287625288,0.310485039628641,0.254846187942479,0.998745952911933,1,"Tmem151a"
"ENSMUSG00000061455.14",1341.18658863612,-0.0961882294577956,0.0697004840184168,-1.38002240317843,1,1,"Stx17"
"ENSMUSG00000061458.10",1065.61690541322,0.0175655927920615,0.0614141414001713,0.286018698488431,1,1,"Nol10"
"ENSMUSG00000061462.19",31.3794495752229,0.251245716676975,0.297923389832226,0.843323234266576,0.994032030298375,1,"Obscn"
"ENSMUSG00000061474.12",1407.12068216261,0.41429176083496,0.080909828133567,5.12041330938241,0.999999999999774,1,"Mrps36"
"ENSMUSG00000061477.5",20905.8880569679,0.599763572138428,0.106663579740169,5.62294621650095,0.99991239897173,1,"Rps7"
"ENSMUSG00000061479.16",3015.23620263356,0.0603591014043453,0.0764385533133305,0.789642121521142,1,1,"Snrpa"
"ENSMUSG00000061482.8",18.1118835933955,0.0593817657784972,0.126129695679334,0.470799247224591,0.999999999999956,1,"H4c4"
"ENSMUSG00000061510.5",9.66363766647614,-0.195120187574013,0.179974308227421,-1.08415578587725,0.999996128937561,1,"Gm10101"
"ENSMUSG00000061517.9",984.463832529472,-0.204446045219188,0.156882335120195,-1.30318078872648,0.999999802158703,1,"Sox21"
"ENSMUSG00000061518.12",5204.69870604692,0.312441973958287,0.0712408159473418,4.38571582601231,1,1,"Cox5b"
"ENSMUSG00000061533.17",634.425948398062,-0.360032331858423,0.139358582122994,-2.58349594530653,0.999997807402536,1,"Cep128"
"ENSMUSG00000061536.14",982.173019700072,-0.257032579875328,0.0888314289766325,-2.89348694303839,1,1,"Sec22c"
"ENSMUSG00000061544.14",538.279430931877,-0.15193648636197,0.0686237462277344,-2.21405118073494,1,1,"Zfp229"
"ENSMUSG00000061559.16",1506.32636634488,0.189129146133903,0.0303103620583964,6.23975212732609,1,1,"Skic8"
"ENSMUSG00000061589.15",3159.71700220419,0.0643972496725604,0.0671815776941094,0.958555185556573,1,1,"Dot1l"
"ENSMUSG00000061607.16",5879.45864141836,-0.142686863694789,0.111557299572915,-1.27904551509448,0.999999999999992,1,"Mdc1"
"ENSMUSG00000061613.14",3469.13709531124,0.0891834004194563,0.0552212794234018,1.6150187273941,1,1,"U2af1"
"ENSMUSG00000061615.3",14.3091418508315,0.16394783419616,0.205243412648477,0.798797057993555,0.999976847837541,1,"H2ac4"
"ENSMUSG00000061650.7",832.41495648699,0.143491063189804,0.0367705243288018,3.90233932773729,1,1,"Med9"
"ENSMUSG00000061665.8",2592.97214387996,0.363704892668402,0.0595138424161249,6.11126551240553,1,1,"Cd2ap"
"ENSMUSG00000061666.7",1934.93772285119,-0.932767312368639,0.0872379449292592,-10.6922201471506,0.779552188988107,1,"Gdpd1"
"ENSMUSG00000061684.7",16.9793824969764,0.543533743579499,0.172429794869077,3.15220315602762,0.995942636301361,1,"Rpl21-ps8"
"ENSMUSG00000061689.16",4499.62563267272,-0.364108361965765,0.0620966936156866,-5.8635708403287,1,1,"Dlgap4"
"ENSMUSG00000061718.13",208.56249700973,-1.12109942964099,0.31512969778623,-3.55758101352128,0.350383831218965,1,"Ppp1r1b"
"ENSMUSG00000061724.6",122.338753368525,0.488835738901211,0.445952494224113,1.09616101542768,0.874571143855497,1,"Gm2423"
"ENSMUSG00000061728.6",19.930252915412,-0.811611085934627,0.308634848901559,-2.62968063659426,0.729199639348378,1,"Btnl7-ps"
"ENSMUSG00000061731.10",2725.56788896082,0.081268394804111,0.0566871609669294,1.43362965119248,1,1,"Ext1"
"ENSMUSG00000061751.17",718.463256737631,-1.26030170527602,0.217164741740699,-5.80343611570636,0.11533455269187,1,"Kalrn"
"ENSMUSG00000061755.11",3556.01402705339,-0.00695584501488232,0.0560805219425364,-0.124033171838338,1,1,"Bod1l"
"ENSMUSG00000061758.14",931.198636707983,0.424643067992206,0.0879642385519465,4.82745118905834,0.999999999969406,1,"Akr1b10"
"ENSMUSG00000061759.16",812.837693240434,0.0976221536396172,0.0644538836006316,1.51460467835425,1,1,"Armt1"
"ENSMUSG00000061778.11",1158.57638180912,-0.154670335974279,0.0669715948788505,-2.30949160243343,1,1,"Mospd2"
"ENSMUSG00000061787.16",12822.1921422669,0.560224031711545,0.096555440661712,5.8020969908296,0.999997376321611,1,"Rps17"
"ENSMUSG00000061815.12",11.7308741556309,-1.16194235678182,0.27710496075095,-4.19314888348796,0.27947292177809,1,"Rufy4"
"ENSMUSG00000061816.16",9.03525235744472,-0.599609326605952,0.275270495097714,-2.17825497931809,0.927101036760235,1,"Myl1"
"ENSMUSG00000061838.8",3481.644166769,0.417715460824513,0.0886805382828817,4.71033970826884,0.999999999974173,1,"Suclg2"
"ENSMUSG00000061848.6",17.1436690161111,0.912229701109492,0.142460396265409,6.40339157424478,0.731086778390854,1,"Gm5805"
"ENSMUSG00000061859.18",127.091428646707,-0.560636480387315,0.166958153448371,-3.35794610091135,0.995750540912367,1,"Patj"
"ENSMUSG00000061882.14",79.8169872613917,0.397906734110176,0.127002129409085,3.13307135842174,0.999998935685024,1,"Ccdc62"
"ENSMUSG00000061887.15",4687.64353578568,-0.214534278524712,0.058997873335925,-3.63630528346651,1,1,"Ssbp3"
"ENSMUSG00000061894.16",299.608300219791,0.0379704799992385,0.0855335235459634,0.443925123449803,1,1,"Zscan20"
"ENSMUSG00000061898.11",549.779661632111,-0.41742474308054,0.0650002559202575,-6.42189383981254,1,1,"Rbak"
"ENSMUSG00000061904.13",12738.4483852476,0.543532225424227,0.0523989293918194,10.3729643283339,1,1,"Slc25a3"
"ENSMUSG00000061950.18",3393.02706398808,0.16977734251253,0.0945133393502488,1.79633206994589,1,1,"Ppp4r1"
"ENSMUSG00000061979.9",586.629644099787,0.197531822680386,0.0575908826774475,3.42991483194854,1,1,"Rcc1l"
"ENSMUSG00000061981.15",105.980372668287,-0.813029980231366,0.256045606114413,-3.17533267830445,0.767372614455358,1,"Flot2"
"ENSMUSG00000061983.8",18623.8868925422,0.703688640770422,0.118489072985175,5.93884839371192,0.993803440521414,1,"Rps12"
"ENSMUSG00000062006.13",6828.15619344961,0.59753861563008,0.0840045316781064,7.11317120271278,0.999999170026303,1,"Rpl34"
"ENSMUSG00000062012.15",371.414534795153,-0.195737853210483,0.0587150396463121,-3.3336919193033,1,1,"Zfp13"
"ENSMUSG00000062014.15",8846.26969167126,0.55133917469669,0.110917088184021,4.97073249688966,0.999973839649696,1,"Gmfb"
"ENSMUSG00000062031.14",619.9560960625,0.621232885525742,0.0793141710287408,7.83255851341657,0.999999103822183,1,"Pgghg"
"ENSMUSG00000062040.15",583.04441368178,-0.146078587265287,0.048885744934595,-2.98816326642312,1,1,"Zfp27"
"ENSMUSG00000062044.17",996.812839117333,-0.837953691578521,0.12817355300549,-6.53764892935932,0.896933895932374,1,"Lmtk3"
"ENSMUSG00000062054.8",732.176661722166,0.437323718635402,0.0788254613857779,5.54800074680319,0.999999999999527,1,"Iah1"
"ENSMUSG00000062070.13",48035.8299448138,0.37316814103904,0.107909810296381,3.45814842982406,0.999999996854822,1,"Pgk1"
"ENSMUSG00000062074.8",13.5592147161161,-0.014446588625364,0.174488325780624,-0.0827940124975872,0.999999994948312,1,"Ccn6"
"ENSMUSG00000062075.14",1307.99825182183,-0.0386175228606441,0.0730793717863586,-0.528432605763761,1,1,"Lmnb2"
"ENSMUSG00000062078.16",31255.6771645253,-0.271424696823951,0.0942232668268723,-2.88065470413663,0.999999999999995,1,"Qki"
"ENSMUSG00000062081.7",10.0708628284421,-0.162188934621962,0.221832473206283,-0.731132517605487,0.999920644249502,1,"Gm6055"
"ENSMUSG00000062082.17",15.712574702631,0.466383219127418,0.358066160200284,1.302505712538,0.931945013218811,1,"Cd200r4"
"ENSMUSG00000062098.12",2062.87838119145,-0.119758942566505,0.101423323257841,-1.18078306566677,1,1,"Btbd3"
"ENSMUSG00000062101.13",123.609852863848,-0.379428765096431,0.0622124992574768,-6.09891532449294,1,1,"Zfp119b"
"ENSMUSG00000062110.15",648.654695719508,-0.726699631797799,0.133744595071961,-5.43348784604567,0.979496034818346,1,"Scfd2"
"ENSMUSG00000062115.16",1596.90938649102,0.207962271934322,0.0407905665636953,5.09829329312169,1,1,"Rai1"
"ENSMUSG00000062116.11",274.064323871537,-0.333756005632169,0.0678379621214077,-4.91990023277609,1,1,"Zfp954"
"ENSMUSG00000062127.12",3999.76162558535,0.368397403192952,0.0985117354788304,3.73962961267816,0.999999999927927,1,"Cttnbp2nl"
"ENSMUSG00000062169.14",3014.96329813027,-0.147405891629114,0.0477392208995785,-3.08773140515194,1,1,"Cnih4"
"ENSMUSG00000062175.14",1892.93046562286,0.660022398785727,0.171446408945444,3.8497300867687,0.976316080742964,1,"Tgif2"
"ENSMUSG00000062184.12",874.461018151545,-0.417139094931434,0.231711484140002,-1.80025213890303,0.994056137462982,1,"Hs6st2"
"ENSMUSG00000062190.13",1107.20548820392,-0.486987855343874,0.0713172726985038,-6.82846997532606,0.999999999999684,1,"Lancl2"
"ENSMUSG00000062198.6",503.356704862936,0.202233281055753,0.0730464777932008,2.76855622838227,1,1,"2700097O09Rik"
"ENSMUSG00000062202.15",1219.80906644466,-0.24401384238236,0.137030564594396,-1.78072565857574,0.999999982750019,1,"Btbd9"
"ENSMUSG00000062203.16",6973.35306538718,0.0237522056164311,0.0532511293476663,0.446041349871804,1,1,"Gspt1"
"ENSMUSG00000062209.16",193.673052279227,-1.3748730330011,0.385143335800034,-3.56976975895262,0.165193710647661,1,"Erbb4"
"ENSMUSG00000062210.15",870.976742521938,0.994548852704277,0.118488809107754,8.39360999737817,0.518347101846177,1,"Tnfaip8"
"ENSMUSG00000062232.15",2195.15925527791,-0.521636045189633,0.0997484296809894,-5.22951636289318,0.999999189477958,1,"Rapgef2"
"ENSMUSG00000062234.15",2731.02183168143,0.0839994950410524,0.0442140351138821,1.89983779640775,1,1,"Gak"
"ENSMUSG00000062248.6",1569.15495513146,0.264564665593163,0.12355853247489,2.14120919287325,0.999999998676552,1,"Cks2"
"ENSMUSG00000062270.15",13369.2319716961,0.0990256426072264,0.0319248800300922,3.10183288124765,1,1,"Morf4l1"
"ENSMUSG00000062300.15",1500.96142590234,0.0205764184468633,0.0725938484411358,0.283445758679513,1,1,"Nectin2"
"ENSMUSG00000062312.6",613.685310111853,1.14568767659842,0.240092393694555,4.77186161114275,0.2719923602277,1,"Erbb2"
"ENSMUSG00000062328.9",24947.8334685565,0.696425133867582,0.112868037552924,6.17025996878017,0.996423588510903,1,"Rpl17"
"ENSMUSG00000062352.16",811.227114896217,0.432775807600157,0.0636537245718749,6.79890784884844,1,1,"Itgb1bp1"
"ENSMUSG00000062353.7",142.872110364879,0.773908490222357,0.13262232340998,5.83543154970936,0.955882004943676,1,"Gm15772"
"ENSMUSG00000062373.9",2320.63980278706,0.0367299487705737,0.0515225144301485,0.712891231664756,1,1,"Tmem65"
"ENSMUSG00000062376.8",516.366193636422,0.253331035240389,0.0575653986733986,4.40075185924935,1,1,"Borcs7"
"ENSMUSG00000062382.10",240.683061354092,0.527789578138355,0.0987790448234831,5.34313304083379,0.999999125577832,1,"Ftl1-ps1"
"ENSMUSG00000062397.9",5279.8513837188,0.211603513600282,0.0390664413884391,5.41650342544128,1,1,"Zfp706"
"ENSMUSG00000062421.14",1894.74947717061,-0.742387971022649,0.0707006336118938,-10.50044296771,0.999865627640219,1,"Arf2"
"ENSMUSG00000062456.5",147.494357506344,0.664528227719206,0.0931765917463195,7.13192246319156,0.99984112793724,1,"Rpl9-ps6"
"ENSMUSG00000062470.12",64.8453927665321,0.354478932662775,0.113412538272835,3.12557092946822,0.999999993714512,1,"Fbxl12os"
"ENSMUSG00000062480.13",19.4702543609969,0.117850560942688,0.193703742175402,0.60840621672643,0.999997373633862,1,"Acat3"
"ENSMUSG00000062510.13",801.610754875167,-0.49617851777663,0.121002534431782,-4.10056301801151,0.999984345256548,1,"Nsl1"
"ENSMUSG00000062515.4",93.5481471720583,1.38416326784823,0.334515570737485,4.13781416750393,0.125398291416943,1,"Fabp4"
"ENSMUSG00000062519.14",863.633305813271,-0.342122166694294,0.0691147210665237,-4.9500621779982,1,1,"Zfp398"
"ENSMUSG00000062526.5",269.030437465044,0.0121637706173184,0.101761596164725,0.119532034438891,1,1,"Mppe1"
"ENSMUSG00000062554.8",10.3171489654604,0.513070389876468,0.343918922616301,1.49183530226653,0.921592307170598,1,"Gm12751"
"ENSMUSG00000062561.4",25.6245493625391,-0.994498384671098,0.231829703983664,-4.28977981501962,0.509466521905793,1,"Gm10118"
"ENSMUSG00000062563.16",82.501065376229,-0.758296696434071,0.123161297595325,-6.15693981177132,0.975147498874062,1,"Cys1"
"ENSMUSG00000062580.10",3375.12630261983,-0.00968588957954065,0.0564598527688599,-0.171553574877242,1,1,"Timm17a"
"ENSMUSG00000062590.14",571.924227965836,-0.663875747816794,0.0859740885144696,-7.72181199344803,0.999953775362124,1,"Armc9"
"ENSMUSG00000062591.6",2040.47137076502,-0.725801389813032,0.274263464153017,-2.64636557426436,0.841287521626482,1,"Tubb4a"
"ENSMUSG00000062593.18",252.071505002378,-0.347076007115778,0.474768099156975,-0.73104323507006,0.917747346083254,1,"Gm49339"
"ENSMUSG00000062604.12",5773.11560141636,-0.147692836536948,0.0497702096984226,-2.96749476106042,1,1,"Srpk2"
"ENSMUSG00000062609.15",98.8988702322671,0.424106700047179,0.422624639186196,1.00350680183682,0.91388129692844,1,"Kcnj15"
"ENSMUSG00000062611.5",200.000588747067,0.41769313676019,0.0903137186505295,4.62491350152972,0.999999999943183,1,"Rps3a2"
"ENSMUSG00000062619.7",338.058627341767,-0.0348017691501947,0.115962186277178,-0.300113082268128,1,1,"2310039H08Rik"
"ENSMUSG00000062627.10",1636.73657889425,0.163401512365797,0.0457279311119408,3.57334146532442,1,1,"Mysm1"
"ENSMUSG00000062646.13",577.054915546426,-0.27197300183516,0.0679069580459987,-4.00508297913937,1,1,"Ganc"
"ENSMUSG00000062647.17",29146.4393650057,0.473203848992706,0.0840946366321959,5.62703958235,0.999999999812778,1,"Rpl7a"
"ENSMUSG00000062661.7",2222.50341308459,0.377844678594767,0.161551349603194,2.33885188531595,0.999941213076325,1,"Ncs1"
"ENSMUSG00000062683.12",5612.45129786153,0.289885728141291,0.0676240236923004,4.28672699897769,1,1,"Atp5mc2"
"ENSMUSG00000062691.12",624.548351640342,0.0508406381631917,0.0750028887108889,0.67784906737613,1,1,"Cebpzos"
"ENSMUSG00000062694.8",16.5809162631161,-0.0457785979557043,0.223359875578407,-0.204954438827283,0.999991739278717,1,"Cav3"
"ENSMUSG00000062704.4",12.3916994180755,0.0175918490165343,0.146283791846615,0.120258360782582,0.999999999992393,1,"9430002A10Rik"
"ENSMUSG00000062727.5",11.5279082209615,-0.0603536910877329,0.235968020496989,-0.255770637735646,0.999969345214228,1,"H2bc12"
"ENSMUSG00000062729.13",1179.76902129681,-0.106285144224665,0.0604206293901718,-1.7590870088148,1,1,"Ppox"
"ENSMUSG00000062742.5",32.6205204904018,0.495791364483952,0.13381071065463,3.70516950443231,0.999917743970691,1,"Gm5239"
"ENSMUSG00000062743.10",184.009070445631,-0.125261578684962,0.0992661815188944,-1.26187566367827,1,1,"Zfp677"
"ENSMUSG00000062753.15",345.652027479349,0.497536862392609,0.101627732240055,4.89568006119998,0.999999617623421,1,"Smim29"
"ENSMUSG00000062761.8",1537.16012930117,-0.299492717442085,0.0560576271555905,-5.34258641755973,1,1,"Zfp512"
"ENSMUSG00000062762.18",5219.59065148571,-0.122555304686784,0.0297925568960024,-4.11362157046779,1,1,"Ei24"
"ENSMUSG00000062785.15",587.000318644647,-0.7020365575339,0.173524323826713,-4.04575302212372,0.957022089195544,1,"Kcnc3"
"ENSMUSG00000062797.15",1298.57752432865,0.0568477830840219,0.0476946231515176,1.19191177805151,1,1,"Hikeshi"
"ENSMUSG00000062822.9",1845.23386368396,0.120483432954078,0.0759030018951753,1.58733422849955,1,1,"4833420G17Rik"
"ENSMUSG00000062825.16",97218.6491094443,-0.143885602459395,0.0616226252112507,-2.33494762623527,1,1,"Actg1"
"ENSMUSG00000062846.8",19.8468430843622,1.46567968848994,0.661785784448201,2.21473431876757,0.240916086249626,1,"Gm14176"
"ENSMUSG00000062861.9",610.46280646728,-0.170119083228751,0.0621810223085795,-2.73586822655501,1,1,"Zfp28"
"ENSMUSG00000062866.17",1549.79938603032,0.614153103243478,0.10252495086686,5.99027942028493,0.99991620531843,1,"Phactr2"
"ENSMUSG00000062867.14",5443.84706032004,0.236223600734167,0.116276849025365,2.03156176585622,0.999999999974605,1,"Impdh2"
"ENSMUSG00000062901.4",3862.16940314536,0.235920015665975,0.0953590314221516,2.47401858164398,0.999999999999999,1,"Klhl24"
"ENSMUSG00000062906.13",285.658984452592,-0.129654006787498,0.0821632710684935,-1.57800444287832,1,1,"Hdac10"
"ENSMUSG00000062908.13",2252.34095263343,0.176634530846141,0.0837464812488588,2.10915764115818,1,1,"Acadm"
"ENSMUSG00000062929.9",7097.10858359668,0.400030698263366,0.0526543155681181,7.59730126480996,1,1,"Cfl2"
"ENSMUSG00000062931.16",710.577036877807,-0.039454949853182,0.0637639718255954,-0.618765561861447,1,1,"Zfp938"
"ENSMUSG00000062933.8",158.0977862,0.0872805843411395,0.0842525317755356,1.03594019671327,1,1,"Gm10123"
"ENSMUSG00000062944.5",347.250514291438,-0.246626227583112,0.0652145412997955,-3.7817674197746,1,1,"Zfp696"
"ENSMUSG00000062949.14",1442.44152800934,0.00746541591319544,0.0825118010756727,0.0904769477319832,1,1,"Atp11c"
"ENSMUSG00000062960.11",107.43006934059,1.26687504816699,0.210796532035037,6.00994255425618,0.102750903697934,1,"Kdr"
"ENSMUSG00000062963.11",2894.5137809091,-0.352552344408165,0.0500330853446658,-7.04638424713403,1,1,"Ufc1"
"ENSMUSG00000062980.16",445.15079774225,0.899693610661467,0.177119042335125,5.07959843729939,0.714412505970293,1,"Cped1"
"ENSMUSG00000062981.6",2330.2000592318,0.285939488927245,0.0737931946218098,3.87487613719239,1,1,"Mrpl42"
"ENSMUSG00000062995.13",740.885835105406,-0.573057661993966,0.113117844240155,-5.066023542469,0.999919775929819,1,"Ica1"
"ENSMUSG00000062997.7",8354.2024253446,0.505743007060473,0.0870395004900797,5.81049987893847,0.999999993207403,1,"Rpl35"
"ENSMUSG00000063015.13",12324.6058458506,0.142980770990063,0.0653263996376584,2.18871347239593,1,1,"Ccni"
"ENSMUSG00000063018.9",43.6507073085597,0.665557701149528,0.202252822913508,3.29072144241047,0.95089410125768,1,"2010204K13Rik"
"ENSMUSG00000063019.6",1015.55244758151,-0.31751758774562,0.0531111545657755,-5.97835973142685,1,1,"Manbal"
"ENSMUSG00000063047.10",573.479637879024,-0.141884147747983,0.0498134684646248,-2.84830894376975,1,1,"Zfp780b"
"ENSMUSG00000063049.5",578.613327992564,0.346525586880853,0.0588946952965697,5.8838166177088,1,1,"Ing2"
"ENSMUSG00000063052.10",1861.96231304824,0.0541357383566643,0.037007939297272,1.46281417946054,1,1,"Lrrc40"
"ENSMUSG00000063065.14",3256.6960142643,0.284129604492907,0.0756130831377996,3.7576778078881,1,1,"Mapk3"
"ENSMUSG00000063077.16",13769.4847573975,0.0294479667094591,0.0954084040482255,0.308651706348365,1,1,"Kif1b"
"ENSMUSG00000063087.17",96.2527107590409,-0.274410496944234,0.127570246751736,-2.15105405791261,0.999999993564337,1,"Zeb1os1"
"ENSMUSG00000063108.16",2350.2664783554,-0.334683706154643,0.117071895541377,-2.85878779537105,0.999999993381299,1,"Zfp26"
"ENSMUSG00000063142.17",626.44416591538,-0.0627886914887176,0.297992362058936,-0.210705707538569,0.999350699979165,1,"Kcnma1"
"ENSMUSG00000063145.11",184.790161274056,0.172366238453548,0.0804082553630871,2.14363858132751,1,1,"Bbs5"
"ENSMUSG00000063146.12",3282.722882105,-0.570533627492358,0.0529998569113526,-10.7648144870774,1,1,"Clip2"
"ENSMUSG00000063160.13",1298.71768085335,-0.108183506789331,0.0715423785983047,-1.51215977031961,1,1,"Numbl"
"ENSMUSG00000063172.14",989.838619161112,0.52245555525539,0.0827704793668383,6.3121001503431,0.999999996024693,1,"Ift25"
"ENSMUSG00000063179.14",478.841288665491,0.129957401404794,0.0642683411396815,2.02210604942087,1,1,"Pstk"
"ENSMUSG00000063193.10",28.7457587243318,0.64422345896994,0.389809719774131,1.65266135319362,0.819310268313119,1,"Cd300lb"
"ENSMUSG00000063200.5",2592.34746750664,0.104498349449295,0.0656643455709855,1.5914016737794,1,1,"Nol7"
"ENSMUSG00000063229.16",47863.9988760111,0.51767457186726,0.0972313291621698,5.32415401833953,0.999999648615499,1,"Ldha"
"ENSMUSG00000063235.19",886.415128753256,0.531065106540726,0.0695220146267363,7.63880490794195,0.999999999992355,1,"Ptpmt1"
"ENSMUSG00000063236.7",709.408411147902,-0.0611548982138729,0.0452456708124777,-1.3516187762434,1,1,"1110038F14Rik"
"ENSMUSG00000063239.18",179.239415248935,-1.15811725465645,0.26478326146046,-4.37383106571255,0.275201185924799,1,"Grm4"
"ENSMUSG00000063253.12",3234.02808714536,0.132795768644898,0.058500269065891,2.27000269854016,1,1,"Scoc"
"ENSMUSG00000063268.13",364.169861664191,0.0379571670823589,0.176491393384885,0.215065258165783,0.999999976985123,1,"Parp10"
"ENSMUSG00000063273.12",6535.89077516343,-0.0119171117336286,0.0764541381864052,-0.155872684151813,1,1,"Naa15"
"ENSMUSG00000063275.17",1254.58530034851,0.382590918307115,0.0608386474140588,6.28861643986359,1,1,"Hacd1"
"ENSMUSG00000063281.10",897.937720593818,-0.191432234148903,0.030289126654384,-6.32016354691414,1,1,"Zfp35"
"ENSMUSG00000063314.6",8.03177364806782,-0.18529822351345,0.345597054577741,-0.536168410751798,0.991099780593568,1,"H3f5"
"ENSMUSG00000063316.14",12612.1103286126,0.279154428101986,0.100932249102135,2.76576050355824,0.99999999999954,1,"Rpl27"
"ENSMUSG00000063317.8",2399.34265852285,0.303955788879763,0.094470113242356,3.21748094130031,0.999999999999913,1,"Usp31"
"ENSMUSG00000063320.12",209.205718078872,0.47699845139565,0.103373270109819,4.61433067647863,0.99999978965591,1,"Uqcc6"
"ENSMUSG00000063334.17",2322.72137215647,0.0782249028115373,0.0524344188689561,1.49186172935447,1,1,"Krr1"
"ENSMUSG00000063358.18",9468.86634532464,0.0877944279331573,0.0554629365451199,1.58293868666213,1,1,"Mapk1"
"ENSMUSG00000063362.14",1757.1563236104,0.157083920791133,0.0483129317241692,3.25138457107022,1,1,"Alg11"
"ENSMUSG00000063364.11",77.2857322371929,-0.645375749424012,0.0847778626455476,-7.61255036733231,0.999985614473951,1,"3300002I08Rik"
"ENSMUSG00000063382.7",3621.64208776654,0.145353953175597,0.094179147114809,1.5433772510002,1,1,"Bcl9l"
"ENSMUSG00000063383.6",125.612770201965,-0.319866889913014,0.0841484221454152,-3.80122267010852,1,1,"Zfp947"
"ENSMUSG00000063406.12",2352.16905203001,-0.107407607703605,0.0549311301954725,-1.95531399629671,1,1,"Tmed5"
"ENSMUSG00000063410.9",1664.69665670576,1.02043871441991,0.0846524206189026,12.0544540482053,0.40460598597969,1,"Stk24"
"ENSMUSG00000063412.5",2816.51455406931,-0.128788223005682,0.0750722041175318,-1.71552473408205,1,1,"Erhrt-ps"
"ENSMUSG00000063439.8",132.251791283733,0.237667308784021,0.0858766335682812,2.76754338064556,1,1,"B9d2"
"ENSMUSG00000063445.15",440.419669252816,-0.498835106662898,0.103174216674693,-4.83488145333557,0.99999940550191,1,"Nmral1"
"ENSMUSG00000063450.15",2964.17812047513,0.112674082707244,0.078671722396299,1.43220561690085,1,1,"Syne2"
"ENSMUSG00000063455.17",2243.95134492256,-0.466961301453746,0.0897282232948464,-5.20417416401208,0.99999999858002,1,"D630045J12Rik"
"ENSMUSG00000063457.15",20766.8013655177,0.723595940487498,0.111308552440253,6.500811704257,0.99349003916426,1,"Rps15"
"ENSMUSG00000063480.9",3427.8542083661,-0.0144314301974836,0.051505270107176,-0.280193272794291,1,1,"Snu13"
"ENSMUSG00000063511.12",6710.08896074104,0.075787707944876,0.0541137364837485,1.40052624101528,1,1,"Snrnp70"
"ENSMUSG00000063524.14",67279.8459037212,0.306054966574336,0.0875395249380193,3.49619176927259,0.999999999999999,1,"Eno1"
"ENSMUSG00000063531.8",164.341098292105,0.023027905263269,0.29363442378628,0.0784237248696348,0.999808310470232,1,"Sema3e"
"ENSMUSG00000063535.8",131.939822080931,-0.7529080513693,0.0941584351723392,-7.99618271046289,0.995657548886086,1,"Zfp773"
"ENSMUSG00000063550.9",3507.84782504658,0.158924455583429,0.0668593302922575,2.37699741963812,1,1,"Nup98"
"ENSMUSG00000063558.5",1044.91534156799,0.818506521708866,0.118350416239746,6.91595811586157,0.937426886633107,1,"Aox1"
"ENSMUSG00000063564.14",80.8696958007971,-0.0875442866971946,0.248887353661845,-0.351742607284652,0.99988310311283,1,"Col23a1"
"ENSMUSG00000063576.13",2534.71456779366,-0.0650719429127066,0.0442269856915469,-1.47131761062215,1,1,"Klhdc3"
"ENSMUSG00000063594.6",24.0846527384406,0.595036650409648,0.211666606672264,2.81119757038945,0.972139618947071,1,"Gng8"
"ENSMUSG00000063611.6",232.401145078758,-1.02730423568699,0.243053830329991,-4.22665314219585,0.455277617534557,1,"Gm10134"
"ENSMUSG00000063632.7",8241.84212303123,-0.408972975227346,0.0863559138170236,-4.73590003452345,0.999999999996152,1,"Sox11"
"ENSMUSG00000063652.11",97.2584628927068,0.231561487574244,0.136595102236137,1.69524004728907,0.999999990760355,1,"Slc22a21"
"ENSMUSG00000063659.12",5747.83985692462,-0.781230235035516,0.0754826505100469,-10.3497986591175,0.998123915531646,1,"Zbtb18"
"ENSMUSG00000063663.12",2314.82238986091,-0.127820344685484,0.101015660519387,-1.2653517685107,1,1,"Brwd3"
"ENSMUSG00000063684.10",22.5781619714094,0.21831753756845,0.146979647900412,1.48535896423139,0.999999947630543,1,"Hadhb-ps"
"ENSMUSG00000063687.4",1602.68900202852,-0.513536848699213,0.0859454899439775,-5.97514597955001,0.999999992437341,1,"Pcdhb5"
"ENSMUSG00000063694.6",3142.48899382801,0.254596373085082,0.0662739960671938,3.84157268601929,1,1,"Cycs"
"ENSMUSG00000063696.8",46.8598871730646,0.518135103807674,0.120457027309018,4.30141034842626,0.999968369604275,1,"Gm8730"
"ENSMUSG00000063714.18",233.1802874234,0.238056670170512,0.116860994237984,2.03709263063189,0.999999999964866,1,"Sp3os"
"ENSMUSG00000063739.3",9.35103330932623,0.410153228042067,0.83379082254469,0.491913819332167,0.805743671339115,1,"Gm4963"
"ENSMUSG00000063760.10",1829.68525930086,0.0108707222667901,0.057765666055393,0.188186564946138,1,1,"Rnf217"
"ENSMUSG00000063765.13",419.662348606149,-1.15096731184348,0.130766851687299,-8.80167486631686,0.124152348291716,1,"Chadl"
"ENSMUSG00000063785.13",1306.50348263632,0.0435761724900267,0.0419555846708624,1.038626271851,1,1,"Utp14a"
"ENSMUSG00000063787.5",1570.51798837496,0.728145754550702,0.0586244473645407,12.4205137495441,0.999998234336299,1,"Chchd1"
"ENSMUSG00000063800.6",1567.49328708867,-0.00974631914525335,0.055344159856374,-0.176103841318514,1,1,"Prpf38a"
"ENSMUSG00000063801.8",2011.75041791398,-0.159649155830641,0.05472948255505,-2.91705947831787,1,1,"Ap3s2"
"ENSMUSG00000063802.6",692.868714054119,0.218126727503364,0.0525181248484638,4.15336092316221,1,1,"Hspbp1"
"ENSMUSG00000063808.15",937.51059605891,0.00826804091870069,0.0310623220845041,0.266175880097043,1,1,"Gpatch1"
"ENSMUSG00000063810.8",1252.09355270187,-0.0505444530065529,0.0799314370463344,-0.632347607828613,1,1,"Alms1"
"ENSMUSG00000063838.7",60.6696771913982,0.336985607546782,0.161716699204834,2.08380216269408,0.999979329200913,1,"Cdc42ep5"
"ENSMUSG00000063849.7",435.507077286103,0.405783609061494,0.0721783901209844,5.6219542771919,1,1,"Ppcdc"
"ENSMUSG00000063856.9",2862.75563179832,0.233494447579235,0.0592397434757958,3.94151685809774,1,1,"Gpx1"
"ENSMUSG00000063870.13",21510.4260707614,-0.0932054553450374,0.0426369952354941,-2.18602307292627,1,1,"Chd4"
"ENSMUSG00000063882.13",5149.35638999024,0.512863203251672,0.0779711075051727,6.57760572680909,0.999999999791673,1,"Uqcrh"
"ENSMUSG00000063884.7",2417.7094053543,0.0536696936087861,0.0480653806861132,1.11659770176942,1,1,"Ptcd3"
"ENSMUSG00000063887.14",1592.88820505928,-0.460869631434302,0.134916044104245,-3.41597350036592,0.999967795035538,1,"Nlgn1"
"ENSMUSG00000063888.8",3366.05888416027,0.128365894518485,0.053748021165354,2.38829061489671,1,1,"Rpl7l1"
"ENSMUSG00000063889.17",713.12104621139,0.177316824002761,0.0838632010230525,2.11435792862259,1,1,"Crem"
"ENSMUSG00000063894.16",1596.8089690625,-0.228707522529347,0.0609997380397973,-3.74931974921161,1,1,"Zkscan8"
"ENSMUSG00000063902.14",693.221934649814,-0.114363031584154,0.0449324083947764,-2.54522371868785,1,1,"Gm7964"
"ENSMUSG00000063904.5",1760.38306095846,-0.0245254219787936,0.0913657560899687,-0.268431226625468,1,1,"Dpp3"
"ENSMUSG00000063931.15",936.764427209026,0.186122680357817,0.0687663114156202,2.70659682810236,1,1,"Pepd"
"ENSMUSG00000063952.17",799.736723994887,-0.0918119046067897,0.0778167882948352,-1.17984700497956,1,1,"Brpf3"
"ENSMUSG00000063953.4",54.013313619185,0.438596021985045,0.127984626395813,3.42694301914525,0.999994240420636,1,"Amd2"
"ENSMUSG00000063972.14",243.397685722352,-0.549435620339813,0.106997605548198,-5.1350272515427,0.999987286528045,1,"Nr6a1"
"ENSMUSG00000064030.16",782.063396530973,-0.0408361171910551,0.0625563273769326,-0.652789556282571,1,1,"Pym1"
"ENSMUSG00000064032.3",12.938399336187,-0.0536852936412191,0.130545796483009,-0.411237244610986,0.99999999999979,1,"Gm10143"
"ENSMUSG00000064036.16",667.023301379968,-0.429977201835033,0.105135518611306,-4.0897425295888,0.999999970497561,1,"Mro"
"ENSMUSG00000064037.14",1058.66979690062,-0.191980881368598,0.0560866596578282,-3.42293305644924,1,1,"Gpn1"
"ENSMUSG00000064043.16",959.242285416268,0.0346123514017439,0.0691675944821475,0.500412825700878,1,1,"Trerf1"
"ENSMUSG00000064061.14",3463.84816906166,-0.12123913736367,0.0667910685661187,-1.81519984582446,1,1,"Dzip3"
"ENSMUSG00000064065.16",76.8894939254669,0.576735672751889,0.290218746701502,1.98724472249574,0.927639284404883,1,"Ipcef1"
"ENSMUSG00000064068.16",947.156959193767,-0.264476208317665,0.0555580372034187,-4.76035910608791,1,1,"Mtx1"
"ENSMUSG00000064090.15",293.555185454292,0.0932872288804293,0.103071325546597,0.905074504336855,1,1,"Vrk2"
"ENSMUSG00000064105.14",763.139508983081,0.628619424567823,0.0646590229653213,9.72206810030166,0.999999995367892,1,"Cnnm2"
"ENSMUSG00000064115.14",2580.08549355559,-1.01616028268752,0.155342511279337,-6.54141789210721,0.458572767420394,1,"Cadm2"
"ENSMUSG00000064120.15",298.139783962269,0.374650656321653,0.0780936183964042,4.79745546454157,0.999999999999999,1,"Mocs1"
"ENSMUSG00000064127.14",3371.82246198798,-0.0920583065272301,0.0939109144915373,-0.980272708722539,1,1,"Med14"
"ENSMUSG00000064128.9",807.615477012026,0.432009268172401,0.113047986026659,3.8214680628678,0.999999747407475,1,"Cenpj"
"ENSMUSG00000064138.15",2303.29760012401,-0.0655832370601032,0.0481286362080413,-1.36266560258663,1,1,"Arb2a"
"ENSMUSG00000064141.15",53.9270010963754,-0.569622866491688,0.103405685314301,-5.50862232342759,0.999984228167191,1,"Zfp69"
"ENSMUSG00000064145.13",1833.73762974469,0.120956776666635,0.0548658664488383,2.20459065891952,1,1,"Arih2"
"ENSMUSG00000064147.8",21.6558460124208,-0.489805917186437,0.25181017619227,-1.94513948797862,0.978623034658178,1,"Rab44"
"ENSMUSG00000064179.15",18.6150618705889,0.557377789200507,0.207018405752583,2.69240692475748,0.983744932939796,1,"Tnnt1"
"ENSMUSG00000064181.7",1378.73817074146,0.276499192549266,0.0640543364481776,4.3166350302132,1,1,"Rab3ip"
"ENSMUSG00000064202.17",102.530946463027,-0.819780110948072,0.163642689401032,-5.00957368733455,0.864617203918001,1,"Spata6l"
"ENSMUSG00000064208.7",21.4541019988897,1.34882380064446,0.460930221756763,2.92630801144614,0.224590344217682,1,"Gm10145"
"ENSMUSG00000064210.8",5370.19378179907,0.470229425877071,0.095901820875892,4.90323772356316,0.999999983440396,1,"Ano6"
"ENSMUSG00000064215.14",2167.38770293865,-0.512476090944943,0.111686498684044,-4.58852320542983,0.999993647074589,1,"Ifi27"
"ENSMUSG00000064220.7",280.526820237324,-0.0300897515817641,0.110903242359649,-0.27131534607605,1,1,"H2ac18"
"ENSMUSG00000064225.7",131.464351886366,0.935953361373998,0.297463686728091,3.14644577853816,0.585236832361786,1,"Paqr9"
"ENSMUSG00000064246.11",39.9625833995432,0.777110300537257,0.293753336848903,2.64545182319743,0.77600337557256,1,"Chi3l1"
"ENSMUSG00000064254.7",387.719877257812,0.12459369459021,0.0574031480118531,2.17050281919178,1,1,"Ethe1"
"ENSMUSG00000064262.8",63.6597059768052,-0.824896946904382,0.177945620977999,-4.63566870806205,0.837448546203895,1,"Gimap8"
"ENSMUSG00000064264.15",757.998674048694,-0.200793249816084,0.0593850955494262,-3.38120614201865,1,1,"Zfp428"
"ENSMUSG00000064267.14",557.880396370118,0.644692297241281,0.210461832870048,3.06322665943593,0.954316330318371,1,"Hvcn1"
"ENSMUSG00000064281.8",22.9504478849134,0.472897353610476,0.139267739228588,3.39559869521744,0.999923088558814,1,"Rpl19-ps1"
"ENSMUSG00000064284.13",217.662043425283,0.339996904586379,0.0779862669797153,4.3597022623844,1,1,"Cdpf1"
"ENSMUSG00000064289.16",1181.5393742024,-0.103544198071548,0.0433823409622224,-2.3867821739199,1,1,"Tank"
"ENSMUSG00000064302.15",6484.60033588984,-0.719265880959323,0.0691762532052927,-10.3975836740503,0.999975278459984,1,"Clasp1"
"ENSMUSG00000064307.14",280.498831459858,0.778655873922415,0.147348182163872,5.2844620305966,0.933475241007201,1,"Lrrc51"
"ENSMUSG00000064325.5",146.080060576315,-1.21839933793565,0.308384837211194,-3.95090546264841,0.239409328828464,1,"Hhip"
"ENSMUSG00000064326.14",597.903954831212,0.436735858089817,0.105720739760044,4.13103293716145,0.999999950308666,1,"Siva1"
"ENSMUSG00000064337.1",26117.4285727004,0.403221269633682,0.157590223502564,2.55866931762503,0.999923731382934,1,"mt-Rnr1"
"ENSMUSG00000064339.1",75037.450108321,0.384397490248262,0.152198383574099,2.52563451215048,0.99997380910886,1,"mt-Rnr2"
"ENSMUSG00000064340.1",17.7901850760657,0.930460799208733,0.285765692446632,3.25602696125778,0.596130314446968,1,"mt-Tl1"
"ENSMUSG00000064341.1",148629.635138585,0.313004930602397,0.134249136623527,2.33152285723932,0.99999984504179,1,"mt-Nd1"
"ENSMUSG00000064345.1",122720.619086502,0.333588363521969,0.139129929273938,2.39767507439146,0.999999165474156,1,"mt-Nd2"
"ENSMUSG00000064351.1",514639.095470859,0.444224154883451,0.122834939057247,3.61643159749866,0.999996974144748,1,"mt-Co1"
"ENSMUSG00000064354.1",13176.6755408622,0.421487753858314,0.155833410722884,2.70473290614064,0.999897338753602,1,"mt-Co2"
"ENSMUSG00000064356.1",26825.0922131959,0.137506405286779,0.144300440373602,0.952917433451812,0.999999998864057,1,"mt-Atp8"
"ENSMUSG00000064357.1",43822.2865287481,0.356952587662317,0.148231608860609,2.40807335497505,0.99999281486514,1,"mt-Atp6"
"ENSMUSG00000064358.1",29293.4350896226,0.493411959234291,0.165875962341494,2.97458385331618,0.998871004297587,1,"mt-Co3"
"ENSMUSG00000064363.1",168834.81868874,0.239718861317802,0.130401324445578,1.83831615466334,0.999999997233901,1,"mt-Nd4"
"ENSMUSG00000064367.1",124789.79803854,0.407162617743341,0.132979726272103,3.06183979436237,0.999995865601029,1,"mt-Nd5"
"ENSMUSG00000064368.1",10491.9365093181,0.668538062581035,0.130539399772961,5.12135082391816,0.994444234704086,1,"mt-Nd6"
"ENSMUSG00000064370.1",219201.653956991,0.165259790262671,0.118347260297361,1.39639726215408,0.999999999999126,1,"mt-Cytb"
"ENSMUSG00000064816.3",14.5705643196049,-0.609120586781823,0.160430339052711,-3.7967917438714,0.992583751227573,1,"Gm22357"
"ENSMUSG00000065087.3",12.9713690916444,0.475028904218637,0.22934590301095,2.07123344250871,0.98896011154392,1,"Snord22"
"ENSMUSG00000065353.3",10.8488499843209,0.191517641557638,0.153062539380641,1.25123784260083,0.999999936123135,1,"Snora73b"
"ENSMUSG00000065947.1",1062.84912536892,0.245151222035618,0.150019168256397,1.63413265707907,0.999999756902626,1,"mt-Nd4l"
"ENSMUSG00000065952.14",15.4043792665429,1.15589305551337,0.235427843425427,4.90975510243546,0.25393141072744,1,"Rps23rg1"
"ENSMUSG00000065954.12",3319.51823694852,0.268537315325883,0.0853411854615949,3.14663211992444,1,1,"Tacc1"
"ENSMUSG00000065979.13",2143.4579436492,0.0392383032646357,0.0447192579491704,0.877436367777736,1,1,"Cpped1"
"ENSMUSG00000065990.13",2133.07294627856,0.669346526576251,0.081605617315535,8.20221142361029,0.999974592550956,1,"Aurkaip1"
"ENSMUSG00000066026.15",127.386705317873,-0.672901781961385,0.257362359007155,-2.6146083854581,0.898129219995438,1,"Dhrs3"
"ENSMUSG00000066036.15",7699.99710497692,0.10604500171502,0.0674014315986101,1.57333455981381,1,1,"Ubr4"
"ENSMUSG00000066037.15",5763.72346578346,-0.336151506016496,0.0785748608979366,-4.27810500935069,1,1,"Hnrnpr"
"ENSMUSG00000066042.5",298.810177010658,-0.110269628506153,0.0497284418544907,-2.21743582533333,1,1,"Med18"
"ENSMUSG00000066043.14",1567.53223996385,0.0111367747862731,0.0595958641582825,0.186871604994176,1,1,"Phactr4"
"ENSMUSG00000066057.10",453.315759959218,-0.199611149565726,0.093807353991082,-2.12788380732605,1,1,"Gm1976"
"ENSMUSG00000066068.6",11.8849010324121,0.791686138775034,0.557026609468608,1.42127166874539,0.646437213655767,1,"Gm13611"
"ENSMUSG00000066148.4",1412.39940883949,0.00753434102085238,0.0474405051643599,0.158816627157517,1,1,"Prpf4"
"ENSMUSG00000066149.12",1141.69939580578,0.0873859622755069,0.036825552587893,2.37297083504557,1,1,"Cdc26"
"ENSMUSG00000066150.13",4546.9994525241,0.360571233784706,0.0482672591850781,7.47030678502203,1,1,"Slc31a1"
"ENSMUSG00000066151.13",1663.42528118622,0.0135790407725785,0.0328272862065846,0.413651030643367,1,1,"Fkbp15"
"ENSMUSG00000066152.12",189.040638964231,0.335861105624667,0.0966505072598351,3.47500613444002,0.999999999996825,1,"Slc31a2"
"ENSMUSG00000066175.5",32.6962984847138,-0.980935818578304,0.202381608495566,-4.84696127217408,0.537524531641951,1,"2510046G10Rik"
"ENSMUSG00000066191.13",311.468631045181,0.0209291818989245,0.0495216848148307,0.422626612506865,1,1,"Anks6"
"ENSMUSG00000066232.5",9477.13949849605,0.158471667247064,0.0508902941689067,3.11398607210033,1,1,"Ipo7"
"ENSMUSG00000066233.7",169.46920624648,0.0199174993636938,0.0834503724651833,0.238674780894521,1,1,"Tmem42"
"ENSMUSG00000066235.8",480.601702807732,-0.028002598843491,0.0685534186301179,-0.408478517965383,1,1,"Pomgnt2"
"ENSMUSG00000066245.6",10.1246934673348,0.343266238892471,0.187059979697897,1.83505974632761,0.999776635908028,1,"Gm10156"
"ENSMUSG00000066258.14",86.6060306124715,-1.00326922649699,0.297984342739549,-3.36685215495999,0.495623238135561,1,"Trim12a"
"ENSMUSG00000066306.14",4895.02047439758,0.118327019761769,0.0627590570200046,1.88541742626968,1,1,"Numa1"
"ENSMUSG00000066315.10",183.340559500325,0.556681507762772,0.115320819837026,4.82724202402901,0.999939531526298,1,"Gm12918"
"ENSMUSG00000066324.3",13342.9442679362,-0.137684624506365,0.0546763037402984,-2.51817725573293,1,1,"Bpnt2"
"ENSMUSG00000066357.7",3586.7116524424,-1.10934674886555,0.127125527306959,-8.72638857329498,0.194853773961433,1,"Wdr6"
"ENSMUSG00000066362.6",47.5868137397135,0.589347501701097,0.138612261563912,4.25177033439685,0.998474729773446,1,"Rps13-ps1"
"ENSMUSG00000066406.17",2184.62659699032,0.355506898491062,0.116515393979561,3.05115818904945,0.999999984115637,1,"Akap13"
"ENSMUSG00000066415.5",2144.08762367603,0.0691396611707288,0.0535650560143286,1.29076055016602,1,1,"Msl2"
"ENSMUSG00000066438.7",64.2194459425836,0.053564353065125,0.202055898590426,0.265096705608688,0.999998685842711,1,"Plekhd1"
"ENSMUSG00000066440.6",834.816239076346,-0.0272547251193304,0.0679828793129156,-0.400905719127911,1,1,"Zfyve26"
"ENSMUSG00000066441.15",2591.26304740431,-0.128190170051967,0.0581705386937713,-2.20369576989483,1,1,"Rdh11"
"ENSMUSG00000066442.18",175.149453984666,0.0474735223664078,0.12656380052733,0.375095581585009,0.999999999999974,1,"Mthfs"
"ENSMUSG00000066456.15",2997.1468005328,-0.0795124218337829,0.0690632723978375,-1.15129820920957,1,1,"Hmgn3"
"ENSMUSG00000066487.4",23.257183251605,0.803208016990234,0.140523542133365,5.71582529728677,0.919306212218847,1,"Gm5786"
"ENSMUSG00000066491.5",10.3445031568883,0.76313460033192,0.249608140034867,3.05733058315053,0.828676729208118,1,"Cox6c2"
"ENSMUSG00000066537.6",60.5752373549159,-0.27298248489654,0.143721869054974,-1.89938028701897,0.99999978871977,1,"Vmn2r57"
"ENSMUSG00000066538.6",19.088265717085,0.141777183729308,0.170128791173927,0.833352090207738,0.999999772712036,1,"Gm6254"
"ENSMUSG00000066551.13",21320.242840428,-0.0851369207596935,0.0667625655111596,-1.27521943034772,1,1,"Hmgb1"
"ENSMUSG00000066554.7",103.19451302564,-0.157692530572493,0.0858870745368298,-1.8360449627944,1,1,"Gm10167"
"ENSMUSG00000066568.13",5823.11191429964,0.0866486191109847,0.032714123863178,2.64866084977179,1,1,"Lsm14a"
"ENSMUSG00000066571.14",3202.84965008128,-0.100613928997841,0.103983499659413,-0.967595140838604,1,1,"Garre1"
"ENSMUSG00000066595.10",982.59760458203,-0.376427319331434,0.0668753249544594,-5.62879237727477,1,1,"Flvcr1"
"ENSMUSG00000066607.6",496.453436256462,-0.486652372581427,0.11560646251359,-4.20956027890066,0.999995511977127,1,"Insyn1"
"ENSMUSG00000066613.15",498.277543156123,-0.486955360789386,0.0713884467019016,-6.8212068378904,0.999999999999668,1,"Zfp932"
"ENSMUSG00000066621.13",1975.75036319067,0.0695208905987807,0.0626239001811642,1.11013351767718,1,1,"Tecpr1"
"ENSMUSG00000066637.3",171.485013576623,0.000779137090068272,0.0845680544082762,0.00921313722445082,1,1,"Ttc32"
"ENSMUSG00000066640.12",960.903043818487,-0.39843656149712,0.0964370707833779,-4.13157054917304,0.999999999778238,1,"Fbxl18"
"ENSMUSG00000066643.13",1211.23323387252,-0.0372582248644747,0.0815499057821964,-0.456876369225785,1,1,"Wdr35"
"ENSMUSG00000066687.6",393.967046032144,-0.363224246714972,0.133942244966626,-2.71179751246873,0.999999003372298,1,"Zbtb16"
"ENSMUSG00000066735.9",3075.52594921077,0.0394840681499418,0.0436017060443994,0.90556245917844,1,1,"Vkorc1l1"
"ENSMUSG00000066798.4",1468.31903235921,-0.143428282670544,0.0440452454884823,-3.25638513487341,1,1,"Zbtb6"
"ENSMUSG00000066829.8",290.331940081415,-0.612573063019378,0.0693403767771003,-8.83429094982478,0.999999988470032,1,"Zfp810"
"ENSMUSG00000066838.8",421.062215932935,-0.415060102306534,0.0590606028776165,-7.02769836546721,1,1,"Zfp772"
"ENSMUSG00000066839.13",746.36718044675,-0.152176643095399,0.0492815720722553,-3.08790155623042,1,1,"Ecsit"
"ENSMUSG00000066842.19",532.249976881737,0.182640579088156,0.197845311690647,0.923148380557707,0.999981965689806,1,"Hmcn1"
"ENSMUSG00000066877.12",2764.47820959244,0.607939656516613,0.0784596900843488,7.74843305986861,0.999999708802182,1,"Nck2"
"ENSMUSG00000066878.6",87.0154408121185,-0.261458701268741,0.153809600003059,-1.69988545099618,0.999999213218785,1,"Kpna2rt"
"ENSMUSG00000066880.16",1562.34267324346,-0.166951480358154,0.0568200892833657,-2.9382474132618,1,1,"Zfp617"
"ENSMUSG00000066892.15",298.932198704105,0.229005646945274,0.0672208065757599,3.40676731819899,1,1,"Fbxl12"
"ENSMUSG00000066894.15",496.050815785569,0.152483389349257,0.0879462406939617,1.73382498383159,1,1,"Vsig10"
"ENSMUSG00000066900.12",2204.15077230174,-0.171373693485427,0.134243835839532,-1.27658519598828,0.999999999664006,1,"Suds3"
"ENSMUSG00000066952.12",16.9611926164458,0.872139880656284,0.252970059618368,3.44760119822875,0.693373603126814,1,"Myo1h"
"ENSMUSG00000066979.7",4476.20909878795,-0.00606401857360498,0.060208254787115,-0.100717394899523,1,1,"Bub3"
"ENSMUSG00000067006.13",76.6311311025129,0.958176884388028,0.310420791470251,3.08670330956184,0.553587479558879,1,"Serpinb5"
"ENSMUSG00000067058.8",19.4700285404296,0.5042749197764,0.148140475780215,3.40403199814582,0.999590537299603,1,"Rps15a-ps5"
"ENSMUSG00000067121.3",65.8127122671785,0.71370467203672,0.130238636169622,5.47997654941037,0.986033872716788,1,"Gm7027"
"ENSMUSG00000067148.16",1244.79592998086,0.284415924603156,0.0475865494716101,5.97681335926315,1,1,"Polr1c"
"ENSMUSG00000067150.7",3492.91283699222,-0.023720657309986,0.0485117187729187,-0.488967571341296,1,1,"Xpo5"
"ENSMUSG00000067158.10",61.3797193659974,-0.104358145648473,0.199518068540441,-0.523051102147779,0.999996438076573,1,"Col4a4"
"ENSMUSG00000067161.7",12.0170389701732,0.309531275990267,0.136507386501938,2.26750569271116,0.999999788278606,1,"Gm5560"
"ENSMUSG00000067189.6",11.3011083026798,-0.0751200778497222,0.35630694118524,-0.210829678478444,0.996555388614204,1,"Gm7335"
"ENSMUSG00000067194.7",7587.95717269308,0.126242623460951,0.0490642709612954,2.57300518253981,1,1,"Eif1ax"
"ENSMUSG00000067199.5",72.1035271895479,1.36384719181924,0.282738997604948,4.82369677820269,0.0990705057065855,1,"Frat1"
"ENSMUSG00000067212.9",460.20745091562,-0.972472072698072,0.232403751461095,-4.18440781004719,0.54714393847605,1,"H2-T23"
"ENSMUSG00000067215.6",359.603662387442,0.0549652611302523,0.123720128597656,0.444270966683216,0.999999999999989,1,"Usp51"
"ENSMUSG00000067224.4",12.6002174552078,0.480741795789699,0.187555792805153,2.56319353617154,0.997184711024916,1,"Gm3695"
"ENSMUSG00000067274.11",39131.3369758638,0.399480956584741,0.0698120227517023,5.72223724279641,1,1,"Rplp0"
"ENSMUSG00000067276.6",6713.51880673804,-0.713361870823415,0.159094533513137,-4.48388675004042,0.964202458139472,1,"Capn6"
"ENSMUSG00000067279.4",1672.8027482789,0.710373521847555,0.199998224615331,3.55189913917416,0.926211783052088,1,"Ppp1r3c"
"ENSMUSG00000067288.14",7760.10120440874,0.652944955780601,0.108999355360656,5.99035612293432,0.999273750183346,1,"Rps28"
"ENSMUSG00000067336.7",13747.8684917283,0.0905602045787516,0.0816493405221339,1.10913577500607,1,1,"Bmpr2"
"ENSMUSG00000067344.8",335.309169221407,0.536288789180959,0.118832717355782,4.51297253074944,0.999952342443106,1,"Rps25-ps1"
"ENSMUSG00000067365.12",1126.2655136149,-0.01107758560429,0.0352600950915383,-0.314167774520507,1,1,"Tmem128"
"ENSMUSG00000067367.10",1207.66075024566,0.0494277161427555,0.0887387079646331,0.557002882693029,1,1,"Lyar"
"ENSMUSG00000067369.13",523.379832574521,0.32825735885939,0.0606423772994105,5.4130028121866,1,1,"Trmt2b"
"ENSMUSG00000067370.5",64.9459924481506,-0.180650826201404,0.124250970119245,-1.45391883884715,0.999999999978638,1,"B3galt4"
"ENSMUSG00000067377.13",3804.03839742225,-0.395849608687355,0.0581984854462131,-6.8017166710154,1,1,"Tspan6"
"ENSMUSG00000067424.14",578.175175337242,-0.469953398304393,0.0849895117761093,-5.52954580492717,0.999999999776425,1,"Zfp563"
"ENSMUSG00000067430.8",679.590264688317,-0.113036362216343,0.0760876812969094,-1.48560660923879,1,1,"Zfp763"
"ENSMUSG00000067547.7",503.681158346076,0.324549806605101,0.124343283633841,2.61011127517604,0.999999972158982,1,"Gm7666"
"ENSMUSG00000067567.13",382.675183184261,0.160783279359064,0.0576813946158689,2.78743744720122,1,1,"Hdac8"
"ENSMUSG00000067575.6",294.108993390205,0.181486001943733,0.567387476828819,0.319862544302308,0.944089939585526,1,"Rpl35a-ps3"
"ENSMUSG00000067586.5",91.9502665710288,-0.821241882170008,0.149440085591183,-5.49545912611857,0.884187981909576,1,"S1pr3"
"ENSMUSG00000067608.6",44.1922685426359,-0.457575364084955,0.112611316490454,-4.06331600007306,0.999999270555729,1,"Pcna-ps2"
"ENSMUSG00000067629.14",1230.57142390693,-0.299249025383396,0.0836145849539134,-3.57890941572377,1,1,"Syngap1"
"ENSMUSG00000067653.13",146.773612927923,0.268299829972985,0.104116444202503,2.57692079313764,0.99999999999895,1,"Ankrd23"
"ENSMUSG00000067713.8",1751.39989297109,-0.0701852697586252,0.0479942841610371,-1.46236725863292,1,1,"Prkag1"
"ENSMUSG00000067719.6",136.928660003947,0.815552029825344,0.775171031211606,1.05209301816997,0.603625067412976,1,"Gm10221"
"ENSMUSG00000067722.5",803.991111581213,0.091476947770029,0.0446347933921441,2.04945381882577,1,1,"Uqcc4"
"ENSMUSG00000067724.6",12.6401281798457,0.621367831254216,0.24809752970895,2.50453050452844,0.936512802403282,1,"Gbx1"
"ENSMUSG00000067736.3",14681.9118303666,0.205840639575104,0.12982571283017,1.5855151886928,0.99999999952359,1,"Gm10222"
"ENSMUSG00000067787.11",2284.92560536805,-0.546400599181051,0.0780286968991833,-7.00255958249598,0.999999996936211,1,"Blcap"
"ENSMUSG00000067818.7",1467.94977062902,0.456636537671571,0.196551306103224,2.32324346617038,0.997149378023404,1,"Myl9"
"ENSMUSG00000067825.12",381.766824403412,0.0707041275696638,0.0819934702874033,0.862314124793497,1,1,"Pex26"
"ENSMUSG00000067847.14",1132.50750865456,-0.337499323425284,0.0930223158730761,-3.62815438701595,0.999999999999468,1,"Romo1"
"ENSMUSG00000067851.12",5396.7272444836,-0.00728286073122993,0.0577122504595564,-0.126192631083302,1,1,"Arfgef1"
"ENSMUSG00000067860.12",60.5188501598738,-0.878138013752933,0.212036666651012,-4.14144415502555,0.717260096244382,1,"Zic3"
"ENSMUSG00000067869.5",44.7154715170061,-0.0895084288476919,0.172485189710329,-0.518933996582618,0.999999935069595,1,"Tcea1-ps1"
"ENSMUSG00000067870.6",163.059841219194,0.649253319019467,0.113249580452532,5.73294237757989,0.999022921216814,1,"Rpl31-ps8"
"ENSMUSG00000067873.12",2973.37237112753,0.0467177793196982,0.0252341385916796,1.85137206685162,1,1,"Htatsf1"
"ENSMUSG00000067889.8",681.962804026462,-0.687567868575703,0.280990206072446,-2.44694602771468,0.866908754235381,1,"Sptbn2"
"ENSMUSG00000067924.5",2336.3177877532,-0.150928058468208,0.0630623706626734,-2.39331406165393,1,1,"Rtl8b"
"ENSMUSG00000067925.5",1566.85212991597,-0.201123750447416,0.0884680722749608,-2.27340491632189,1,1,"Rtl8a"
"ENSMUSG00000067928.7",430.115155041304,-0.141030591721572,0.0712866545070783,-1.97835896068834,1,1,"Zfp760"
"ENSMUSG00000067931.7",1405.10730956279,-0.231162242353712,0.054695990772045,-4.22631054106179,1,1,"Zfp948"
"ENSMUSG00000067942.7",821.666907273011,-0.214237652013278,0.0468217346912423,-4.57560262185992,1,1,"Zfp160"
"ENSMUSG00000067995.5",1298.12857042101,0.506442172713473,0.0668009006524225,7.58136743318157,0.999999999999926,1,"Gtf2f2"
"ENSMUSG00000068015.9",717.211585501455,1.09472492252207,0.156709255376618,6.9857068741162,0.272767981816482,1,"Lrch1"
"ENSMUSG00000068036.17",5130.37810314534,-0.401648669543608,0.0910896182204322,-4.40937921785597,0.999999999974642,1,"Afdn"
"ENSMUSG00000068039.14",15096.7342037597,0.256460969523509,0.0603292933272738,4.25101895578756,1,1,"Tcp1"
"ENSMUSG00000068040.11",4365.83683326477,-0.226388114904066,0.0610877360788963,-3.70595031728922,1,1,"Tm9sf4"
"ENSMUSG00000068079.6",8.95164026111356,-0.658776513992129,0.216040766438704,-3.04931576040785,0.942882446397089,1,"Tcf15"
"ENSMUSG00000068101.12",585.175612584803,-0.148574836872851,0.121421577884106,-1.22362795362998,0.999999999998826,1,"Cenpm"
"ENSMUSG00000068105.12",39.6143321064635,-0.144518776740459,0.214757961177433,-0.67293792485326,0.999966090712559,1,"Tnfrsf13c"
"ENSMUSG00000068114.8",821.042180159465,0.0112671014007349,0.0859246504179722,0.131127695555666,1,1,"Ccdc134"
"ENSMUSG00000068115.14",437.886210260439,-0.701749847093996,0.0983433249193472,-7.13571406772662,0.998788295539439,1,"Ninl"
"ENSMUSG00000068122.11",83.4964738693556,1.18560766481725,0.268834649764675,4.4101743054888,0.244966400942316,1,"Agtr2"
"ENSMUSG00000068129.6",44.968642962609,-0.330224823268873,0.45130274943315,-0.7317146276721,0.932709512395727,1,"Cst7"
"ENSMUSG00000068130.13",230.722856033204,-0.70115107484533,0.105165999981958,-6.66708893526059,0.997756228421151,1,"Zfp442"
"ENSMUSG00000068134.15",935.832227285849,-0.439240868746846,0.0509980011682056,-8.61290361749879,1,1,"Zfp120"
"ENSMUSG00000068141.6",23.9819925491901,0.0494018404495357,0.202353175808575,0.244136719140349,0.999998792012819,1,"Gm10232"
"ENSMUSG00000068165.4",24.3963102625018,0.898157177186565,0.479753465283064,1.87212233403387,0.584094340617299,1,"Gm10233"
"ENSMUSG00000068184.8",760.349837561448,0.00106306152585269,0.0674192232429217,0.0157679290077597,1,1,"Ndufaf2"
"ENSMUSG00000068200.7",45.684123119445,-0.0564059850957267,0.344869832870492,-0.163557318499669,0.997986185469665,1,"Gm5931"
"ENSMUSG00000068206.14",574.412985220809,-0.230358439278449,0.0679467192329049,-3.39028052979035,1,1,"Pick1"
"ENSMUSG00000068220.7",15773.5468859548,1.14665356912161,0.149209689272495,7.68484657204485,0.162835973171063,1,"Lgals1"
"ENSMUSG00000068227.10",29.9720351459218,0.518128975013421,0.273518669368547,1.89430935814944,0.960944089638775,1,"Il2rb"
"ENSMUSG00000068240.6",207.018110810665,0.633522937317915,0.108858734448247,5.81967942700177,0.999619409485412,1,"Uba52rt"
"ENSMUSG00000068245.15",164.430956653969,-0.857644412964047,0.272774965594385,-3.14414635190298,0.699122787262283,1,"Phf11d"
"ENSMUSG00000068250.14",505.357902941439,-0.100485145457486,0.0849496877986262,-1.1828783373011,1,1,"Amn1"
"ENSMUSG00000068262.5",7.69114172337352,0.747544430632129,0.261171010996689,2.86227949947174,0.833135326123896,1,"Gm5879"
"ENSMUSG00000068263.12",23.273674230095,-0.197437541131754,0.186386578036267,-1.05929055199102,0.999991684756529,1,"Efcc1"
"ENSMUSG00000068264.12",328.734436324436,0.166205104866979,0.11559001075753,1.43788467340507,0.999999999999727,1,"Ap5s1"
"ENSMUSG00000068267.6",6262.88185491066,-0.386453749886325,0.053475035545783,-7.22680678829022,1,1,"Cenpb"
"ENSMUSG00000068270.16",852.744286142371,0.583352033280209,0.0911794183613479,6.39784771348684,0.999997556016462,1,"Shroom4"
"ENSMUSG00000068284.15",2148.71988989933,0.0798244264374255,0.0738509109070532,1.08088614557362,1,1,"Usf3"
"ENSMUSG00000068290.12",1723.92452527918,-0.24332726172678,0.0716039192263005,-3.39823943096965,1,1,"Ddrgk1"
"ENSMUSG00000068299.12",213.817031996274,0.0501308913376608,0.101210213185257,0.49531455136746,1,1,"Nat8f4"
"ENSMUSG00000068328.11",2128.2925547217,0.324433527165246,0.0584092901218543,5.55448502264637,1,1,"Aup1"
"ENSMUSG00000068329.13",887.448457354321,0.0855379988820288,0.0721277545287688,1.18592349700712,1,1,"Htra2"
"ENSMUSG00000068335.7",419.303264774462,0.630128946540524,0.0938103138584717,6.71705402767522,0.999959724479531,1,"Dok1"
"ENSMUSG00000068391.9",407.877630317108,0.0316929218778028,0.0617598227390521,0.513164068033548,1,1,"Chrac1"
"ENSMUSG00000068394.5",408.477787902225,-0.499893655267883,0.094526958558589,-5.28837130582217,0.999999939049244,1,"Cep152"
"ENSMUSG00000068396.10",34.0573908146689,0.669021443228428,0.119246392263292,5.61041244544531,0.997244879519653,1,"Rpl34-ps1"
"ENSMUSG00000068417.9",13.2016609073204,0.331242031522583,0.180743402218256,1.83266458115353,0.999892217610294,1,"Pnp2"
"ENSMUSG00000068479.6",2579.26174920249,-0.570147940607193,0.0573180441272583,-9.94709343782462,0.999999999999968,1,"Mfap1a"
"ENSMUSG00000068480.7",16.2522917006279,-0.182599146721727,0.179351712853506,-1.0181065115942,0.999997412089319,1,"Gm7551"
"ENSMUSG00000068522.5",536.248862855545,-0.416145574466651,0.114637224773834,-3.63010859071003,0.999999823836242,1,"Aard"
"ENSMUSG00000068523.13",3460.24485445663,0.42107166954583,0.0873147643079555,4.82245669312841,0.999999999983257,1,"Gng5"
"ENSMUSG00000068551.13",365.874397873043,-0.445252778069337,0.0910766004301126,-4.88877248345474,0.999999999438949,1,"Zfp467"
"ENSMUSG00000068566.14",2536.10981344609,0.423964834124233,0.117957385569002,3.59422033710832,0.999999478686189,1,"Myadm"
"ENSMUSG00000068580.12",564.384081504343,-0.289362794198593,0.0638086727945383,-4.53485053873994,1,1,"Zfyve19"
"ENSMUSG00000068614.8",262.919760684218,-0.014956879541168,0.232299686626057,-0.0643861374003693,0.999995079783722,1,"Actc1"
"ENSMUSG00000068663.15",1189.04351249363,-0.292365638105792,0.084057223162843,-3.47817388089772,1,1,"Clec16a"
"ENSMUSG00000068696.7",181.960390102334,-0.640052812926248,0.362335188301008,-1.76646606123866,0.839747762811095,1,"Gpr88"
"ENSMUSG00000068699.13",49.2620300659923,-0.35861433320057,0.175472779821712,-2.04370349386917,0.999871502260751,1,"Flnc"
"ENSMUSG00000068706.4",31.9634481211097,-0.0261615855421052,0.104625331231516,-0.25005020518611,1,1,"Gm10250"
"ENSMUSG00000068732.6",2272.29043149828,-0.303599631612333,0.0441250209442225,-6.88044164321432,1,1,"Tmem167b"
"ENSMUSG00000068735.15",13994.496784026,-0.166395906636515,0.162943219056808,-1.02118951374407,0.999999843890791,1,"Trp53i11"
"ENSMUSG00000068739.14",9497.3072711334,0.320027964394319,0.0810272000281219,3.94963622441906,1,1,"Sars1"
"ENSMUSG00000068740.15",4989.98405896072,-0.00647341622786987,0.0670043933157174,-0.0966118176366113,1,1,"Celsr2"
"ENSMUSG00000068742.12",836.1373380805,0.114398965363141,0.0878861943892463,1.30167162383287,1,1,"Cry2"
"ENSMUSG00000068744.13",1316.17828094286,-0.565536373077848,0.126067254462107,-4.48598944659206,0.99971582418282,1,"Psrc1"
"ENSMUSG00000068747.15",6985.12411084243,0.240670441872455,0.0945838778412791,2.54451865756999,1,1,"Sort1"
"ENSMUSG00000068748.8",30041.2216115451,-1.09219909754116,0.146359474412606,-7.46244205866791,0.264363768303947,1,"Ptprz1"
"ENSMUSG00000068749.10",3831.68465303796,-0.064433483242195,0.0422319944900364,-1.52570306044618,1,1,"Psma5"
"ENSMUSG00000068758.9",24.2864894170439,0.509522017582718,0.279179288154741,1.82507098198597,0.960528906942689,1,"Il3ra"
"ENSMUSG00000068762.12",143.203481598794,0.522646047183648,0.130078002771748,4.01794335742341,0.999878606840803,1,"Gstm6"
"ENSMUSG00000068798.11",3580.40715939812,-0.0434746682690455,0.055175188910543,-0.787938729843447,1,1,"Rap1a"
"ENSMUSG00000068823.11",22573.3277306134,-0.248399190026438,0.0600290066286038,-4.13798601671473,1,1,"Csde1"
"ENSMUSG00000068854.8",444.329994756121,-0.862697734007557,0.0788638286780063,-10.9390800379458,0.959158588881614,1,"H2bc21"
"ENSMUSG00000068856.4",3425.47326998928,-0.210548486669305,0.0445370058389301,-4.72749531997643,1,1,"Sf3b4"
"ENSMUSG00000068874.14",2123.92209821911,0.147786575510435,0.120875540246295,1.22263425014943,0.999999999999108,1,"Selenbp1"
"ENSMUSG00000068876.17",145.353631867688,-0.654766147898966,0.0971059190596787,-6.74280367499086,0.999811175526469,1,"Cgn"
"ENSMUSG00000068882.14",8501.55873568467,0.0792607925934953,0.04139000252125,1.91497433595956,1,1,"Ssb"
"ENSMUSG00000068917.14",1682.00435601803,-0.136573116865573,0.052013549231845,-2.6257219298151,1,1,"Clk2"
"ENSMUSG00000068921.15",2732.94449392653,-0.117030815604914,0.050951941792907,-2.29688627139242,1,1,"Dap3"
"ENSMUSG00000068922.15",1305.73335549717,-0.276419535939712,0.0497672513228419,-5.55424558504485,1,1,"Msto1"
"ENSMUSG00000068959.7",233.42473981479,-0.205306790592989,0.0806591768629136,-2.54536183702846,1,1,"Zfp619"
"ENSMUSG00000068964.6",13.499354682599,0.142979658243818,0.406640299593277,0.351612121048571,0.984936644816118,1,"Gm6361"
"ENSMUSG00000068966.11",758.281956096134,-0.0187258937406613,0.0661722491488887,-0.282987112898758,1,1,"Zbtb34"
"ENSMUSG00000069008.4",542.06342897378,0.376329428129508,0.124479181218865,3.02323187254765,0.999999728189001,1,"Gm5537"
"ENSMUSG00000069011.6",22.3629422416329,0.0509901799083018,0.132210705246952,0.385673609508844,0.999999999999647,1,"Gm10254"
"ENSMUSG00000069020.10",714.411951300068,0.11360394507591,0.0732421199130664,1.55107396141387,1,1,"Urm1"
"ENSMUSG00000069089.9",1437.55747028777,0.269202650144322,0.0583198440665326,4.61596999191578,1,1,"Cdk7"
"ENSMUSG00000069094.13",2445.32044253835,-0.171460230160587,0.102626923587996,-1.67071392346251,1,1,"Pde7a"
"ENSMUSG00000069114.9",1731.19058852712,0.159688696041979,0.0560173584763642,2.850700218386,1,1,"Zbtb10"
"ENSMUSG00000069117.5",9.53951993312085,0.619061336735279,0.169092125502954,3.66108909503574,0.987865596658085,1,"Rps18-ps6"
"ENSMUSG00000069135.12",877.963900157165,0.476233202041747,0.0637517679538215,7.47011757206022,1,1,"Cep43"
"ENSMUSG00000069170.15",31.4744357585837,-0.753307661849611,0.200159637684136,-3.76353429974916,0.891114699120358,1,"Adgrv1"
"ENSMUSG00000069171.15",2770.59396202587,-0.411058362213209,0.102139976456363,-4.02446110205269,0.999999995941844,1,"Nr2f1"
"ENSMUSG00000069184.5",222.86730956999,-0.131343939054864,0.0796876239491349,-1.64823510283983,1,1,"Zfp72"
"ENSMUSG00000069206.15",512.917565763846,-0.231889008408617,0.0882773773106234,-2.62682258437136,1,1,"Zfp874a"
"ENSMUSG00000069208.10",388.545002327082,-0.205647052682322,0.0648459664212038,-3.17131602830239,1,1,"Zfp825"
"ENSMUSG00000069236.6",36.891411190502,0.793166623816627,0.153508140170251,5.16693527090454,0.911070618551424,1,"Gm7251"
"ENSMUSG00000069237.9",5765.67728478595,0.0678313254005485,0.044474339681558,1.52517892083906,1,1,"Fam8a1"
"ENSMUSG00000069255.14",518.508994195836,0.0924722365397662,0.0552583078302914,1.67345400484875,1,1,"Dusp22"
"ENSMUSG00000069266.6",9.37289883549825,-0.340297301070972,0.214828685719082,-1.58404032465179,0.998932682387199,1,"H4c2"
"ENSMUSG00000069267.3",25.0421370153412,-0.127293927822689,0.136262610264426,-0.934180899482751,0.999999999924613,1,"H3c2"
"ENSMUSG00000069270.7",107.47915016154,-0.751608143619618,0.119770903828709,-6.27538174625895,0.980955304508258,1,"H2ac6"
"ENSMUSG00000069272.7",15.6086820887521,0.000402954547690101,0.146180449398635,0.00275655567723179,0.999999999999848,1,"H2ac8"
"ENSMUSG00000069273.3",11.1012017935566,0.0422178414633686,0.183940832896489,0.229518594640301,0.999999911353624,1,"H3c6"
"ENSMUSG00000069300.4",10.7600484272417,0.0146327720119712,0.176712835185521,0.0828053717581354,0.999999992387418,1,"H2bc11"
"ENSMUSG00000069303.8",68.2925199769611,-0.0844595633781269,0.20274347019481,-0.416583396234524,0.999996889704301,1,"H2bc24"
"ENSMUSG00000069306.6",18.556767636988,0.0483083075656351,0.348568521208263,0.138590562906201,0.998153202064272,1,"H4c17"
"ENSMUSG00000069307.8",10.7355585337006,0.671762342480365,0.901843397266888,0.744876931534008,0.673947029232285,1,"H2bc23"
"ENSMUSG00000069308.8",10.6379411390447,0.235152196718281,0.223322230743657,1.05297263033434,0.99969245995604,1,"H2bc22"
"ENSMUSG00000069310.5",18.5376904896433,-0.0352059202093034,0.177535175454661,-0.198303914247655,0.999999975261734,1,"H3c3"
"ENSMUSG00000069376.3",9.607062088645,0.440692224576593,0.169656855557402,2.59755035025678,0.99951086052816,1,"Gm5507"
"ENSMUSG00000069378.15",32.025891016371,0.803216884972941,0.210675530138501,3.81257796975707,0.824862951941901,1,"Prdm6"
"ENSMUSG00000069495.13",1526.39166141343,-0.331778157795222,0.0753950267494437,-4.4005310708066,1,1,"Epc2"
"ENSMUSG00000069516.9",5453.04931210124,0.117733497517206,0.279537600250061,0.421172312461319,0.999232576605736,1,"Lyz2"
"ENSMUSG00000069520.7",1587.09882415095,0.0970483308185125,0.0699883009654061,1.38663647323689,1,1,"Tmem19"
"ENSMUSG00000069539.12",2042.08658519568,-0.182640710638353,0.0486788270290309,-3.75195381206352,1,1,"Scyl2"
"ENSMUSG00000069565.13",3475.37740713495,0.0151693300601349,0.0620423786924718,0.244499491796171,1,1,"Dazap1"
"ENSMUSG00000069601.15",8205.98699457785,0.00868748073890785,0.085375970722298,0.101755572035199,1,1,"Ank3"
"ENSMUSG00000069631.15",1070.82314378992,-0.17982883361817,0.0476410080381137,-3.7746647483677,1,1,"Strada"
"ENSMUSG00000069633.13",90.6084474932899,0.0727746161055886,0.119850374749716,0.60721225325798,0.999999999999995,1,"Pex11g"
"ENSMUSG00000069662.6",60754.4019559503,0.119139399379554,0.0783221835404683,1.5211450191247,1,1,"Marcks"
"ENSMUSG00000069678.11",266.769585607973,0.221805641295939,0.0785590382896768,2.82342612797853,1,1,"Pcgf1"
"ENSMUSG00000069713.5",25.5719923584374,-0.376302376273217,0.11846053830613,-3.17660532067448,0.999999929914627,1,"4933406P04Rik"
"ENSMUSG00000069727.6",217.321771123001,0.152713657922659,0.0763358460524075,2.00054975244285,1,1,"Zfp975"
"ENSMUSG00000069729.15",2692.35313205624,-0.173131600489572,0.0567497094280839,-3.05079272183716,1,1,"Arid1b"
"ENSMUSG00000069743.6",154.473760454288,-0.322819801691044,0.0965694636472981,-3.34287661439317,0.999999999998828,1,"Zfp820"
"ENSMUSG00000069744.8",3428.95735215394,-0.183968436055996,0.0764831692724302,-2.4053453564497,1,1,"Psmb3"
"ENSMUSG00000069755.7",246.695183718169,-0.163762825071384,0.0992024289353552,-1.65079451006284,1,1,"Zfp125"
"ENSMUSG00000069769.14",9202.92493347795,-0.22366441303617,0.0710285673954363,-3.1489360019183,1,1,"Msi2"
"ENSMUSG00000069792.6",71.4925864251401,0.580380545756115,0.441315856169501,1.31511373915648,0.82932754062518,1,"Wfdc17"
"ENSMUSG00000069806.6",4292.02246569484,-0.328787168590544,0.063056919140012,-5.21413308919363,1,1,"Cacng7"
"ENSMUSG00000069808.14",1100.84820656981,-0.539261287349356,0.119124684862517,-4.52686433522762,0.999945066964091,1,"Tlcd3a"
"ENSMUSG00000069833.14",398.908364273478,0.969904783258788,0.182938068848168,5.30182038853694,0.565335323865203,1,"Ahnak"
"ENSMUSG00000069835.11",276.988931008166,-0.386449925875872,0.0968305375669905,-3.99099225911571,0.999999999882347,1,"Sat2"
"ENSMUSG00000069844.13",585.142328546008,0.0972905744029473,0.0594528749242191,1.63643178781442,1,1,"Sco1"
"ENSMUSG00000069895.5",2860.5598218997,0.0801852618659852,0.0973814170231507,0.823414408181414,1,1,"Atxn1l"
"ENSMUSG00000069899.4",45.104084847934,0.732799095588956,0.124912282997682,5.86650950573494,0.983786551814486,1,"Sft2d1rt"
"ENSMUSG00000069910.3",600.508051563147,0.112247386495364,0.124240513679332,0.903468467500687,0.999999999999551,1,"Spdl1"
"ENSMUSG00000069913.4",7.85233258276327,-0.0293221491542575,0.162582662818846,-0.180352250638981,0.999999998938117,1,"Anp32-ps"
"ENSMUSG00000069920.11",515.825713949045,1.09445340291588,0.1081147131591,10.1230754902461,0.191157004235563,1,"B3gnt9"
"ENSMUSG00000069939.9",49.7122585865677,0.422232896378488,0.118134580423764,3.57416850226145,0.999999497746318,1,"Gm12070"
"ENSMUSG00000069972.7",33.0207651089131,0.936266576859609,0.2244848076859,4.17073469920351,0.611760223549782,1,"Rps13-ps2"
"ENSMUSG00000070000.14",425.364243204434,-0.401108642509264,0.101796904827739,-3.94028328452638,0.999999997987931,1,"Fcho1"
"ENSMUSG00000070002.8",736.773869497013,0.255220183286934,0.0442238524320591,5.77109793134888,1,1,"Ell"
"ENSMUSG00000070003.8",2239.37122872679,0.452714394669745,0.0832493073502135,5.43805599204885,0.999999999975519,1,"Ssbp4"
"ENSMUSG00000070031.12",44.6938414962311,-1.14446280716846,0.257332470658435,-4.44740923770766,0.287267264849073,1,"Sp140"
"ENSMUSG00000070044.16",2962.47316314387,0.00667540521851405,0.062208200225174,0.10730748027352,1,1,"Fam149a"
"ENSMUSG00000070047.15",14628.9411017416,0.446384403278375,0.0795380524244952,5.6122118869094,0.999999999998303,1,"Fat1"
"ENSMUSG00000070056.7",2099.11457547308,0.396850708372926,0.103196831239477,3.84557067892908,0.999999997461818,1,"Mfhas1"
"ENSMUSG00000070282.8",43.8008868984843,0.594408988540834,0.255502562839234,2.32643063120602,0.943791725836494,1,"3000002C10Rik"
"ENSMUSG00000070283.5",248.560883097646,-0.00489278168384291,0.0728159471083311,-0.0671938205591658,1,1,"Ndufaf3"
"ENSMUSG00000070284.11",550.88262912294,0.0679477845734256,0.103218649747018,0.658289802666096,1,1,"Gmppb"
"ENSMUSG00000070305.11",78.997914683949,0.25496367279654,0.125758849423665,2.02740144303961,0.999999998432089,1,"Mpzl3"
"ENSMUSG00000070315.15",146.084805938028,0.0410548363391607,0.11834842620255,0.346898033683154,1,1,"4930581F22Rik"
"ENSMUSG00000070319.7",3324.30111527668,0.0476495871589968,0.0537142202651799,0.887094458855722,1,1,"Eif3g"
"ENSMUSG00000070327.16",5069.91164468438,-0.914970069715446,0.130524603054776,-7.00994332334011,0.742621181390076,1,"Rnf213"
"ENSMUSG00000070336.4",45.9246853438088,-0.656829196308759,0.145379743440241,-4.51802418112501,0.990875165633151,1,"Fbxo47"
"ENSMUSG00000070337.5",68.2353818699381,-1.08585674854338,0.230320783746826,-4.7145408715567,0.354659703232788,1,"Gpr179"
"ENSMUSG00000070343.4",81.4385679327998,0.63478056858637,0.115332204964151,5.50393161028771,0.999229033198335,1,"Gm10288"
"ENSMUSG00000070348.6",44923.9388132261,0.353311715717976,0.0786390352824089,4.4928287134902,1,1,"Ccnd1"
"ENSMUSG00000070371.12",332.689752171929,0.315534720287193,0.316421754340325,0.997196671717527,0.984750966478007,1,"Prss36"
"ENSMUSG00000070372.12",9062.83705094191,-0.127278460645961,0.0632661768550989,-2.01179314086691,1,1,"Capza1"
"ENSMUSG00000070392.6",224.655988836424,-0.311527148206186,0.133647401187137,-2.33096300742861,0.999999870733867,1,"Gm20634"
"ENSMUSG00000070394.11",1512.58954634659,0.242878795568366,0.0927892002984585,2.61753301879035,1,1,"Tmem256"
"ENSMUSG00000070420.5",329.063263081422,-0.153548049761163,0.0816278320266309,-1.8810747014703,1,1,"Zscan25"
"ENSMUSG00000070425.14",86.8953131716399,0.151758896441947,0.129023873100422,1.1762078814967,0.999999999975558,1,"Xntrpc"
"ENSMUSG00000070426.13",984.338072604491,0.148663289948138,0.0419118106830103,3.54705004449741,1,1,"Rnf121"
"ENSMUSG00000070427.5",248.87419466172,-0.241622485496091,0.137373655353468,-1.75887061368781,0.999999983102556,1,"Il18bp"
"ENSMUSG00000070443.7",10.8211732491209,0.483914664692131,0.17987085397997,2.69034506694464,0.997942438197367,1,"Gm10291"
"ENSMUSG00000070461.4",246.814231835638,-0.263982285135373,0.0743427852144075,-3.55087967681111,1,1,"9230112E08Rik"
"ENSMUSG00000070462.5",775.567587758364,0.530577528501958,0.054981125297839,9.65017586722279,1,1,"Tlnrd1"
"ENSMUSG00000070469.13",657.225728982462,-0.284392570396575,0.234520803835073,-1.21265391277004,0.998860985862256,1,"Adamtsl3"
"ENSMUSG00000070471.4",22.7973930524295,0.391252497940085,0.176615833434346,2.21527419332722,0.999716294766374,1,"Erich6"
"ENSMUSG00000070476.11",1612.17821974619,-0.535506656314002,0.076484324729326,-7.0015216609303,0.999999999372494,1,"Fam217b"
"ENSMUSG00000070490.5",44.9887434428763,0.405592511399586,0.114051001162564,3.55623806249162,0.999999906475887,1,"Gm10293"
"ENSMUSG00000070493.4",5406.72380950787,0.0895196846217577,0.066144822551698,1.35338914170932,1,1,"Chchd2"
"ENSMUSG00000070509.16",3489.34837595147,-0.692246682809982,0.0711542148218106,-9.72882189120567,0.99999237891781,1,"Rgma"
"ENSMUSG00000070520.5",1109.76725472068,0.478317846991717,0.070778327198352,6.75797049641002,0.999999999999915,1,"Nsmce3"
"ENSMUSG00000070526.3",1271.5773834745,1.08537605976121,0.129254251541354,8.3972174750008,0.25445750949699,1,"Peg12"
"ENSMUSG00000070527.4",215.089732508389,-0.817110075637881,0.103755963199903,-7.87530711910584,0.961023870637626,1,"Mkrn3"
"ENSMUSG00000070532.6",50.6961331926936,0.085876885158268,0.319364305820684,0.268899446785659,0.99823402712595,1,"Ccdc190"
"ENSMUSG00000070544.7",11197.8182629542,-0.296808587741353,0.0440268014153826,-6.74154329180159,1,1,"Top1"
"ENSMUSG00000070565.12",4482.13877666916,0.000831138859680919,0.120772118143783,0.00688187698001142,1,1,"Rasal2"
"ENSMUSG00000070570.6",602.521299609322,-0.71172958791106,0.22139349022742,-3.21477197536367,0.903554226946687,1,"Slc17a7"
"ENSMUSG00000070574.5",13.4629652309686,0.67175384747803,0.260897628502364,2.57477943105161,0.895829719602217,1,"2310016G11Rik"
"ENSMUSG00000070583.2",210.187047900374,-0.362957569139459,0.120891908661537,-3.00233136491904,0.999999931609825,1,"Fv1"
"ENSMUSG00000070604.6",54.6840198058696,-0.789590993842071,0.124017891806916,-6.36675065458613,0.95511403647356,1,"Vsig10l"
"ENSMUSG00000070605.5",74.6354477783276,-0.627003973429937,0.226147653584526,-2.7725424672407,0.950461749840591,1,"Zfp992"
"ENSMUSG00000070610.5",26.3324708753093,-0.263974389788349,0.102013982651885,-2.58762948888234,0.99999999999973,1,"Gm13127"
"ENSMUSG00000070639.7",7046.21745695354,0.124390457978056,0.112163759039712,1.10900757109982,0.999999999999997,1,"Lrrc8b"
"ENSMUSG00000070643.12",166.408034278094,0.167805997252338,0.09906465831945,1.69390376042302,1,1,"Sox13"
"ENSMUSG00000070667.8",8.44257716504939,0.317588009553472,0.201303272795238,1.57765944459591,0.999650498253146,1,"Rpl31-ps10"
"ENSMUSG00000070697.5",1905.47644158188,0.218383232291871,0.0444114168606185,4.91727685647247,1,1,"Utp3"
"ENSMUSG00000070699.6",304.710104719353,0.021196186583695,0.058322734664679,0.363429230566098,1,1,"Sars2"
"ENSMUSG00000070705.4",715.724689239584,-0.565663164540903,0.0676382763603651,-8.3630629723198,0.999999999932516,1,"Eid2b"
"ENSMUSG00000070709.13",341.173235561314,-0.293373021522686,0.0732402847012869,-4.00562371813843,1,1,"Zfp974"
"ENSMUSG00000070713.6",379.485920770366,-0.374868024301171,0.109636210608204,-3.41919902395021,0.999999994075167,1,"Hmgn2-ps"
"ENSMUSG00000070729.6",47.7951921639792,0.177308735575136,0.120942936413389,1.46605284139196,0.999999999994852,1,"Gm12966"
"ENSMUSG00000070730.12",1169.42647127463,-0.389467591406255,0.0407614150954405,-9.55481036402538,1,1,"Rmdn3"
"ENSMUSG00000070733.14",3966.84427037655,-0.273011047891679,0.0546133466471382,-4.99898037114679,1,1,"Fryl"
"ENSMUSG00000070737.11",30.2398818260282,0.276870507111649,0.172520743509701,1.60485343083442,0.999986147304823,1,"Tmem35b"
"ENSMUSG00000070738.11",5390.21512434891,-0.0811704274479171,0.0820919913393683,-0.988774009785663,1,1,"Dgkd"
"ENSMUSG00000070780.12",34.4649564237965,0.0580840018425644,0.326849750005272,0.177708570502585,0.998626459473264,1,"Rbm47"
"ENSMUSG00000070802.6",4856.03040672226,-0.824120904326318,0.0993242208522698,-8.29728033358628,0.961699470775283,1,"Pnma8b"
"ENSMUSG00000070808.5",818.584951820068,-0.0313938001658312,0.0592499815964217,-0.52985333193297,1,1,"Bicra"
"ENSMUSG00000070814.18",525.570304130485,-0.42127788245326,0.0892618459215272,-4.71957394678593,0.999999999955167,1,"Zswim9"
"ENSMUSG00000070822.6",21.1000121863908,-0.636988514806356,0.238573568662901,-2.66998778773521,0.935944250419507,1,"Zscan18"
"ENSMUSG00000070847.14",16.691149638334,-1.11730029993663,0.146967352616868,-7.60237073092923,0.212395065626989,1,"Vmn2r30"
"ENSMUSG00000070858.13",196.802146728411,-0.211599376308943,0.120133333294817,-1.7613710575204,0.999999999973581,1,"Nicol1"
"ENSMUSG00000070871.11",1720.95645339563,0.134061149873368,0.131778596039617,1.01732112727218,0.999999999975038,1,"Ccnyl1"
"ENSMUSG00000070880.11",1102.13551632697,0.665832737119115,0.171532208759747,3.88167762738775,0.974300372080862,1,"Gad1"
"ENSMUSG00000070883.4",53.5044045173867,-0.117271852566221,0.10724978145485,-1.09344607490496,1,1,"Cfap210"
"ENSMUSG00000070923.5",7368.49747080953,0.0441166870268114,0.038966985475551,1.13215550262392,1,1,"Klhl9"
"ENSMUSG00000070934.7",2920.76995236223,-0.0417542888207266,0.0370879372637195,-1.12581857879629,1,1,"Rraga"
"ENSMUSG00000070939.10",2378.19909938011,-0.217161769327001,0.0559514545564346,-3.88125333020545,1,1,"Tgfbrap1"
"ENSMUSG00000070953.14",582.744880855503,0.346957393974895,0.0516642776444672,6.71561492376834,1,1,"Rabepk"
"ENSMUSG00000070960.5",39.9024197587143,1.29229150720265,0.263629199815071,4.90192857281803,0.133775053028173,1,"Gm19680"
"ENSMUSG00000070972.14",435.236699761708,0.153306532734728,0.066375640525293,2.30968065274352,1,1,"Dnajc25"
"ENSMUSG00000070997.6",26.6887692994585,0.00703717299872039,0.140236768075918,0.0501806558670176,0.999999999999629,1,"1700055D18Rik"
"ENSMUSG00000071014.11",1607.08521843131,0.198308281642431,0.0625050355518778,3.17267688741397,1,1,"Ndufb6"
"ENSMUSG00000071035.6",16.635909273739,0.161509753290882,0.128052005610584,1.2612824962855,0.999999999970852,1,"Gm5499"
"ENSMUSG00000071037.7",230.984538277506,-0.180659939180717,0.0578412185674559,-3.12337712888997,1,1,"Camkmt"
"ENSMUSG00000071041.5",38.4196315416878,-0.0141495763684337,0.101187455212308,-0.139835282335597,1,1,"Impdh2-ps"
"ENSMUSG00000071042.13",86.7394872975383,-0.0229420210038416,0.311634121909786,-0.0736184499413803,0.999655965370861,1,"Rasgrp3"
"ENSMUSG00000071054.13",3523.90833313036,-0.142640092123432,0.0619527007485149,-2.30240313013071,1,1,"Safb"
"ENSMUSG00000071064.16",1700.07331777948,-0.458471022221828,0.0641888181894822,-7.14253720746882,1,1,"Zfp827"
"ENSMUSG00000071072.13",10752.4769267028,0.0799611480189272,0.0620024656964489,1.28964464752741,1,1,"Ptges3"
"ENSMUSG00000071073.6",133.168479164254,-0.172023538240156,0.106857565790542,-1.60983957446073,0.999999999999995,1,"Lrrc73"
"ENSMUSG00000071074.10",1367.45567285341,0.376977448963454,0.0771675016851157,4.88518405716595,1,1,"Yipf3"
"ENSMUSG00000071076.9",2986.78620991413,-0.229808985380378,0.0851136749406192,-2.70002423865152,1,1,"Jund"
"ENSMUSG00000071078.7",437.788090489004,0.124878189151369,0.0556288779599268,2.2448446513936,1,1,"Nr2c2ap"
"ENSMUSG00000071102.2",7.64885317102409,0.770861275402328,0.205528470734839,3.750630132391,0.867548182465128,1,"Gm10313"
"ENSMUSG00000071103.11",90.9052835786097,0.511047875437064,0.148547605473283,3.44029695940792,0.999501818510231,1,"Cfap96"
"ENSMUSG00000071112.13",22.6195788320387,-0.504704566031898,0.211508152903023,-2.38621802093514,0.990402756777221,1,"Spx"
"ENSMUSG00000071141.8",651.130016501364,0.350705308165807,0.0995136300480056,3.52419370086918,0.999999999965927,1,"Rpl36a-ps3"
"ENSMUSG00000071172.14",12458.2334478073,-0.183344504327721,0.0841481069827749,-2.17883100287986,1,1,"Srsf3"
"ENSMUSG00000071176.11",1244.92461172082,0.206696644841416,0.0613944305869917,3.36670025057959,1,1,"Arhgef10"
"ENSMUSG00000071180.6",3743.36017313922,0.205093829282424,0.0709153184057423,2.89209488010727,1,1,"Smim15"
"ENSMUSG00000071181.4",191.637404199292,0.0557097571215236,0.12837950631851,0.433945874377393,0.999999999999905,1,"3830408C21Rik"
"ENSMUSG00000071192.7",14.73109327742,-0.0858030979627968,0.178740124087472,-0.480043853616251,0.999999843476615,1,"Wfikkn1"
"ENSMUSG00000071203.7",40.3015701488011,-0.417026834532923,0.271395675868335,-1.53660088060961,0.98414544346181,1,"Naip5"
"ENSMUSG00000071226.12",433.445473541379,0.933265329676123,0.294054497741146,3.17378355660341,0.589767369602503,1,"Cecr2"
"ENSMUSG00000071252.7",220.635288603275,0.20490696346878,0.0880863042951338,2.32620683894556,1,1,"2210408I21Rik"
"ENSMUSG00000071253.9",1183.94167026168,0.0685770541129804,0.0680468120540955,1.00779231301039,1,1,"Slc25a16"
"ENSMUSG00000071256.5",350.01800083165,-0.198681442774467,0.0549552651596055,-3.61533043644572,1,1,"Zfp213"
"ENSMUSG00000071266.14",541.94258882857,-1.01850912328361,0.088687858928822,-11.4842001553001,0.417341364764514,1,"Zfp946"
"ENSMUSG00000071267.12",811.822060522468,-0.207550717841761,0.0503380946056825,-4.12313416841827,1,1,"Zfp942"
"ENSMUSG00000071281.13",810.57645387288,-0.227155482404213,0.0705861687185157,-3.21813021627603,1,1,"Zfp65"
"ENSMUSG00000071291.11",392.048672202971,-0.369838417463478,0.0722161154630638,-5.12127265627626,1,1,"Zfp58"
"ENSMUSG00000071302.11",456.659254441755,0.446558606955535,0.0917450402168274,4.8673869006995,0.999999999192213,1,"Zfp1006"
"ENSMUSG00000071324.12",94.7129493655071,0.589133814657492,0.111877620726695,5.26587722218978,0.999879887032222,1,"Armc2"
"ENSMUSG00000071337.12",4362.65449320567,0.0232224044801792,0.0457307359825866,0.507807363717519,1,1,"Tia1"
"ENSMUSG00000071343.3",41.6745259826765,0.527623510252536,0.131579342690237,4.00992663031206,0.999834693071337,1,"Gm10327"
"ENSMUSG00000071350.13",329.568696583352,0.280394664125022,0.083713292524388,3.34946405367267,1,1,"Setdb2"
"ENSMUSG00000071359.14",1920.93543616412,0.277416090977241,0.048865919823988,5.67708726197064,1,1,"Tbpl1"
"ENSMUSG00000071369.12",358.339900424058,0.525145002260317,0.154594002113408,3.39692999134001,0.998935519505422,1,"Map3k5"
"ENSMUSG00000071379.3",2686.58936143922,0.904057462315341,0.113624836490651,7.95651276813699,0.800771448322715,1,"Hpcal1"
"ENSMUSG00000071392.7",9.47206074929322,0.0597285343995758,0.159333977014316,0.374863764269245,0.999999998210893,1,"Ect2l"
"ENSMUSG00000071415.7",29275.2817546949,0.562319748491512,0.10565318592154,5.32231700905925,0.999982831438464,1,"Rpl23"
"ENSMUSG00000071419.8",24.5264545838363,0.844139209122849,0.1499857983714,5.62812758467015,0.850637235558829,1,"Rps15-ps2"
"ENSMUSG00000071451.11",510.687135371533,-0.0349889753329049,0.0977212130097488,-0.358048925665857,1,1,"Psmg4"
"ENSMUSG00000071454.14",799.687729770117,-0.16154879365379,0.0812443870522783,-1.98843021056751,1,1,"Dtnb"
"ENSMUSG00000071456.9",575.903173626957,-0.15827765210969,0.0691098254172028,-2.29023371357399,1,1,"1110002L01Rik"
"ENSMUSG00000071477.11",912.07684210143,0.0230992428118275,0.0745431179815238,0.309877604228372,1,1,"Zfp777"
"ENSMUSG00000071478.7",79.7116856001407,-0.274252836995336,0.147957341105283,-1.85359398152597,0.999999533127105,1,"H2ac7"
"ENSMUSG00000071497.5",132.721376457931,0.0784745357563273,0.137888330144942,0.569116586398854,0.999999999988308,1,"Nutf2-ps1"
"ENSMUSG00000071528.5",3404.98786316678,0.339328637652626,0.0802488525453821,4.22845469922115,1,1,"Atp5mk"
"ENSMUSG00000071533.12",7160.38234967231,-0.039922729616336,0.0391002502795794,-1.0210351425087,1,1,"Pcnp"
"ENSMUSG00000071537.7",17.0555841763459,0.884831231954707,0.135661220028246,6.5223593873804,0.802043751099122,1,"Klrg2"
"ENSMUSG00000071547.5",4914.85678554391,0.615511259610293,0.0867961922402323,7.09145463324816,0.999995283713986,1,"Nt5dc2"
"ENSMUSG00000071553.11",39.4153061336624,0.998391235241496,0.19241625541075,5.18870525315148,0.50333546041968,1,"Cpa2"
"ENSMUSG00000071604.6",158.509865652238,-0.426531051033559,0.1586554510646,-2.68841094441745,0.9998495683761,1,"Entrep1"
"ENSMUSG00000071633.12",11.8154295757576,0.492162376384529,0.196897316796402,2.49958904667777,0.995048533006988,1,"Gm4952"
"ENSMUSG00000071637.6",557.013158893266,0.636379250266234,0.204543549725925,3.11121641879659,0.962274908908489,1,"Cebpd"
"ENSMUSG00000071644.11",26544.7145016139,0.514275107808109,0.0756188237283717,6.80088743056123,0.999999999933339,1,"Eef1g"
"ENSMUSG00000071645.7",839.95263664096,0.179550108691161,0.0586878960796506,3.05940612434764,1,1,"Tut1"
"ENSMUSG00000071646.10",4866.71653573039,0.0484726463923273,0.042439173081304,1.14216755117882,1,1,"Mta2"
"ENSMUSG00000071647.6",250.543207760158,-0.404341228869855,0.140419937755552,-2.87951437191025,0.999988922249581,1,"Eml3"
"ENSMUSG00000071649.7",988.549495063611,0.0333403119297841,0.0520864796130001,0.640095321809055,1,1,"B3gat3"
"ENSMUSG00000071650.7",16812.6459815689,0.420855835784334,0.058341613028685,7.21364758251388,1,1,"Ganab"
"ENSMUSG00000071652.9",1100.16784911639,0.0372840274470299,0.0543464342193895,0.686043674853057,1,1,"Ints5"
"ENSMUSG00000071653.10",924.889978345346,0.0832906991768158,0.0633092416624258,1.31561675656982,1,1,"1810009A15Rik"
"ENSMUSG00000071654.7",498.844810243618,0.383393923284346,0.0859337839258001,4.46150402983987,0.999999999999639,1,"Uqcc3"
"ENSMUSG00000071655.13",3369.62197565837,0.394297548276463,0.0684679405890536,5.75886385488132,1,1,"Ubxn1"
"ENSMUSG00000071657.13",301.200098897299,-0.125547421888299,0.090896113965394,-1.38121880475657,1,1,"Bscl2"
"ENSMUSG00000071659.5",9037.71456907097,0.161241715589935,0.0377051983246708,4.27637892795365,1,1,"Hnrnpul2"
"ENSMUSG00000071660.11",2134.09659649224,-0.0282277792261554,0.0628800023950299,-0.44891504693051,1,1,"Ttc9c"
"ENSMUSG00000071661.8",144.607791975391,-0.179037869975702,0.0662898639501468,-2.70083326932677,1,1,"Zbtb3"
"ENSMUSG00000071662.5",1928.31126786915,0.318604923153102,0.041724775227259,7.63586913093677,1,1,"Polr2g"
"ENSMUSG00000071665.11",49.8900590021317,0.175037225988339,0.178044255187498,0.983110776610047,0.999998202089029,1,"Foxr2"
"ENSMUSG00000071669.15",182.542139746524,-0.323145347617145,0.100693818565156,-3.20918753724734,0.999999999991032,1,"Snx29"
"ENSMUSG00000071691.12",13.9137368370435,-0.0359453777374556,0.321002235756829,-0.111978589970587,0.999289492011594,1,"Top6bl"
"ENSMUSG00000071708.12",2534.98669979106,-0.148692178603372,0.0692850177313051,-2.14609425633716,1,1,"Sms"
"ENSMUSG00000071711.13",1298.6103644856,0.197160628642535,0.0889999057009078,2.21529030946517,1,1,"Mpst"
"ENSMUSG00000071713.7",132.608748706817,-0.336250522036932,0.335031740062248,-1.00363781047867,0.976246254042249,1,"Csf2rb"
"ENSMUSG00000071714.8",75.7035584747324,-0.438949196267244,0.307835455240571,-1.42592150707334,0.965816990404775,1,"Csf2rb2"
"ENSMUSG00000071715.13",22.7419759550718,0.267091063751744,0.376625611465677,0.709168616314572,0.974555567241419,1,"Ncf4"
"ENSMUSG00000071722.5",396.09884508103,-0.152781789812198,0.092374825085924,-1.65393319738452,1,1,"Spin4"
"ENSMUSG00000071723.8",541.646884128726,-0.194226990438584,0.0714307277124451,-2.71909578214677,1,1,"Gspt2"
"ENSMUSG00000071748.3",151.860914621193,0.390048458081823,0.145975015665176,2.6720220327051,0.999985325863801,1,"Styx-ps"
"ENSMUSG00000071757.11",1226.97048670414,-0.0520304297878862,0.0875708601413985,-0.59415232080482,1,1,"Zhx2"
"ENSMUSG00000071855.6",533.462777421836,-0.645219171364767,0.0860594129778916,-7.49736895754241,0.99998126171915,1,"Ccdc112"
"ENSMUSG00000071866.13",39498.4803412456,0.133115376421563,0.0628012067142306,2.1196308699495,1,1,"Ppia"
"ENSMUSG00000071893.8",9.45753538248458,-0.0258862838285557,0.136958645760083,-0.189008030014418,0.999999999999464,1,"Vmn1r4"
"ENSMUSG00000072066.8",249.528934979841,-0.251438304873939,0.0991645703667212,-2.53556591778791,0.999999999999978,1,"Zfp1008"
"ENSMUSG00000072082.8",1541.21757216831,0.00293936769418262,0.135340848350087,0.0217182597125395,0.999999999999976,1,"Ccnf"
"ENSMUSG00000072214.9",3214.11987006595,-0.394225909081516,0.104046505792548,-3.78893943702001,0.999999997095186,1,"Septin5"
"ENSMUSG00000072235.7",61800.0129366786,-0.719031681738472,0.0923404104526841,-7.78674989870128,0.998827845353566,1,"Tuba1a"
"ENSMUSG00000072258.12",261.411755049013,-0.581333285376911,0.0654328680107842,-8.88442312021382,0.999999999921501,1,"Taf1a"
"ENSMUSG00000072294.6",2542.27192426568,0.125471589079308,0.154175954301224,0.813820739089871,0.999999992954467,1,"Klf12"
"ENSMUSG00000072437.5",697.734724767875,-0.947714618214225,0.0999286161018804,-9.48391617119965,0.699591963424373,1,"Nanos1"
"ENSMUSG00000072460.6",139.272184793383,0.417988647430051,0.701609416103065,0.595756895270416,0.818237075215829,1,"Atp5l-ps1"
"ENSMUSG00000072494.8",496.525690235865,0.17198751018764,0.0633382630301384,2.71538090815347,1,1,"Ppp1r3e"
"ENSMUSG00000072501.6",2506.24904497292,-0.174886938700133,0.0529617251881324,-3.30213825321765,1,1,"Phf20l1"
"ENSMUSG00000072568.5",1649.54994033797,0.755924463540765,0.106988221220956,7.06549239639756,0.988735563617718,1,"Lratd2"
"ENSMUSG00000072571.4",17.0113987652102,0.661615640291845,0.19186867742448,3.44827331471162,0.961102416070184,1,"Tmem253"
"ENSMUSG00000072572.10",29.7550880213871,0.553366108319521,0.118793374916274,4.65822364849499,0.999914959812965,1,"Slc39a2"
"ENSMUSG00000072582.10",944.466663238225,-0.64913424666282,0.0504211494187015,-12.8742453146467,0.999999999998283,1,"Ptrh2"
"ENSMUSG00000072594.4",23.6405182668033,0.373487204909191,0.242990052007578,1.53704730635451,0.995036302622266,1,"Gm16439"
"ENSMUSG00000072623.7",1240.02998499261,-0.0779273256795581,0.0598279001540605,-1.30252483337858,1,1,"Zfp9"
"ENSMUSG00000072640.12",375.862031631139,-0.186346849797704,0.106590935140481,-1.74824293972193,0.999999999999989,1,"Lyrm9"
"ENSMUSG00000072647.7",55.3853179795562,-0.586968109220834,0.118019192107349,-4.97349709602262,0.999767109897725,1,"Adam1a"
"ENSMUSG00000072660.8",25.7035610304241,-0.426257470450474,0.102565729002221,-4.15594443287429,0.999999988898818,1,"Gm6288"
"ENSMUSG00000072676.13",641.800536833055,-0.13080345364132,0.0732904169605028,-1.78472792304909,1,1,"Tmem254"
"ENSMUSG00000072694.9",675.613791193957,-0.158666544276738,0.0661847056591711,-2.39732945393483,1,1,"Gm57857"
"ENSMUSG00000072704.7",3764.95364243942,-0.203864057198405,0.0536242470986579,-3.80171411681243,1,1,"Smim10l1"
"ENSMUSG00000072720.10",122.450063589136,0.0364681043361221,0.17134064251469,0.212839778122084,0.999999991370949,1,"Myo18b"
"ENSMUSG00000072761.14",166.931980624008,-0.110961175273633,0.0601398205637236,-1.84505331465131,1,1,"Gm6712"
"ENSMUSG00000072762.10",126.112209746356,-0.123267471142506,0.0618562434359418,-1.99280564572534,1,1,"4930522L14Rik"
"ENSMUSG00000072763.3",91.7024882957548,0.0517709035546833,0.0823280810559455,0.628836514718505,1,1,"Zfp1007"
"ENSMUSG00000072769.9",73.6524389491057,-0.74328459125896,0.179288467117188,-4.145746813559,0.923907594471996,1,"Gm10419"
"ENSMUSG00000072770.10",70.9683539295518,-0.0107817074569495,0.127876125378596,-0.0843136858035751,0.999999999999996,1,"Acrbp"
"ENSMUSG00000072772.4",1623.56010657574,0.362858885920922,0.0870621876392611,4.16781263784014,0.999999999999874,1,"Grcc10"
"ENSMUSG00000072774.11",519.862669915114,-0.272139680378359,0.0457858852004594,-5.94374618262547,1,1,"Zfp951"
"ENSMUSG00000072789.5",9.80316255230848,0.69507980786288,0.297925911772951,2.33306261857679,0.846958721641759,1,"Gm10420"
"ENSMUSG00000072809.4",19.2962135578499,-0.594609927960181,0.129882075824279,-4.57807533631233,0.999099472006032,1,"9330160F10Rik"
"ENSMUSG00000072825.13",646.588844652365,-0.808626632403806,0.217063819365277,-3.72529440773841,0.811015764082258,1,"Cep170b"
"ENSMUSG00000072837.3",20.3091824214324,-0.0545542508992,0.376621522373194,-0.14485165519867,0.996523982615098,1,"Mir546"
"ENSMUSG00000072844.8",32.3198547227062,-0.076395964193905,0.203379217425054,-0.375633091527934,0.99999726475805,1,"G530011O06Rikx"
"ENSMUSG00000072847.6",210.088173849351,-0.0362669581967697,0.07283588915785,-0.497927033171408,1,1,"A530017D24Rik"
"ENSMUSG00000072872.4",2934.37613509787,-0.0872252482189178,0.0636547221397064,-1.37028715681894,1,1,"Rybp"
"ENSMUSG00000072889.10",1014.27244918569,0.0805127312598402,0.0630011130563128,1.27795728287967,1,1,"Nfxl1"
"ENSMUSG00000072893.14",220.760616029642,0.156958684506478,0.0944593335186044,1.66165352495911,1,1,"4933439C10Rik"
"ENSMUSG00000072915.4",222.461421196765,-0.716046458924431,0.112898021744065,-6.34241812090983,0.994050625785198,1,"Gm12258"
"ENSMUSG00000072919.5",9.53774467756636,-0.425626259633298,0.170493813469358,-2.49643228086862,0.999622632951805,1,"Noxred1"
"ENSMUSG00000072929.7",28.8194026499445,-0.738476295024311,0.659518668982734,-1.11972007731542,0.658340391305817,1,"Gm15109"
"ENSMUSG00000072940.6",596.406983946901,0.623757856791553,0.114055821028999,5.46888226452694,0.999514425836905,1,"Gm10443"
"ENSMUSG00000072941.6",850.404604550057,0.951057876000425,0.222376688117078,4.27678766175214,0.587098135573995,1,"Sod3"
"ENSMUSG00000072946.13",2785.6215047817,0.498487796755723,0.0699637051981711,7.12494850499647,0.99999999999962,1,"Ptgr2"
"ENSMUSG00000072949.7",1483.75483924034,0.53868067510176,0.139855329953952,3.85169929011017,0.999514066285443,1,"Acot1"
"ENSMUSG00000072964.15",3006.11575377975,-0.14027339659193,0.0515687714626373,-2.72012290798048,1,1,"Bhlhb9"
"ENSMUSG00000072969.3",366.599449526788,0.0674842867771374,0.0580459349500769,1.16260142652846,1,1,"Armcx5"
"ENSMUSG00000072980.4",443.379986886961,-0.394797864932342,0.117287897805662,-3.36605798482717,0.99999987650586,1,"Oip5"
"ENSMUSG00000073000.5",109.537333527789,-1.14089316101585,0.319721286458842,-3.56839913179419,0.329724168070015,1,"Ppp1r36dn"
"ENSMUSG00000073002.10",45.8353586675867,1.21271466681623,0.224033871170272,5.41308624665298,0.17118941918865,1,"Vamp5"
"ENSMUSG00000073016.4",363.751504000764,-0.134088568428216,0.128259329989318,-1.0454488452371,0.999999999992671,1,"Uprt"
"ENSMUSG00000073062.4",711.080869331872,0.190854350390667,0.0634992293113815,3.00561679976892,1,1,"Zxdb"
"ENSMUSG00000073073.6",32.6757275067572,0.0151599300246382,0.142448184100221,0.106424171851656,0.999999999998153,1,"Gm8098"
"ENSMUSG00000073079.7",6209.52763313524,0.0822206119786756,0.0787526248614153,1.04403646384312,1,1,"Srp54a"
"ENSMUSG00000073096.12",492.79651247737,-0.328293870492103,0.1203878960059,-2.7269674226719,0.999999987940526,1,"Lrrc61"
"ENSMUSG00000073125.11",551.163531683372,-0.207944835288251,0.243926299684321,-0.852490426646755,0.999417447454521,1,"Xlr3b"
"ENSMUSG00000073130.11",25.391085225515,-0.368510602939047,0.117606415842025,-3.13342261389931,0.999999960525633,1,"Pasd1"
"ENSMUSG00000073131.13",3452.27521656134,-0.0493278973581768,0.0506933993734164,-0.973063514538035,1,1,"Vma21"
"ENSMUSG00000073139.10",1378.25780744625,0.0147494220124408,0.0382025063555347,0.386085192295346,1,1,"Tmem185a"
"ENSMUSG00000073147.6",353.326743470723,-0.462995721760071,0.0809609828395448,-5.71875124932307,0.99999999998354,1,"5031425E22Rik"
"ENSMUSG00000073155.13",1864.77509763431,0.253708716525225,0.0839817163694434,3.02099942098273,1,1,"Stmp1"
"ENSMUSG00000073176.5",432.482627023609,0.175339726206891,0.0653880910099268,2.68152386005996,1,1,"Zfp449"
"ENSMUSG00000073198.7",10.232973284881,0.914110944696181,0.479185522219338,1.90763473082929,0.571157656608757,1,"Bnip3l-ps"
"ENSMUSG00000073207.2",27.3236416720098,-1.08013560550689,0.140990066959489,-7.66107590981747,0.28488927539892,1,"Ccdc160"
"ENSMUSG00000073245.11",66.9151051724572,1.44649722005121,1.13319580434025,1.27647597574134,0.362212198282498,1,"Gm14819"
"ENSMUSG00000073255.11",103.544678337453,1.25862237119554,0.698499547334609,1.80189432620006,0.356207901362707,1,"Gm14632"
"ENSMUSG00000073293.5",469.296909471419,-0.486138609889049,0.0905662992278527,-5.36776498580327,0.999999993019637,1,"Nudt10"
"ENSMUSG00000073295.5",839.874470102031,-0.326979179486446,0.0826038032814045,-3.95840344508755,1,1,"Nudt11"
"ENSMUSG00000073374.6",66.470348938323,-0.837535230523828,0.122040461922913,-6.86276680149618,0.908444467746459,1,"C030034I22Rik"
"ENSMUSG00000073394.6",12.9100130119067,0.0397201649442584,0.171096281922984,0.232150953240104,0.999999990642419,1,"Runx2os1"
"ENSMUSG00000073400.7",32.807204080359,-0.683248733990991,0.246520955953563,-2.7715645160799,0.90058389623633,1,"Trim10"
"ENSMUSG00000073408.3",13.5620350487647,-0.350353726106867,0.179403570427091,-1.95288045423405,0.999853348752988,1,"Mucl3"
"ENSMUSG00000073411.13",9127.01842923282,-1.06879555227436,0.209894651058592,-5.09205711953091,0.371545699512265,1,"H2-D1"
"ENSMUSG00000073415.6",95.5231550289222,-0.391785705564231,0.0840297371255515,-4.66246496735853,0.999999999999773,1,"Gm10501"
"ENSMUSG00000073418.5",3300.79615866454,0.656273134753474,0.270538064862915,2.42580701198559,0.898052139244365,1,"C4b"
"ENSMUSG00000073422.12",855.749273204452,0.245592757253233,0.086755676179889,2.83085520241919,1,1,"Hsd17b8"
"ENSMUSG00000073423.11",619.019719152576,-0.0209240164872812,0.0458004644052501,-0.456851622772686,1,1,"Zfp414"
"ENSMUSG00000073427.5",457.463921490296,0.0617989430761752,0.0757097327792608,0.816261540063232,1,1,"Gm4924"
"ENSMUSG00000073433.12",229.720729129335,-0.792569076586913,0.11809118259404,-6.7115008858156,0.960501180993898,1,"Arhgdig"
"ENSMUSG00000073434.13",1160.13683293944,0.0277307065471975,0.0841915645340862,0.329376306292185,1,1,"Wdr90"
"ENSMUSG00000073435.11",243.79272642865,-0.263067654794505,0.0915261196402552,-2.87423585560599,1,1,"Nme3"
"ENSMUSG00000073436.12",342.045440701034,-0.400996979671822,0.0724808351126049,-5.53245529040664,1,1,"Eme2"
"ENSMUSG00000073437.13",43.0013599863444,0.112655574253841,0.113081241516291,0.99623573939637,0.999999999999998,1,"D330041H03Rik"
"ENSMUSG00000073460.6",16.7721000300878,-0.331740248608733,0.241461132616714,-1.37388674116478,0.997176191648402,1,"Pnldc1"
"ENSMUSG00000073468.13",1112.72301481505,0.678724839444285,0.0769173883486461,8.82407546610664,0.999985223646233,1,"Sft2d1"
"ENSMUSG00000073471.4",562.072686949839,0.366050172418986,0.0750270176065236,4.87891141213586,1,1,"Rsph3a"
"ENSMUSG00000073478.9",46.6227612763954,-0.0320760428767916,0.129235461346971,-0.24819846304161,0.999999999999966,1,"D730003I15Rik"
"ENSMUSG00000073481.10",3004.58818926895,-0.267610389264421,0.0637887543161592,-4.19525968383159,1,1,"Mtarc2"
"ENSMUSG00000073485.5",50.0065504974641,-0.946517420886045,0.255909734050534,-3.69863782008049,0.582771983239065,1,"H3f3aos"
"ENSMUSG00000073489.7",149.37752255783,-0.961594516302501,0.319453635026817,-3.0101223178186,0.547846514742006,1,"Ifi204"
"ENSMUSG00000073514.5",932.975446065404,-1.24388534260034,0.253571545453606,-4.90546106178906,0.168074810990342,1,"Dok6"
"ENSMUSG00000073529.10",10.6803849070702,-1.00590275975206,0.311787978428589,-3.22623971848371,0.492447689083862,1,"F830208F22Rik"
"ENSMUSG00000073542.4",811.480904010978,0.0980490214923879,0.115274292412603,0.850571445205142,0.999999999999997,1,"Cep76"
"ENSMUSG00000073557.13",1732.22337465143,-0.871757568334009,0.0902968587399679,-9.65435099845999,0.922229833550731,1,"Ppp1r12b"
"ENSMUSG00000073563.4",2990.47140843975,0.18698641489454,0.0535712244566256,3.49042637705501,1,1,"Csnk1g3"
"ENSMUSG00000073591.5",427.139635612681,-0.612432707750483,0.0836938418237733,-7.31753608634705,0.999998178495988,1,"Pcdhb22"
"ENSMUSG00000073599.11",44.7544030755033,-0.58345363826989,0.234946382322444,-2.48334804095493,0.961880859534946,1,"Ecscr"
"ENSMUSG00000073600.6",399.960066982141,-0.173341478317448,0.123443152051625,-1.40422109640359,0.999999999989339,1,"Prob1"
"ENSMUSG00000073609.10",33.2120045011687,-1.0444370957717,0.354864867932326,-2.94319666485237,0.450173673394395,1,"D2hgdh"
"ENSMUSG00000073616.11",1849.44420839345,-0.398402288209687,0.0717586709246937,-5.55197418062251,1,1,"Cops9"
"ENSMUSG00000073627.9",62.3419124041303,-0.356364378063059,0.093419188589198,-3.81468072507178,0.999999999997206,1,"C130036L24Rik"
"ENSMUSG00000073633.10",188.397925939444,0.190474815289239,0.121891202840197,1.56266252896821,0.999999999984462,1,"Fbxo36"
"ENSMUSG00000073639.7",6227.88083363373,0.146141246000394,0.0748080443710782,1.95354987861298,1,1,"Rab18"
"ENSMUSG00000073643.12",4152.3130506589,-0.169418161481361,0.0566554610061291,-2.99032358880697,1,1,"Wdfy1"
"ENSMUSG00000073647.5",154.793319612896,0.0675803221784917,0.106770522467762,0.632949250565829,1,1,"Gm10557"
"ENSMUSG00000073650.10",31.239712595766,0.120035456519276,0.209411949694291,0.573202516353577,0.999986820325701,1,"Catip"
"ENSMUSG00000073652.12",60.034510773006,0.423096860575719,0.173823001059995,2.43406717175299,0.999548154510059,1,"Apol7d"
"ENSMUSG00000073664.12",1736.28867413253,0.0852214703268984,0.0813117044244324,1.04808367909812,1,1,"Nbeal1"
"ENSMUSG00000073676.5",6204.89316764499,0.386944232675965,0.0601094083563718,6.43733224559259,1,1,"Hspe1"
"ENSMUSG00000073678.5",3740.89350089712,-0.600232034398519,0.116342959366024,-5.15916079210383,0.999704941452045,1,"Pgap1"
"ENSMUSG00000073680.3",242.450838136968,0.91593230600699,0.177795020322018,5.15161956925497,0.681834520274245,1,"Tmem88b"
"ENSMUSG00000073684.14",752.971728962657,0.127802133230959,0.0498202823336962,2.56526312667079,1,1,"Faap20"
"ENSMUSG00000073700.4",947.766114183751,0.532319107924153,0.0811860824777449,6.5567778574619,0.999999995809333,1,"Klhl21"
"ENSMUSG00000073702.12",26639.6716940743,0.563235180944677,0.0988219116127294,5.6994969208036,0.999995058473355,1,"Rpl31"
"ENSMUSG00000073705.11",201.162231749151,-0.334668085512057,0.113115043315391,-2.95865232159197,0.999999997972142,1,"Cenps"
"ENSMUSG00000073725.9",3921.77189450238,0.364923282068973,0.0716264547720529,5.09481145242104,1,1,"Lmbrd1"
"ENSMUSG00000073728.12",10.2515197712454,0.155344286629151,0.273606049023159,0.567766272652846,0.999001554558349,1,"Tmem51os1"
"ENSMUSG00000073733.5",24.0304905760273,-0.659087525091894,0.147361723711555,-4.47258289664137,0.989650764182653,1,"Cplane2"
"ENSMUSG00000073737.4",9.39730581558906,0.484326938697284,0.178425962396817,2.71444206992785,0.998074547270541,1,"Gm10566"
"ENSMUSG00000073758.11",11.1308286573304,0.0213295779785459,0.164313877512561,0.129809960676726,0.999999998963828,1,"Sh3d21"
"ENSMUSG00000073771.12",151.044826383857,0.332006570755457,0.0870024488201418,3.81606006793909,0.999999999999992,1,"Btbd19"
"ENSMUSG00000073775.5",546.246035544512,-0.0503303597156694,0.0557097282898213,-0.903439332064833,1,1,"Kti12"
"ENSMUSG00000073787.5",85.7384006927516,-0.21540143821369,0.274601197489012,-0.784415509412734,0.997868012924791,1,"Gm10575"
"ENSMUSG00000073791.14",330.868632508945,-0.225981885396393,0.0679767839094693,-3.32439801355346,1,1,"Efcab7"
"ENSMUSG00000073792.12",608.262880330672,0.0528003055707616,0.0596594994871661,0.88502763222343,1,1,"Alg6"
"ENSMUSG00000073821.13",12.0608107100653,0.592331101535242,0.168536058425658,3.51456600485601,0.99221586289745,1,"8030451A03Rik"
"ENSMUSG00000073838.11",2716.64839779476,0.207812205038686,0.0611562431633036,3.39805380922062,1,1,"Tufm"
"ENSMUSG00000073856.12",48.789134104797,0.706626533993341,0.114547189570307,6.16886836459331,0.994783807019189,1,"Iqck"
"ENSMUSG00000073968.5",258.616960892694,-0.158183329290312,0.0717351000662624,-2.20510362631677,1,1,"Trim68"
"ENSMUSG00000073982.12",1127.50421744154,0.360253919830449,0.0608969940432757,5.91579150153846,1,1,"Rhog"
"ENSMUSG00000073985.5",91.3491632470434,0.83071409211741,0.142784837657057,5.81794331771158,0.882110131605284,1,"Gm10602"
"ENSMUSG00000073987.5",1457.41590196572,-0.0199165881619311,0.0624696821391265,-0.318820065669212,1,1,"Ggh"
"ENSMUSG00000073988.15",264.921584949157,0.313049273566841,0.167347242723058,1.87065689564366,0.999979779183945,1,"Ttpa"
"ENSMUSG00000074024.8",175.305435883425,-0.438276010621062,0.128895600307785,-3.40024026867108,0.99999343647447,1,"4632427E13Rik"
"ENSMUSG00000074030.4",989.051537251555,-0.150501077322214,0.0712455798694341,-2.11242687052341,1,1,"Exoc8"
"ENSMUSG00000074039.12",51.9762493522839,-0.873657119244937,0.171353023571705,-5.09858011860143,0.769537656134293,1,"4930520O04Rik"
"ENSMUSG00000074052.9",15.1157476802078,0.016890237827796,0.163257241153061,0.103457817298043,0.999999999372869,1,"BC048644"
"ENSMUSG00000074063.11",167.972746968558,1.22822646778187,0.240233073454894,5.11264519126457,0.17105078783769,1,"Osgin1"
"ENSMUSG00000074064.7",439.998622307574,0.29666608515421,0.0663813710811598,4.4691165657229,1,1,"Mlycd"
"ENSMUSG00000074071.13",8.70571069367075,-0.0584659603605692,0.285285475886896,-0.204938439921661,0.999620678969705,1,"Fam169b"
"ENSMUSG00000074088.7",1563.07070487588,-0.127450131171572,0.0520974580885804,-2.44637907198602,1,1,"Snrnp40"
"ENSMUSG00000074102.5",3510.68488799965,-0.310512241089595,0.0683170100137242,-4.54516731670803,1,1,"Rbm15b"
"ENSMUSG00000074129.15",28434.0157323002,0.581702570002494,0.136243902315392,4.26956773930261,0.998930459474394,1,"Rpl13a"
"ENSMUSG00000074136.11",38.3244777304729,-0.528844630453203,0.099271760752727,-5.32724136696321,0.99999896320489,1,"4930513N10Rik"
"ENSMUSG00000074141.14",24.7663855696846,0.441293660668603,0.174315291276236,2.5315831872104,0.999325035187063,1,"Il4i1"
"ENSMUSG00000074158.10",76.5699947227851,-1.13345781709735,0.135249679541457,-8.38048430828199,0.161882250942827,1,"Zfp976"
"ENSMUSG00000074165.11",1020.55861981694,-0.290428355447452,0.0382054767356067,-7.6017466672986,1,1,"Zfp788"
"ENSMUSG00000074166.8",267.324734692514,-0.128243615324513,0.0672324218476178,-1.90746684114961,1,1,"AW146154"
"ENSMUSG00000074170.6",555.369616107075,1.10200067889242,0.148301799720777,7.43079774464817,0.245792126314981,1,"Plekhf1"
"ENSMUSG00000074171.3",30.4087074663605,-0.622261113030642,0.108761155520017,-5.72135437560812,0.99974276275075,1,"Gm6658"
"ENSMUSG00000074182.9",750.356219173724,0.0779875995977137,0.0576747666905496,1.35219618687235,1,1,"Znhit6"
"ENSMUSG00000074211.5",586.973721768321,-0.205022665304321,0.0599843286086569,-3.41793715225033,1,1,"Sdhaf1"
"ENSMUSG00000074212.8",2712.54176691187,0.10644351998395,0.0610856618708886,1.74252871662306,1,1,"Dnajb14"
"ENSMUSG00000074215.3",33.6924841853995,-0.663019251855506,0.113239997488331,-5.85499175698786,0.998538922093327,1,"Gm10643"
"ENSMUSG00000074218.4",41.3571359829362,0.32993737509128,0.209192506057326,1.57719500239108,0.999320194948239,1,"Cox7a1"
"ENSMUSG00000074219.5",37.4463733223976,-0.157567447394792,0.134303396376078,-1.17322012433378,0.999999999822475,1,"Gm10644"
"ENSMUSG00000074220.11",291.798430851487,-0.202009122593724,0.120316265648628,-1.67898431275845,0.999999999983491,1,"Zfp382"
"ENSMUSG00000074221.13",654.276879910266,-0.0987414573796009,0.112853708201779,-0.87495093385017,0.999999999999999,1,"Zfp568"
"ENSMUSG00000074227.13",21.5753302437547,0.516272945952678,0.250011904734758,2.06499345101347,0.973493566229282,1,"Spint2"
"ENSMUSG00000074238.7",1214.27740807894,-0.0102303174375663,0.0678096260483925,-0.150868217887906,1,1,"Ap1ar"
"ENSMUSG00000074247.11",2347.37183190515,0.287464197533898,0.0433414612739363,6.63254512156391,1,1,"Dda1"
"ENSMUSG00000074252.3",55.7575438680732,0.0127411253402058,0.162784466299549,0.0782699088545722,0.999999999585931,1,"Gm10654"
"ENSMUSG00000074259.11",54.9779821019195,-0.283569545002253,0.18802045136364,-1.50818457750543,0.999930624952295,1,"Gramd2a"
"ENSMUSG00000074264.13",150.712070768408,-1.1569265090126,0.210275686691997,-5.50195092553529,0.227746316756273,1,"Amy1"
"ENSMUSG00000074269.11",291.918598501532,-0.53250211702382,0.231207698356864,-2.30313316039293,0.978410911860313,1,"Rec114"
"ENSMUSG00000074272.11",13.6176556736723,0.86190989416345,0.262643308629164,3.28167467376986,0.700476166077986,1,"Ceacam1"
"ENSMUSG00000074280.7",12.5865314876495,0.506987186248545,0.179432162650749,2.82550897653369,0.996998595308383,1,"Gm6166"
"ENSMUSG00000074281.5",29.5863361379799,-0.29581515373037,0.147742108269902,-2.00223996526407,0.999999061852483,1,"Gm12522"
"ENSMUSG00000074282.11",175.184029543739,-0.112224356155312,0.0796249027239343,-1.40941278816255,1,1,"Zfp94"
"ENSMUSG00000074283.6",118.257676966309,-0.355890233293168,0.0971812292704221,-3.66212936350957,0.999999999982978,1,"Zfp109"
"ENSMUSG00000074284.9",36.2662294322251,-0.180842997473383,0.163442166388408,-1.1064647604072,0.999999730534551,1,"Gm10658"
"ENSMUSG00000074305.10",3323.47199963315,0.964857158020618,0.106525492916728,9.05752352420335,0.629262528603704,1,"Peak1"
"ENSMUSG00000074340.10",133.511056870105,-0.15825727447961,0.112323629727135,-1.40894017460137,0.999999999999967,1,"Ovgp1"
"ENSMUSG00000074346.8",46.2932064489539,0.140855209278212,0.106156497096578,1.32686376369471,1,1,"Kcnd3os"
"ENSMUSG00000074358.10",431.27788958001,0.304979360298643,0.0805313073597125,3.7870906396239,1,1,"Ccdc61"
"ENSMUSG00000074364.7",2445.38928337196,0.685386874918825,0.115094542470643,5.95499022113618,0.996866925133803,1,"Ehd2"
"ENSMUSG00000074398.8",18.6947123936844,-0.111288239860651,0.2793186772129,-0.398427491391225,0.999302630779515,1,"Gm15441"
"ENSMUSG00000074405.9",1036.92525078335,0.0220298496457333,0.0671056191153292,0.32828621412273,1,1,"Zfp865"
"ENSMUSG00000074406.6",413.913128570102,-0.0640627522655472,0.0527892674665571,-1.21355637878726,1,1,"Zfp628"
"ENSMUSG00000074415.18",1327.56350393928,-0.448987583709652,0.0675789325224593,-6.64389872628478,1,1,"Mir100hg"
"ENSMUSG00000074452.14",49.0628495123679,0.163327122459543,0.111964445478323,1.45874095800496,0.999999999999961,1,"Pate2"
"ENSMUSG00000074457.11",641.48073267873,-0.00359644051618003,0.152440847091298,-0.0235923676941134,0.999999999991449,1,"S100a16"
"ENSMUSG00000074466.15",194.564520532052,0.637350172907895,0.136206191108428,4.67930398553269,0.996121942860903,1,"Gm15417"
"ENSMUSG00000074476.7",901.216291130002,-0.204570569821893,0.123613968123678,-1.65491467450683,0.999999999938176,1,"Spc24"
"ENSMUSG00000074479.4",17.2984510386972,0.597886950136476,0.432133511016845,1.38356997292249,0.824060337038796,1,"Rtraf-ps"
"ENSMUSG00000074480.5",3555.14424479011,-0.82635124399947,0.082832598809434,-9.97615981964524,0.981975834033705,1,"Mex3a"
"ENSMUSG00000074486.3",9.07195778951603,-0.823988836366079,0.292142029835182,-2.82050767166555,0.726574296744794,1,"Bglap2"
"ENSMUSG00000074489.10",10.7120682395357,-0.256427642181876,0.241913418391143,-1.05999759702153,0.998943038635121,1,"Bglap3"
"ENSMUSG00000074500.12",124.221082787306,-0.75883605150605,0.11177908743073,-6.78871217280515,0.984516833962932,1,"Zfp558"
"ENSMUSG00000074505.7",1576.36665238093,-0.484289889455263,0.14108858025534,-3.43252365697352,0.9998715203379,1,"Fat3"
"ENSMUSG00000074513.10",3082.55414732934,0.0811045741281324,0.0477811623843369,1.69741735196294,1,1,"Arfip1"
"ENSMUSG00000074516.7",9.13506690761463,0.402112979573206,0.218785720898375,1.83793063789563,0.996859615680419,1,"Gm10709"
"ENSMUSG00000074519.12",204.661615204039,-0.135570375538361,0.0679070667638916,-1.99641041792794,1,1,"Zfp971"
"ENSMUSG00000074521.11",206.790542510412,-0.307257389220164,0.0902872044685842,-3.40311111667075,0.999999999999992,1,"Zfp1003"
"ENSMUSG00000074527.12",881.337131889679,-0.245763017888543,0.132439389362624,-1.85566408204763,0.999999993829946,1,"Gm14296"
"ENSMUSG00000074529.12",39.2610853366882,-0.375660356714946,0.0937286240223061,-4.00795766110408,0.999999999986415,1,"Zfp972"
"ENSMUSG00000074575.5",104.845841588467,1.15958846363034,0.352499756334208,3.28961493672898,0.325370311859754,1,"Kcng1"
"ENSMUSG00000074576.5",263.367220527738,-0.509769261765629,0.0552161022062361,-9.23225728360188,1,1,"Mocs3"
"ENSMUSG00000074578.17",1263.12292639001,0.453524905988761,0.150643002571002,3.01059390909977,0.999856975333866,1,"Zfas1"
"ENSMUSG00000074579.15",16.9027882252946,0.604226313860881,0.184686995322261,3.27162349902637,0.98394115835121,1,"Lekr1"
"ENSMUSG00000074582.11",2148.16802239216,-0.378054598955529,0.0943872216750429,-4.00535784660659,0.999999999977904,1,"Arfgef2"
"ENSMUSG00000074607.12",43.348656258877,-0.435835705107698,0.275997302532111,-1.57913030710505,0.979527943300054,1,"Tox2"
"ENSMUSG00000074622.5",413.405856885629,-0.907092144364413,0.147649913397857,-6.14353319612294,0.735405410796117,1,"Mafb"
"ENSMUSG00000074629.4",32.7929150724867,-0.7265080929686,0.118116372432712,-6.15078230058642,0.98970569120582,1,"4930518I15Rik"
"ENSMUSG00000074634.13",757.25866052586,-0.406316972292654,0.0994320619016431,-4.08637781940576,0.999999998819103,1,"Tmem267"
"ENSMUSG00000074637.8",7380.05625414378,-0.109495284325151,0.0789901424114785,-1.38618922541959,1,1,"Sox2"
"ENSMUSG00000074643.13",1594.90324068291,0.0119620949086687,0.140642624128222,0.0850531265526094,0.999999999999243,1,"Cpne1"
"ENSMUSG00000074646.12",30.0253961076414,-0.261840561703958,0.162388222957994,-1.61243566149307,0.99999726165408,1,"6430550D23Rik"
"ENSMUSG00000074649.7",674.281391963263,-0.15753875837043,0.0709063692477521,-2.22178571603319,1,1,"Mmp24os1"
"ENSMUSG00000074656.14",13873.6554231889,0.135608592483925,0.0650049274011257,2.08612789684581,1,1,"Eif2s2"
"ENSMUSG00000074664.5",16.5185842680358,-0.300582505270885,0.165773085364774,-1.81321657016561,0.999987737427406,1,"A830092H15Rik"
"ENSMUSG00000074671.7",44.2060672009828,-0.187252026655704,0.185660060394954,-1.00857462966113,0.999994000784359,1,"Tspyl3"
"ENSMUSG00000074676.3",11.2566345514308,0.629182398743514,0.382187855856379,1.64626475986184,0.834049040148974,1,"Foxs1"
"ENSMUSG00000074678.2",8.40247258245759,1.04438024588741,0.243489204784012,4.28922607396018,0.427686276847393,1,"Defb25"
"ENSMUSG00000074682.5",1031.14952578155,-0.464248012011625,0.0501376415434008,-9.2594704840625,1,1,"Zcchc3"
"ENSMUSG00000074698.11",12498.3674103692,-0.301571661648212,0.0547565620478537,-5.50749810378266,1,1,"Csnk2a1"
"ENSMUSG00000074715.4",133.889254460247,-0.665291435738108,0.0931292513949482,-7.14374297841931,0.999837193742733,1,"Ccl28"
"ENSMUSG00000074733.15",540.670087824027,-0.413294893452414,0.162898341505741,-2.53713383225481,0.999841906623885,1,"Zfp950"
"ENSMUSG00000074738.3",383.989693017287,-0.0975107176308229,0.0629934810343087,-1.54794934380138,1,1,"Fndc10"
"ENSMUSG00000074743.5",26.8596416749564,0.228559413415712,0.344173496881496,0.664081968793805,0.987679630218828,1,"Thbd"
"ENSMUSG00000074746.4",3494.39930089656,0.172132880053149,0.0858161851272535,2.00583234733517,1,1,"Pdzd8"
"ENSMUSG00000074748.4",12910.3940018468,-0.437354129639512,0.0539233538381567,-8.11066260737729,1,1,"Atxn7l3b"
"ENSMUSG00000074749.11",1686.40963100428,-0.329820173761938,0.101255696116177,-3.25729994867167,0.99999999998188,1,"Kiz"
"ENSMUSG00000074754.5",357.714126695517,-0.254234322885817,0.0826214174507404,-3.07709950676402,1,1,"Smim26"
"ENSMUSG00000074781.6",7320.6186564883,0.0699166124283722,0.0551939156487476,1.26674492299694,1,1,"Ube2n"
"ENSMUSG00000074785.6",2052.9563309704,-0.688925002818599,0.109137524757077,-6.31244848508373,0.997816119021936,1,"Plxnc1"
"ENSMUSG00000074793.11",280.210763359354,0.013349266546716,0.170081781897996,0.0784873394301687,0.999999997981325,1,"Hspa12b"
"ENSMUSG00000074794.11",6505.2383401063,-0.608589275004605,0.088219964974477,-6.89854360269444,0.999995433828397,1,"Arrdc3"
"ENSMUSG00000074796.11",43.6290261663015,-0.242616007831873,0.168004313751839,-1.44410582331978,0.999996729806265,1,"Slc4a11"
"ENSMUSG00000074797.12",2026.79419370797,-0.498448340269522,0.0657182638868759,-7.58462428538169,0.999999999999988,1,"Itpa"
"ENSMUSG00000074800.5",86.2107079280831,0.06960524302053,0.111031864444117,0.626894300739791,1,1,"Gm4149"
"ENSMUSG00000074802.12",2790.58071466007,0.731332653884642,0.139850469069907,5.22939006746608,0.972640724075905,1,"Gas2l3"
"ENSMUSG00000074813.17",144.102816154852,1.16592016812891,0.232003817412102,5.02543527573911,0.237254667721263,1,"Morrbid"
"ENSMUSG00000074824.4",13.0461843674327,0.764198681898926,0.199960973997063,3.82173914551022,0.880848030961427,1,"Rslcan18"
"ENSMUSG00000074825.5",796.693128528427,-0.595052252435461,0.0906912376628896,-6.5612981779711,0.99999599890632,1,"Itpripl1"
"ENSMUSG00000074826.11",25.9115511747222,0.0332199603722468,0.106519733192761,0.311866725314934,1,1,"Ramacl"
"ENSMUSG00000074829.11",443.755431818423,0.0437373294932986,0.0512904122940736,0.852738894796371,1,1,"2010315B03Rik"
"ENSMUSG00000074846.4",110.862190135266,0.110043879255769,0.0987771346217341,1.1140622744037,1,1,"Gm10774"
"ENSMUSG00000074862.12",241.558765153172,-0.526316174982049,0.0690543974001677,-7.62176189782768,0.999999999996547,1,"BC025920"
"ENSMUSG00000074863.6",658.33773263536,-0.520495329106693,0.0712187757185217,-7.30840040221766,0.999999999991681,1,"Platr25"
"ENSMUSG00000074865.13",385.414534076963,-0.252374212408727,0.0633806447897866,-3.98188142840407,1,1,"Zfp934"
"ENSMUSG00000074867.5",264.708226876251,-0.209330493827071,0.0793846809482245,-2.63691295759692,1,1,"Zfp808"
"ENSMUSG00000074884.13",6767.47535968356,-0.154837949468741,0.0712756217944689,-2.17238300516315,1,1,"Serf2"
"ENSMUSG00000074886.12",1645.66863314616,-0.153074112876535,0.0528004104040868,-2.8991083914887,1,1,"Grk6"
"ENSMUSG00000074892.10",272.554953483573,-0.636563084930635,0.30174004764248,-2.10964069868801,0.885796095030209,1,"B3galt5"
"ENSMUSG00000074899.7",12.9204829045777,-0.166026553049514,0.213332855166017,-0.778251211799098,0.999953733270638,1,"Sptbn5"
"ENSMUSG00000074909.6",1628.577310534,0.0235885206808855,0.0530313718989421,0.444803138901185,1,1,"Ranbp6"
"ENSMUSG00000074916.6",20.5418815252455,-0.235347267597966,0.171820246126967,-1.36972954528337,0.999995712606169,1,"Chst14"
"ENSMUSG00000074918.5",1796.5372047634,0.416101960549187,0.0564345615289328,7.37317610478572,1,1,"Inafm2"
"ENSMUSG00000074922.2",286.308920824815,0.161051678270622,0.0543271032089996,2.96448123970547,1,1,"Pabir1"
"ENSMUSG00000074925.5",3506.11654071946,0.0515057080217331,0.106098787743767,0.485450485505276,1,1,"Ptar1"
"ENSMUSG00000074968.12",507.880347026019,-0.945019497228262,0.227772275154669,-4.14896631552961,0.595371107579548,1,"Ano3"
"ENSMUSG00000074971.5",14.7484318071079,-0.290188358899961,0.343317259505594,-0.845248384301614,0.980742543903547,1,"Fibin"
"ENSMUSG00000074978.5",11.5639548834087,0.0181994124323987,0.165889564640721,0.10970800045087,0.999999998792866,1,"Actg-ps1"
"ENSMUSG00000074987.12",26.3462722082794,-1.39195009307035,0.336115839137641,-4.14128086507801,0.121783753083448,1,"Wt1os"
"ENSMUSG00000074994.7",3963.62875387194,-0.235579200213637,0.071024451802113,-3.31687460073614,1,1,"Qser1"
"ENSMUSG00000075000.12",632.017336092259,0.147154125679458,0.0486005896116368,3.02782593493935,1,1,"Nrbf2"
"ENSMUSG00000075012.5",1231.46564410778,0.308619346677516,0.1160124398032,2.66022632746151,0.999999998735247,1,"Fjx1"
"ENSMUSG00000075027.13",149.79062260146,-0.284946822740563,0.232830037772713,-1.22384046949615,0.99893379423633,1,"4631405J19Rik"
"ENSMUSG00000075028.13",225.561345146737,0.0325386838385875,0.119848107615947,0.271499354356579,1,1,"Prdm11"
"ENSMUSG00000075031.5",23.2953920411569,-0.0547827081748548,0.172603466385896,-0.317390544477102,0.999999978771566,1,"H2bc3"
"ENSMUSG00000075033.5",404.288472842205,0.385463632915,0.0585890772911443,6.57910400260328,1,1,"Nxpe3"
"ENSMUSG00000075040.10",583.523854239293,0.0252194691021072,0.0594533798753608,0.424188989002438,1,1,"Zfp408"
"ENSMUSG00000075054.6",2295.55194086471,-0.222141238413073,0.0383431980634004,-5.79349792486694,1,1,"Yae1d1"
"ENSMUSG00000075122.6",37.7911575836328,0.314022412630754,0.214370721276792,1.46485681794807,0.999312765510078,1,"Cd80"
"ENSMUSG00000075225.17",31.4429530823318,0.482924435066891,0.284231878939087,1.6990509188112,0.965559879053809,1,"Ccdc162"
"ENSMUSG00000075227.7",288.986607657644,0.236204459795686,0.072517875908006,3.25718944243937,1,1,"Znhit2"
"ENSMUSG00000075229.12",1026.22225250776,0.365873949842119,0.0889156465199135,4.11484327182143,0.999999999999505,1,"Mix23"
"ENSMUSG00000075232.7",4888.53880093362,0.547783799795008,0.0633419260510138,8.64804457246592,0.999999999999531,1,"Amd1"
"ENSMUSG00000075254.13",1473.75823703509,0.337943395651041,0.128085408235002,2.63842228640914,0.999999882242098,1,"Heg1"
"ENSMUSG00000075256.10",108.174851271939,-0.254938788397879,0.169985851152116,-1.49976475494857,0.999994149285187,1,"Cerkl"
"ENSMUSG00000075266.6",432.78145678489,0.119805809816809,0.116102411603498,1.03189768551887,0.999999999999983,1,"Cenpw"
"ENSMUSG00000075268.3",13.6464471232016,0.314910340449632,0.151718353269285,2.0756245613258,0.999996842156603,1,"Gm10819"
"ENSMUSG00000075273.5",285.782036859699,-0.0997844807331416,0.0901696979160289,-1.10662986612272,1,1,"Ift70b"
"ENSMUSG00000075276.6",14.9480328723998,0.736451340714379,0.195472599674139,3.76754257088756,0.911213248638723,1,"Gm13653"
"ENSMUSG00000075279.6",20.1188451341593,0.490651877846684,0.33800671983265,1.45160391512219,0.934089217798277,1,"Mrpl23-ps1"
"ENSMUSG00000075284.11",2156.16340223961,0.0151114578216434,0.0808677655542729,0.186866271351366,1,1,"Wipf1"
"ENSMUSG00000075289.6",112.38101492613,0.717855801709971,0.115548978967491,6.21256724312499,0.992692302043435,1,"Carns1"
"ENSMUSG00000075318.14",807.176939964772,-0.749465494748913,0.1290619147147,-5.80702290374088,0.973882761276445,1,"Scn2a"
"ENSMUSG00000075324.14",601.515864697338,0.592353855329585,0.130361432415407,4.54393484602105,0.999117137333038,1,"Fign"
"ENSMUSG00000075327.11",833.33006984372,0.0908607919403122,0.0732928894967108,1.23969449921046,1,1,"Zbtb2"
"ENSMUSG00000075330.5",128.461078024876,-0.328701556943587,0.159639552402248,-2.0590232933963,0.999986950998149,1,"A930003A15Rik"
"ENSMUSG00000075376.11",3096.84431820004,0.0603715591594931,0.0564549226422578,1.06937635079325,1,1,"Rc3h2"
"ENSMUSG00000075389.6",917.572230367726,-0.360879167608481,0.126732299292389,-2.84757058479529,0.99999977094844,1,"Reno1"
"ENSMUSG00000075391.7",59.6251056075,0.410028893676319,0.18414517069781,2.22666112894806,0.999321953792545,1,"Glo1-ps"
"ENSMUSG00000075410.15",9.52954511678204,0.412939555082875,0.21975550554369,1.87908627845857,0.99622350739969,1,"Prcd"
"ENSMUSG00000075415.14",3614.99962603942,0.75424541222076,0.127786816031183,5.9023726832407,0.972770066993578,1,"Fnbp1"
"ENSMUSG00000075419.5",656.093906153347,-0.055015761599652,0.0464371124458304,-1.18473692057896,1,1,"Dolk"
"ENSMUSG00000075463.5",18.6547157280746,0.559184089795926,0.199460433370344,2.8034837804532,0.986448871896857,1,"4930594M22Rik"
"ENSMUSG00000075467.5",1132.098187628,0.0567730387152249,0.0636846371124283,0.891471495943335,1,1,"Dnlz"
"ENSMUSG00000075470.3",7446.46512036491,0.119876708683712,0.101674010496397,1.17903000086694,1,1,"Alg10b"
"ENSMUSG00000075486.11",1485.06306083106,0.586769376036269,0.0573938981038006,10.2235498096864,0.999999999999699,1,"Commd6"
"ENSMUSG00000075511.12",16.3892673529481,0.874547350391008,0.260592540764072,3.35599533212572,0.684888517882574,1,"1700001L05Rik"
"ENSMUSG00000075514.7",249.981165955386,0.0162152822301438,0.116735680964269,0.138905963422675,1,1,"Gm13375"
"ENSMUSG00000075528.14",1260.92847803776,-0.371075556251273,0.0921272639707509,-4.02785820676368,0.999999999995655,1,"Aarsd1"
"ENSMUSG00000075551.5",29.8167051888292,-0.918250085298235,0.318281295771943,-2.88502685359238,0.601351944341345,1,"Cyp3a41a"
"ENSMUSG00000075555.15",20.7033310499753,0.947385021188709,0.305217544536181,3.1039664598193,0.568432635605109,1,"Gm10863"
"ENSMUSG00000075569.11",45.4431491851022,-0.344672381002446,0.18709521881626,-1.84222976505315,0.999769666138877,1,"Rsph10b"
"ENSMUSG00000075576.14",10.8788449926605,-0.193056581455418,0.158339885544091,-1.21925426933355,0.999999826798061,1,"Gm12359"
"ENSMUSG00000075585.5",313.591303727347,-0.513796197090904,0.176587231241698,-2.90958861225738,0.997050425023289,1,"6330403L08Rik"
"ENSMUSG00000075588.7",131.286186730793,-0.123268230721935,0.0999852557578527,-1.23286408368519,1,1,"Hoxb2"
"ENSMUSG00000075590.5",1157.05005505901,0.441310139591529,0.112198922259488,3.9332832321766,0.999999681187638,1,"Nrbp2"
"ENSMUSG00000075591.4",32.4031743701702,-0.22332284108353,0.147435867943489,-1.51471174686697,0.999999931002744,1,"Gm10874"
"ENSMUSG00000075592.12",905.638211097184,0.828059103514786,0.114003472857118,7.26345507520284,0.93424928996494,1,"Nynrin"
"ENSMUSG00000075593.11",181.511606320264,1.17521825219201,0.185593925445616,6.33220214169337,0.172560613828731,1,"Gal3st4"
"ENSMUSG00000075595.10",4659.74467207621,-0.248693859523946,0.072404878418918,-3.4347666200758,1,1,"Zfp652"
"ENSMUSG00000075600.4",557.128380030631,0.135885561500242,0.0548112685845194,2.47915373990488,1,1,"Zc3h3"
"ENSMUSG00000075609.4",9.71305202574033,-0.142030054439871,0.234593988693824,-0.605429215090582,0.999873097780655,1,"Gm7935"
"ENSMUSG00000075700.11",9589.6708201301,0.163029750993057,0.0375990423116032,4.33600807281056,1,1,"Selenot"
"ENSMUSG00000075701.11",1543.86703173697,0.263752969805913,0.0533898911010745,4.94012938341814,1,1,"Selenos"
"ENSMUSG00000075702.11",935.201876650331,-0.0165363558483586,0.101711003117286,-0.162581779173783,1,1,"Selenom"
"ENSMUSG00000075703.17",2536.14015180184,-0.182582535768505,0.0840200988228395,-2.17308165934783,1,1,"Selenoi"
"ENSMUSG00000075704.18",242.406827255253,-0.31705116337827,0.113937497937621,-2.78267619631117,0.999999998976706,1,"Txnrd2"
"ENSMUSG00000075705.14",429.437177314269,0.250428485009801,0.0673826782926836,3.71651129570776,1,1,"Msrb1"
"ENSMUSG00000075706.12",5105.96841108625,0.653535922133773,0.101457464632492,6.44147697265119,0.999680937997649,1,"Gpx4"
"ENSMUSG00000076068.3",18.5831024073576,-0.152102956048197,0.174121052325508,-0.873547190398609,0.999999440850432,1,"Mir678"
"ENSMUSG00000076138.3",2092.93101457414,0.569884595986047,0.137140668187701,4.15547483847798,0.999144553516234,1,"Gm26377"
"ENSMUSG00000076270.3",10.6825970657893,0.22369170790658,0.489735224268423,0.456760504088173,0.949767752485463,1,"Mir719"
"ENSMUSG00000076431.5",23371.692316754,-0.476263627309386,0.0861911191286814,-5.52566937433931,0.999999999385654,1,"Sox4"
"ENSMUSG00000076432.14",21541.2659277054,0.361184158817049,0.0613897993691768,5.8834555989508,1,1,"Ywhaq"
"ENSMUSG00000076433.6",17.867217140611,-0.269786554178905,0.139742428228674,-1.93059872794988,0.999999913121785,1,"Cep295nl"
"ENSMUSG00000076434.10",11.6860862792457,-0.177738567347087,0.213511572524829,-0.832454022258762,0.999941230991101,1,"Wfdc3"
"ENSMUSG00000076437.12",1804.29324255836,-0.0463124723514653,0.0890401053150468,-0.520130475897348,1,1,"Selenoh"
"ENSMUSG00000076441.10",150.975101978579,-0.997566503304838,0.279779969677315,-3.56553939317165,0.503469914166049,1,"Ass1"
"ENSMUSG00000077450.14",3247.61251507765,-0.189118346193402,0.0601347324665016,-3.14491041094681,1,1,"Rab11b"
"ENSMUSG00000078126.5",182.113756000791,0.0890972211149952,0.118818092993731,0.749862406222055,0.999999999999991,1,"Rpl23a-ps3"
"ENSMUSG00000078134.2",36.6717328770376,-0.156150953594475,0.132813782893596,-1.17571347033746,0.999999999894851,1,"Srsf3-ps"
"ENSMUSG00000078143.6",11.0331407498281,-0.130559725643231,0.145304122597263,-0.89852733225678,0.999999998908641,1,"Gm17344"
"ENSMUSG00000078153.4",20.2378232126244,0.222426310617344,0.132889089870923,1.67377405348618,0.999999997561246,1,"Psme2b"
"ENSMUSG00000078154.4",245.882964204532,0.025939458441231,0.0922780565037617,0.281101048548564,1,1,"Cdk2ap1rt"
"ENSMUSG00000078161.9",532.469552488912,0.448212753156142,0.155052419116653,2.89071757609231,0.999813662610473,1,"Erich3"
"ENSMUSG00000078180.5",24.1628875303297,0.345243707090336,0.170020377058061,2.03060193762797,0.999941192798655,1,"Gm20900"
"ENSMUSG00000078184.2",15.3976822172949,-0.152570307648784,0.103171653860592,-1.47880063893267,1,1,"Rbm8a2"
"ENSMUSG00000078185.4",2172.19216912625,-0.563975777276503,0.0918391725026301,-6.14090656424798,0.999998971251344,1,"Chml"
"ENSMUSG00000078193.3",6339.17511697636,0.507753701432877,0.110682839851304,4.58746542928438,0.999995653371142,1,"Rpl35rt"
"ENSMUSG00000078201.6",222.760402531895,0.28299939868277,0.0867817889591241,3.26104591847108,1,1,"Tmem203"
"ENSMUSG00000078202.4",1225.05186201091,-0.987233941822884,0.155155938012041,-6.36284988168658,0.532787529123405,1,"Nrarp"
"ENSMUSG00000078234.7",764.101069269727,0.612039039258925,0.238008689284463,2.57149871754233,0.948452269376725,1,"Klhdc7a"
"ENSMUSG00000078235.4",29.6515121291075,-0.805847877203043,0.346150553777734,-2.32802712117134,0.712563569855881,1,"Fam43b"
"ENSMUSG00000078247.8",285.184936451615,0.444919654777217,0.123412822961325,3.60513311421979,0.999996566222771,1,"Airn"
"ENSMUSG00000078249.6",132.417759133088,0.608724051425505,0.514786386237546,1.18247892271303,0.777283867975328,1,"Hmga1b"
"ENSMUSG00000078317.7",266.119487724825,-0.132469034226305,0.058695292690251,-2.25689366480163,1,1,"F8a"
"ENSMUSG00000078348.5",1337.71125868207,0.278626224347923,0.0731114812150725,3.81097769758332,1,1,"Sf3b5"
"ENSMUSG00000078350.12",248.211586521646,1.18125111292302,0.146764690177146,8.04860563870808,0.108419410185096,1,"Smim1"
"ENSMUSG00000078370.2",18.6771859696585,0.394074829711146,0.163470040308873,2.41068534005712,0.999894987892374,1,"Gm6316"
"ENSMUSG00000078377.6",24.4236603450255,0.218891873843521,0.737181250535759,0.296930875119841,0.904453596874454,1,"Gm4294"
"ENSMUSG00000078427.4",2584.97044521379,0.154675484806099,0.0632506793832306,2.44543594336644,1,1,"Sarnp"
"ENSMUSG00000078429.10",9127.99216762719,0.360174356846237,0.0642709260283051,5.60400135961345,1,1,"Ctdsp2"
"ENSMUSG00000078435.6",181.349732345789,-0.192724235452888,0.0983962632582507,-1.95865400850705,1,1,"AU041133"
"ENSMUSG00000078439.10",11.9769551216837,-0.538455001053983,0.174848820706942,-3.07954608373634,0.995850787370876,1,"Smim24"
"ENSMUSG00000078440.11",736.649279626464,0.32162575301313,0.0564736387686131,5.69514839181716,1,1,"Dohh"
"ENSMUSG00000078444.5",27.078304918108,0.439111059970693,0.156077829233134,2.81341086128762,0.99983696050099,1,"Gm10941"
"ENSMUSG00000078452.11",214.273930191101,-0.875185004834543,0.302571934084325,-2.89248574056652,0.660018441414137,1,"Raet1d"
"ENSMUSG00000078453.4",21.8139569749055,0.0253813197514018,0.373101163412367,0.0680279834007092,0.998497621532805,1,"Abracl"
"ENSMUSG00000078485.5",235.582903792971,0.0597083955503085,0.101171841558968,0.59016812020277,1,1,"Plekhn1"
"ENSMUSG00000078490.11",53.2176236951204,-0.511979666814478,0.1295944323677,-3.95063011165349,0.999916975315579,1,"Cfap74"
"ENSMUSG00000078495.11",136.0058737256,-1.11429369200998,0.0909736152955424,-12.2485369894338,0.104496561480763,1,"Zfp984"
"ENSMUSG00000078515.6",3633.16134799331,0.169979289164109,0.0625310114144272,2.71831984353433,1,1,"Ddi2"
"ENSMUSG00000078517.14",4749.06910310571,0.457449369550279,0.0501316282824601,9.124965320752,1,1,"Emc1"
"ENSMUSG00000078521.3",209.076290998505,-0.216957168495011,0.122173113037059,-1.77581763369819,0.9999999999269,1,"Aunip"
"ENSMUSG00000078528.3",13.9111520691713,0.680607494339173,0.161416862343879,4.21645845704288,0.976074042707438,1,"Gm17068"
"ENSMUSG00000078532.10",406.430694450917,-0.389649620719687,0.0893683140722976,-4.36004220024187,0.999999999995743,1,"Nkain1"
"ENSMUSG00000078546.9",129.950509785432,-0.154340851936747,0.057834695110189,-2.66865506323998,1,1,"Zfp995"
"ENSMUSG00000078552.11",20.822034074831,0.466544971195452,0.171190745780393,2.72529317556655,0.999083836383006,1,"Dcdc2b"
"ENSMUSG00000078566.9",11577.8887883447,0.25722489431235,0.165596108520399,1.55332692664492,0.999996362199886,1,"Bnip3"
"ENSMUSG00000078570.11",677.875532823853,0.239573903590022,0.0781174412030461,3.06684269095952,1,1,"1110065P20Rik"
"ENSMUSG00000078572.4",273.575668905525,-0.0856150871741896,0.0841254407967417,-1.01770744216422,1,1,"Ndufaf8"
"ENSMUSG00000078578.10",11605.779671282,0.181360128449991,0.049437252287961,3.66849127038065,1,1,"Ube2d3"
"ENSMUSG00000078580.4",116.652636115062,0.341114891984026,0.0715662115690086,4.76642377045629,1,1,"Zfp764l1"
"ENSMUSG00000078584.10",977.701266162862,0.11841966538508,0.0720296270218937,1.64404107422472,1,1,"AU022252"
"ENSMUSG00000078588.11",66.3727045250154,-0.432995149190618,0.219257063370467,-1.97482873543284,0.995145544387574,1,"Ccdc24"
"ENSMUSG00000078606.9",72.2930792990052,-1.74585510037551,0.607167085370903,-2.87541130347837,0.109648065944004,1,"Gvin2"
"ENSMUSG00000078607.7",365.75974409197,0.22062738395171,0.169695426241158,1.30013748065414,0.999997813029248,1,"1810010H24Rik"
"ENSMUSG00000078619.11",998.940317387269,0.254965376442101,0.0677188706607702,3.76505653378834,1,1,"Smarcd2"
"ENSMUSG00000078622.9",8538.91012379435,-0.013782520065957,0.0624844147734379,-0.220575324517819,1,1,"Ccdc47"
"ENSMUSG00000078636.5",30.2819373410615,0.790302702573038,0.150546721157296,5.24955107954364,0.918175756738544,1,"Gm7336"
"ENSMUSG00000078651.9",86.9512241177509,-0.0767699990335455,0.103094933294503,-0.744653462399003,1,1,"Aoc2"
"ENSMUSG00000078652.10",5115.72682134338,-0.192439112784216,0.0954576523200481,-2.0159631847954,1,1,"Psme3"
"ENSMUSG00000078653.5",692.505503403092,0.479577138595985,0.13989348559858,3.42815919228804,0.99990044243194,1,"Cntd1"
"ENSMUSG00000078656.12",2282.09262742403,-0.140317596936799,0.0663521078047117,-2.11474211715751,1,1,"Vps25"
"ENSMUSG00000078670.4",4826.48384953868,0.740461530274273,0.0895649224792554,8.26731615209933,0.998120864485918,1,"Fam174b"
"ENSMUSG00000078671.12",3863.37971331172,0.331258140959279,0.0843676022531813,3.92636666341656,0.999999999999999,1,"Chd2"
"ENSMUSG00000078676.10",3287.19708289299,-0.126702914236231,0.0670151793050733,-1.89065993033372,1,1,"Casc3"
"ENSMUSG00000078681.11",444.662366847879,0.115787175766286,0.0817245674040949,1.41679765882106,1,1,"Tm2d3"
"ENSMUSG00000078684.9",1831.07456960885,-0.151584522786663,0.0844895155909495,-1.79412228519038,1,1,"5830417I10Rik"
"ENSMUSG00000078706.7",11.2313517860525,0.650507971698619,0.207641534823485,3.1328412798124,0.953827054773513,1,"Gm53"
"ENSMUSG00000078713.9",1114.85949228643,0.059852125849724,0.060018441508463,0.99722892406802,1,1,"Tomm5"
"ENSMUSG00000078716.11",1319.72283894277,-0.177366408998312,0.0825700119124705,-2.14807294912749,1,1,"Tmem8b"
"ENSMUSG00000078762.11",689.864724835914,-0.131419756871847,0.08926572384416,-1.472230899077,1,1,"Haus5"
"ENSMUSG00000078765.12",645.553574312172,0.0578682609177069,0.0716013615074051,0.808200566294008,1,1,"U2af1l4"
"ENSMUSG00000078768.3",105.367223073559,-0.259717283228367,0.0726340266554544,-3.57569716546705,1,1,"Zfp566"
"ENSMUSG00000078771.12",100.040187993418,0.720141800498916,0.325814228815283,2.210283458514,0.804816070989143,1,"Evi2a"
"ENSMUSG00000078773.12",575.419687666376,-0.140723986085069,0.120700627429393,-1.16589274705626,0.999999999999457,1,"Rad54b"
"ENSMUSG00000078776.10",27.9565413322328,0.0272684456079214,0.159366583051341,0.171105165749439,0.999999999539354,1,"Fcgbpl1"
"ENSMUSG00000078779.5",332.928744108706,-0.266703021409352,0.0555049044590273,-4.80503523082771,1,1,"Zfp59"
"ENSMUSG00000078784.9",1500.11715271339,0.110305543331436,0.070983944502955,1.55395060254568,1,1,"Rbis"
"ENSMUSG00000078786.10",298.537716938237,0.138152035861049,0.0606702460485689,2.27709700980037,1,1,"Actmap"
"ENSMUSG00000078789.10",441.047813544763,-0.357620046092844,0.0757181280122176,-4.72304394576607,1,1,"Dph1"
"ENSMUSG00000078794.5",1079.46069265867,-0.413410092224597,0.0948669280985994,-4.35778938467283,0.999999999686108,1,"Dact3"
"ENSMUSG00000078812.11",16442.3364247723,0.0685099173027495,0.0625243433150839,1.09573189689497,1,1,"Eif5a"
"ENSMUSG00000078813.4",499.331714794154,0.0521135911067433,0.0626055376957697,0.832411844459962,1,1,"Leng1"
"ENSMUSG00000078816.11",186.521685111975,-0.848265939670856,0.183933516806525,-4.61180732255082,0.795297087312759,1,"Prkcg"
"ENSMUSG00000078851.5",592.426849675805,-0.718955979748824,0.0847776843390866,-8.48048617220075,0.999541900310008,1,"H2ac25"
"ENSMUSG00000078861.9",280.395149102704,-0.127149919610355,0.0853153305021223,-1.49035254112029,1,1,"Zfp931"
"ENSMUSG00000078862.11",499.953511386643,-0.429786741716676,0.050126342637557,-8.57406942342248,1,1,"Gm14326"
"ENSMUSG00000078864.11",167.987146561908,-0.524391019970206,0.0673164557206836,-7.78993805238445,0.999999999999199,1,"Gm14322"
"ENSMUSG00000078865.10",10.1949942447314,-0.675637743148162,0.369314367841209,-1.82943801265447,0.810107570027727,1,"Gm14406"
"ENSMUSG00000078866.11",264.370139239521,-0.3820178314516,0.0676821952908695,-5.64428842489296,1,1,"Zfp970"
"ENSMUSG00000078867.11",783.342312203244,-0.264312264925931,0.0660409997013736,-4.00224506172086,1,1,"Gm14418"
"ENSMUSG00000078868.4",59.5960041479291,-0.840333377981592,0.155829218876705,-5.39265603741799,0.847230082670335,1,"Gm14412"
"ENSMUSG00000078869.4",23.3723772567784,0.054963299245708,0.178195827007342,0.308443245662781,0.999999944762231,1,"Zfp1010"
"ENSMUSG00000078870.11",253.967352291555,-0.376910291599277,0.139819542747644,-2.69569106143876,0.999995832335275,1,"Gm14410"
"ENSMUSG00000078872.11",8.94463148396729,-0.104555454540867,0.148341881502627,-0.704827614978148,0.999999999211886,1,"Gm14401"
"ENSMUSG00000078876.12",43.6270285705898,-0.715203517177299,0.225517708414158,-3.17138517505616,0.896679605487522,1,"Gm14408"
"ENSMUSG00000078877.12",767.612354664631,-0.513954790241103,0.216408427079897,-2.3749296511977,0.987646794692154,1,"Gm14295"
"ENSMUSG00000078878.10",665.384050327725,-0.345176867744972,0.0646111403479918,-5.34237386750751,1,1,"Gm14305"
"ENSMUSG00000078879.11",219.868097799153,-0.0316466722030845,0.171723039935846,-0.184289028513049,0.999999992391363,1,"Zfp973"
"ENSMUSG00000078880.11",27.8644612058101,-0.694104075441608,0.231720739946995,-2.99543353607615,0.90660017459999,1,"Gm14308"
"ENSMUSG00000078881.11",423.667721067047,-0.669503349452569,0.233812254551189,-2.8634228378564,0.921247522336538,1,"Gm14434"
"ENSMUSG00000078886.13",300.110258045189,-0.337771322086865,0.142087920427763,-2.37719942040103,0.999998424294585,1,"Gm2026"
"ENSMUSG00000078887.11",804.365745907012,-0.109916741431272,0.0700766208536127,-1.5685222844989,1,1,"Gm6710"
"ENSMUSG00000078889.13",452.351854049658,-0.0857424730389544,0.0937694977721344,-0.914396206400869,1,1,"Gm14288"
"ENSMUSG00000078894.10",302.233257719185,-0.105252190976465,0.645153664016552,-0.163142824488034,0.960601583433802,1,"2210418O10Rik"
"ENSMUSG00000078896.12",93.3173719978469,-0.0877199632555959,0.281208094505738,-0.311939680860808,0.999465842881319,1,"Zfp965"
"ENSMUSG00000078897.11",274.703213258032,-0.00457498096128989,0.0915355430559005,-0.0499803771142316,1,1,"Gm4724"
"ENSMUSG00000078898.11",1213.80363089326,-0.139617641724655,0.0672478053238756,-2.0761665165463,1,1,"Zfp968"
"ENSMUSG00000078899.10",1670.18401043729,-0.139327870762238,0.0714967392319503,-1.94873042126061,1,1,"Gm4631"
"ENSMUSG00000078901.10",891.566183981947,0.0828678887872946,0.0967222526982282,0.856761360240865,1,1,"Zfp1009"
"ENSMUSG00000078902.4",41.992945455533,-0.745482230684688,0.112508317709906,-6.626018821176,0.988157874106908,1,"Gm14443"
"ENSMUSG00000078903.11",305.644385036309,-0.263033755757358,0.182090437562067,-1.44452261897443,0.999974088998233,1,"Gm14391"
"ENSMUSG00000078905.9",23.6010471314773,-0.107770422667859,0.117607016260414,-0.916360486769143,0.999999999999984,1,"Gm14393"
"ENSMUSG00000078906.11",8.54911320244728,-0.437569048995255,0.359466645079636,-1.21727302097338,0.941196497792155,1,"Gm14444"
"ENSMUSG00000078908.11",1017.06698442156,-0.228876912064844,0.0434279502847074,-5.2702674329403,1,1,"Mon1b"
"ENSMUSG00000078919.11",774.408127713264,0.234655075255512,0.120549739026605,1.94654154501093,0.999999999891492,1,"Dpm1"
"ENSMUSG00000078923.11",5816.03968799295,-0.147250764106842,0.0568312125597916,-2.59101922120561,1,1,"Ube2v1"
"ENSMUSG00000078931.5",118.647843484115,-0.680213099794162,0.0983261905595659,-6.91792386060242,0.999427637282138,1,"Pdf"
"ENSMUSG00000078937.9",100.61970507736,-0.346196389500465,0.125477797018784,-2.75902508432341,0.999999905840076,1,"Cpt1b"
"ENSMUSG00000078941.10",1602.96855376245,0.132455257972627,0.101608081998897,1.30358978702171,1,1,"Ak6"
"ENSMUSG00000078942.11",27.6696705796607,-0.322708488141796,0.198446219214078,-1.62617604618442,0.999678708019063,1,"Naip6"
"ENSMUSG00000078945.11",112.857401707597,-0.401426829062378,0.182376909266903,-2.2010836277245,0.999484753769921,1,"Naip2"
"ENSMUSG00000078952.12",12.633859080665,0.798906225663849,0.235680722373226,3.3897818099806,0.803238716048989,1,"Lncenc1"
"ENSMUSG00000078956.6",13.817992708855,0.34364251988731,0.26727290837269,1.28573644811067,0.99297085150458,1,"Gm14221"
"ENSMUSG00000078958.10",34.525749740263,-1.02309556452804,0.267596544907443,-3.8232764361061,0.465611024344259,1,"Atp6ap1l"
"ENSMUSG00000078967.6",37.2261285023222,0.422131555321374,0.152810236100818,2.76245601140795,0.999922090771174,1,"Gapdh-ps16"
"ENSMUSG00000078970.6",522.812486770771,0.206822269278009,0.0471690514688749,4.38470274125574,1,1,"Dnaaf10"
"ENSMUSG00000078974.11",2355.64750158561,0.305707525121315,0.0714220223472693,4.28029779995446,1,1,"Sec61g"
"ENSMUSG00000078994.10",225.466376415323,-0.128728730618351,0.112313155871981,-1.14615896614178,0.999999999999996,1,"Zfp429"
"ENSMUSG00000078995.11",17.8705405948174,-1.04173092915732,0.363906848784528,-2.8626307326635,0.454351471858496,1,"Zfp456"
"ENSMUSG00000079003.4",1729.68120995096,-0.139695591978847,0.0496305767819753,-2.8147082108782,1,1,"Samd1"
"ENSMUSG00000079008.3",49.1065906447851,-0.606945572008128,0.244543065183747,-2.4819578161093,0.946005873955381,1,"Zfp1005"
"ENSMUSG00000079009.9",89.9721336078915,-0.638173751056247,0.156220283646623,-4.08508892801541,0.989724372789827,1,"Zfp1004"
"ENSMUSG00000079020.10",1716.90401409387,0.0915249965970509,0.0886456856436875,1.03248111774934,1,1,"Slc45a4"
"ENSMUSG00000079022.11",111.945686426211,0.92971231815259,0.336672942940669,2.76147025665924,0.582686655788099,1,"Col22a1"
"ENSMUSG00000079033.11",35.6008275169523,0.402405175031001,0.156701242559364,2.56797692512588,0.999931519635529,1,"Mef2b"
"ENSMUSG00000079036.11",778.713981571378,0.364925932890439,0.0559737693413451,6.51958832118326,1,1,"Alkbh1"
"ENSMUSG00000079037.10",11530.3230728801,-0.102449243801041,0.0888396679536353,-1.15319255644347,1,1,"Prnp"
"ENSMUSG00000079038.4",158.667818490127,-0.743682497210474,0.091289054260125,-8.14645855670031,0.997505609067956,1,"Zfp781a"
"ENSMUSG00000079043.4",379.656176922958,-0.573463890529407,0.0740258252508,-7.74680847645409,0.999999995843619,1,"Fastkd5"
"ENSMUSG00000079045.6",32.4195911923305,-0.620794234728408,0.130164973183995,-4.76928792395541,0.998211676344031,1,"Prox1os"
"ENSMUSG00000079055.11",60.3909550715186,-0.334346024383221,0.210789396009379,-1.58616149916927,0.999205477521157,1,"Slc8a3"
"ENSMUSG00000079057.5",168.275830861488,0.350047988201666,0.179909385415062,1.94569053412129,0.999848465865558,1,"Cyp4v3"
"ENSMUSG00000079083.4",726.196480665977,-0.014437251262726,0.0529782681405387,-0.272512706991995,1,1,"Jrkl"
"ENSMUSG00000079084.13",1110.03086494356,-0.327580226756855,0.079824733893759,-4.10374342359651,1,1,"Ccdc82"
"ENSMUSG00000079104.5",938.296605820462,-0.176878084652074,0.0751691635758506,-2.35306708546241,1,1,"Prps1l3"
"ENSMUSG00000079108.7",3668.59302703547,0.117507511917136,0.0306782300351791,3.83032240720499,1,1,"Srp54c"
"ENSMUSG00000079109.12",654.817604009039,-0.252668108405083,0.0623909640488373,-4.04975483641035,1,1,"Pms2"
"ENSMUSG00000079111.4",6039.79541032313,0.279047490521722,0.0726252707341996,3.84229191438067,1,1,"Kdelr2"
"ENSMUSG00000079139.5",464.471429966247,0.178021456551769,0.0742349661148414,2.39808092963051,1,1,"Gm4204"
"ENSMUSG00000079144.8",668.20196662727,-0.606121466881516,0.0663213049782355,-9.13916677424284,0.999999998565683,1,"A130010J15Rik"
"ENSMUSG00000079164.11",76.7873051676671,-0.676483154188177,0.188139224295682,-3.59565187281207,0.957243851774645,1,"Tlr5"
"ENSMUSG00000079165.11",21.3405059083814,-0.457341529486178,0.258298576949859,-1.77059252469268,0.982174964057348,1,"Sap25"
"ENSMUSG00000079173.12",26.3187983574661,0.411028327874565,0.250057550912288,1.64373491772196,0.990747237612913,1,"Zan"
"ENSMUSG00000079177.5",21.6916230738688,0.16431160164301,0.135637762891041,1.21140011557846,0.999999999638971,1,"Fam228a"
"ENSMUSG00000079179.12",587.316754704186,-0.11543517833442,0.0853869871699697,-1.35190597724964,1,1,"Rab10os"
"ENSMUSG00000079184.11",2405.73955647594,0.917656219786394,0.0720449842701431,12.7372672654839,0.873470224807453,1,"Mphosph8"
"ENSMUSG00000079197.11",1713.17920600848,0.402154460577358,0.0963229573727661,4.17506346925205,0.999999999729418,1,"Psme2"
"ENSMUSG00000079215.9",6156.45365849908,-0.100767235999921,0.0534597018534537,-1.88491952828597,1,1,"Zfp664"
"ENSMUSG00000079225.5",67.16352069403,0.0345899712971631,0.0825973776219522,0.418778081012223,1,1,"Gm9531"
"ENSMUSG00000079235.11",22.498907786678,0.0618484109980103,0.193110389338661,0.32027490188291,0.999999426577722,1,"Ccdc13"
"ENSMUSG00000079242.4",24.1776230897248,-0.211019078239693,0.157946140025161,-1.33601921646251,0.999999706206508,1,"C730034F03Rik"
"ENSMUSG00000079259.3",224.413463442599,0.283933937369198,0.120719384707069,2.35201610791985,0.999999998500543,1,"Trim71"
"ENSMUSG00000079260.4",220.474755801747,0.166848313067342,0.096080844491086,1.73654086775665,1,1,"Tmppe"
"ENSMUSG00000079283.3",403.733515008773,-0.394828823498084,0.0744491443944659,-5.3033359444146,1,1,"2310009B15Rik"
"ENSMUSG00000079293.13",466.611760990118,-0.232416494996259,0.332269235673231,-0.699482437865022,0.989663388460282,1,"Clec7a"
"ENSMUSG00000079297.5",129.683337300044,0.186502356278085,0.223427557453299,0.834733004307526,0.999864259165858,1,"Gm2223"
"ENSMUSG00000079311.2",56.2540931031375,0.485297559359588,0.125442384817651,3.86868888107509,0.99997961730622,1,"Gm3222"
"ENSMUSG00000079316.11",1354.91843995434,-0.10476230858579,0.050747054828721,-2.06440174586247,1,1,"Rab9"
"ENSMUSG00000079317.11",954.755765013605,-0.446989090426232,0.0513194723500042,-8.70993153198692,1,1,"Trappc2"
"ENSMUSG00000079334.9",601.504530056887,0.64862648341165,0.105767764710574,6.13255357326092,0.999553323372435,1,"Naa80"
"ENSMUSG00000079343.5",13.1490545064684,0.786296422923561,0.168949248701126,4.65403918021875,0.897046063718957,1,"C1s2"
"ENSMUSG00000079414.7",77.62337180356,-0.181652704096769,0.215686027694552,-0.842208955482363,0.99992594937064,1,"Gm11110"
"ENSMUSG00000079415.3",67.8941975231086,-0.173958764176023,0.0953048096716272,-1.82528840648649,1,1,"Cntf"
"ENSMUSG00000079418.6",472.675690622267,-0.127925190315599,0.0488863650291735,-2.61678671014419,1,1,"Atg4a"
"ENSMUSG00000079419.5",85.3787757956295,0.593195882253149,0.367576967150052,1.61380046974215,0.865799417572804,1,"Ms4a6c"
"ENSMUSG00000079426.14",3612.60492210142,0.227919623806516,0.046347225815648,4.91765407304193,1,1,"Arpc4"
"ENSMUSG00000079427.11",293.405682741452,-0.116275935028858,0.101266972653011,-1.1482118205239,1,1,"Mthfsl"
"ENSMUSG00000079435.10",8034.14512921808,0.668342601227432,0.109099544975371,6.12598889737174,0.998816921398381,1,"Rpl36a"
"ENSMUSG00000079442.13",1038.67790853672,0.18439002978065,0.06411147276584,2.8760847602755,1,1,"St6galnac4"
"ENSMUSG00000079444.10",96.4630118180893,-0.276693934858505,0.101933761044533,-2.71444840279781,0.999999999999357,1,"Gm21981"
"ENSMUSG00000079450.13",481.302512476922,-0.100575043598877,0.0669321805170113,-1.5026410737256,1,1,"Cldn34c1"
"ENSMUSG00000079467.11",29.329213238033,-0.413930861658399,0.141224412112473,-2.93101493903716,0.999983369975628,1,"Gm14966"
"ENSMUSG00000079469.12",556.843187993076,-0.106543131491054,0.0471362814875017,-2.26032109722751,1,1,"Pigb"
"ENSMUSG00000079470.9",2090.94846669982,-0.388199127124293,0.125241833282132,-3.09959633255926,0.999999482740818,1,"Utp14b"
"ENSMUSG00000079477.10",11305.1531569539,0.187012200172973,0.0391831536560804,4.77277050781624,1,1,"Rab7"
"ENSMUSG00000079478.10",324.494662297847,0.169444888596351,0.0852090121454128,1.98857942757494,1,1,"Znrd2"
"ENSMUSG00000079480.4",529.642997922693,0.0270074476086101,0.0687068631720558,0.393082238974846,1,1,"Pin4"
"ENSMUSG00000079481.12",358.160533569285,1.07275287627861,0.224554642501892,4.77724648364628,0.372973784239839,1,"Nhsl2"
"ENSMUSG00000079484.13",178.779042068539,0.987607406936759,0.233954923043156,4.22135766193978,0.521122096006809,1,"Phyhd1"
"ENSMUSG00000079487.12",2556.06944393382,0.0151342843184669,0.0630901371773702,0.239883522141007,1,1,"Med12"
"ENSMUSG00000079491.11",170.019235356877,-0.976024312175423,0.159051035378928,-6.13654799448563,0.559910421008114,1,"H2-T10"
"ENSMUSG00000079494.3",29.5165601591568,0.913047812038043,0.218188972633909,4.18466525148367,0.654875727606307,1,"Nat8f5"
"ENSMUSG00000079499.11",277.4833463102,-0.435962066160468,0.106973576632675,-4.07541824704497,0.999999932778765,1,"6530402F18Rik"
"ENSMUSG00000079501.4",9.79950509765978,0.46505588235717,0.292895530493677,1.58778756908074,0.966105196038509,1,"Gm5138"
"ENSMUSG00000079502.9",17.6106880637546,1.03587850094637,0.193646800775145,5.34931894975736,0.426505478158863,1,"Cfap77"
"ENSMUSG00000079505.4",36.4258164419341,-0.424206707948123,0.158431816391008,-2.67753483871691,0.99986064730335,1,"Gm11131"
"ENSMUSG00000079508.9",1183.41740503659,-0.0327456221170103,0.0488505464781237,-0.670322534297021,1,1,"Apoo"
"ENSMUSG00000079509.11",2346.47000859638,0.0812583240586251,0.0688638155156153,1.17998579442929,1,1,"Zfx"
"ENSMUSG00000079523.9",15383.0126818428,0.218431524777838,0.106401295489755,2.05290286901507,0.999999999999898,1,"Tmsb10"
"ENSMUSG00000079536.2",32.637772922172,-0.169626341918201,0.299747559298707,-0.565897324785764,0.997246971132779,1,"Ctag2l1"
"ENSMUSG00000079547.5",128.695000094652,-1.12733817123873,0.300964125165573,-3.74575597878497,0.336110848322347,1,"H2-DMb1"
"ENSMUSG00000079550.10",13.8674338305124,-0.185105053139245,0.137533238502344,-1.34589321937686,0.999999998439239,1,"Mpp4"
"ENSMUSG00000079553.13",1812.43271204787,0.0980360507449882,0.123192690646648,0.795794378955351,0.999999999999877,1,"Kifc1"
"ENSMUSG00000079555.3",964.824584713391,0.432023458233454,0.0677192363882725,6.3796268427544,1,1,"Haus3"
"ENSMUSG00000079557.12",888.534076425318,0.197798530353521,0.056726221399314,3.48689768989113,1,1,"Marchf2"
"ENSMUSG00000079560.14",1197.82109232159,0.546942743031856,0.0688657270404021,7.94216174775844,0.999999999976295,1,"Hoxa3"
"ENSMUSG00000079562.8",2644.50809320704,0.297826940359232,0.0370755451546757,8.03297535118434,1,1,"Maea"
"ENSMUSG00000079575.4",20.6070941094835,0.60721919256374,0.237273910710667,2.5591485837825,0.951077271382228,1,"Rbpj-ps3"
"ENSMUSG00000079588.4",13.7376505474247,0.125186871885501,0.282953329308496,0.442429400606249,0.999039962103978,1,"Tmem182"
"ENSMUSG00000079592.10",300.870102964553,0.1441359318248,0.144355847524147,0.998476572282183,0.999999998474677,1,"C1qtnf5"
"ENSMUSG00000079598.5",346.486191944337,-0.773147810290245,0.150393982958536,-5.1408161090022,0.934272127623575,1,"Clec2l"
"ENSMUSG00000079605.6",538.340493494184,-0.0300651073365243,0.0363501197558953,-0.827097889592188,1,1,"Zbtb9"
"ENSMUSG00000079608.11",146.919165441184,0.20739389194059,0.0888101080708021,2.33525098038671,1,1,"Stard6"
"ENSMUSG00000079610.10",280.831460467346,0.399912107610555,0.0742332283053953,5.38723852834902,1,1,"Ankrd39"
"ENSMUSG00000079614.5",3848.71957619312,0.11547143423151,0.0573699469981106,2.01275127960834,1,1,"Seh1l"
"ENSMUSG00000079641.4",9971.97191593933,0.546998007800993,0.116987006949173,4.6757158941475,0.999946080581396,1,"Rpl39"
"ENSMUSG00000079645.3",9.76893905049555,-0.156508890085968,0.149872602061588,-1.04427952763276,0.999999990887308,1,"Gm17193"
"ENSMUSG00000079652.9",48.1309736897482,0.244485574959754,0.16417469134541,1.48917944024257,0.999997906662404,1,"Garin1a"
"ENSMUSG00000079658.10",4047.94247167332,0.0898930276069099,0.052296184930728,1.71892132716723,1,1,"Eloc"
"ENSMUSG00000079659.6",398.336230542782,0.134518059338136,0.0772813542806407,1.74062761438736,1,1,"Tmem243"
"ENSMUSG00000079669.5",89.434149498239,0.564140869154284,0.210587700250176,2.67888802852251,0.980761059772039,1,"Gm17396"
"ENSMUSG00000079671.11",77.8031165399364,0.0909451083806196,0.100876631209195,0.901547834126423,1,1,"2610203C22Rik"
"ENSMUSG00000079677.3",597.410578293348,0.346442330930629,0.076341133190253,4.53808211187074,1,1,"Fdx2"
"ENSMUSG00000079685.11",10035.6225223778,0.152282674204914,0.122557217830364,1.24254349846366,0.999999999997692,1,"Ulbp1"
"ENSMUSG00000079707.11",6.50368012308913,0.676987509392797,0.571917107254477,1.18371613789054,0.715574089113164,1,"Dynlt2a1"
"ENSMUSG00000079710.12",39.8952518288323,-0.182456421385143,0.184554152518544,-0.988633519729713,0.999995284710913,1,"Dynlt2a2"
"ENSMUSG00000079884.7",446.569847723792,-0.0158525810667586,0.104577722470129,-0.151586596956982,1,1,"Tmed2b"
"ENSMUSG00000079941.3",23.4488714215094,0.180519710450896,0.11233480747552,1.60697930149776,0.999999999999851,1,"Cox5b-ps"
"ENSMUSG00000080002.3",13.8782776096692,-0.0017091332333506,0.159087776239923,-0.0107433347410239,0.99999999997743,1,"Nme-ps1"
"ENSMUSG00000080058.3",18.2065051815788,-0.0457800062239362,0.141531689591354,-0.323461172237237,0.999999999992268,1,"Gm11175"
"ENSMUSG00000080059.5",28.8685848024001,-0.456628397246581,0.121585542977352,-3.75561424545052,0.999996071571253,1,"Rps19-ps3"
"ENSMUSG00000080115.4",8.97785746858811,0.749410710713067,0.192780287867686,3.88738246530382,0.903177214718226,1,"Eef1akmt3"
"ENSMUSG00000080186.3",8.3913509564201,-0.420675596236866,0.173152193225995,-2.42951353026068,0.999589702140804,1,"Gm14448"
"ENSMUSG00000080242.6",11.1143832915081,0.322850565790002,0.16792935381146,1.9225380105522,0.99997238872225,1,"Atp6v0c-ps2"
"ENSMUSG00000080268.5",575.365814800762,0.220688042720324,0.0717569031514862,3.07549563913633,1,1,"Brms1"
"ENSMUSG00000080303.3",8.11433003917385,0.376880278577681,0.178977452960296,2.10574165820366,0.99975074365472,1,"Gm12419"
"ENSMUSG00000080316.12",152.717775285032,0.313817133914466,0.143015281708428,2.19429091888418,0.999999198586493,1,"Spaca6"
"ENSMUSG00000080717.12",281.105352588642,-0.0546934640570934,0.0559044092243983,-0.978339004309226,1,1,"B230307C23Rik"
"ENSMUSG00000080727.5",59.3198119274505,-0.0429000380032883,0.13516756997554,-0.317384103384055,0.99999999999929,1,"C920021L13Rik"
"ENSMUSG00000080772.2",10.0586271244717,0.450415244452008,0.225256173186886,1.99956892670069,0.992652730782759,1,"Gm12543"
"ENSMUSG00000080775.2",34.8432077387476,0.425689239019304,0.0830290175666023,5.12699356797561,0.999999999997693,1,"Gm6368"
"ENSMUSG00000080776.2",66.3737827647859,0.493401017628258,0.0891565195405179,5.53409913454538,0.999999993348647,1,"Gm12174"
"ENSMUSG00000080848.4",191.771829454392,0.603061534181303,0.114741512223822,5.25582696700852,0.999729324570427,1,"Gm9385"
"ENSMUSG00000080870.2",19.7245035073497,0.295450287847262,0.155501264693849,1.89998639836753,0.999997062372445,1,"Gm14111"
"ENSMUSG00000080875.5",175.562653114344,-0.0502636402910149,0.155740773882204,-0.322739119872566,0.999999999471331,1,"Gm7332"
"ENSMUSG00000080877.2",7.98977490235209,0.579973211006983,0.169208700480882,3.42756140410469,0.993473137263141,1,"Rpl22-ps1"
"ENSMUSG00000080888.4",13.056620571446,0.467209158122572,0.423599116557577,1.10295120990666,0.896029200139349,1,"Gm14387"
"ENSMUSG00000080893.2",227.228234646002,0.090683045779472,0.191390553732817,0.473811502244078,0.999998994503792,1,"Ndufa12-ps"
"ENSMUSG00000080896.6",8.72903400493038,0.765985567860031,0.328128119074954,2.33441001648828,0.762132865563292,1,"Gm14567"
"ENSMUSG00000080902.2",79.2829838447818,0.213596894277515,0.175878288171804,1.21445856960392,0.999996112571853,1,"Ywhaq-ps3"
"ENSMUSG00000080914.2",16.9723255445911,0.479260154532457,0.168108368793402,2.85090003533048,0.999024671318297,1,"Gm7129"
"ENSMUSG00000080921.5",20.9535058544169,0.217523316622175,0.16808617814858,1.29411780919841,0.999998381757488,1,"Rpl38-ps2"
"ENSMUSG00000080935.4",15.5402779403041,0.472452893192727,0.132580482746206,3.56351767173097,0.99996540740852,1,"Got2-ps1"
"ENSMUSG00000080950.2",21.685462001712,0.354923756525895,0.159399753546998,2.22662675837355,0.999974050759944,1,"Gm7278"
"ENSMUSG00000080962.2",15.9865563316136,0.607496175290391,0.152023694152767,3.9960624472125,0.995086521408503,1,"Gm11453"
"ENSMUSG00000080977.2",144.251169965538,0.517774755912638,0.459292296213173,1.12733168002522,0.853600662981925,1,"Gm13772"
"ENSMUSG00000080981.2",17.7353960475392,0.147547837814056,0.268489214984715,0.549548471890971,0.999260402812161,1,"Gm12161"
"ENSMUSG00000080989.2",11.9570083820568,-0.275693295938045,0.135531089639902,-2.03417014258902,0.999999954594065,1,"Gm14048"
"ENSMUSG00000081034.2",61.4061509761369,0.471121119749043,0.135149720395343,3.48592004756582,0.999954474827559,1,"Gm5944"
"ENSMUSG00000081049.2",136.930656954846,1.06122171733347,0.122639268515111,8.65319673039892,0.30881868874022,1,"Rps24-ps3"
"ENSMUSG00000081051.5",65.1484216990968,0.794325248790092,0.108190707400281,7.34189902143136,0.971351545942387,1,"Gm15427"
"ENSMUSG00000081058.6",26.3241868214771,-0.0516268028106809,0.137794526701734,-0.374665119482072,0.999999999997071,1,"H3c15"
"ENSMUSG00000081076.4",9.8149079956807,0.847757060416953,0.144955309329173,5.84840296185232,0.853204155379317,1,"Rpsa-ps4"
"ENSMUSG00000081087.2",37.3305832976351,0.646729997886055,0.135134689793863,4.78581775614084,0.995528253512572,1,"Rps15a-ps7"
"ENSMUSG00000081094.5",243.846190458358,0.406254025360089,0.0931610605309149,4.36077072378621,0.999999999907515,1,"Rpl19-ps11"
"ENSMUSG00000081099.3",9.12873036067182,0.863721247044195,0.20355927224473,4.24309459117039,0.748405162575362,1,"Gm5270"
"ENSMUSG00000081111.4",33.4462553620524,0.20136661229622,0.114263702029446,1.76229728881291,0.99999999999862,1,"Gm5913"
"ENSMUSG00000081113.2",32.2661925051431,0.869282063984382,0.106080427978238,8.19455653179222,0.891072722955764,1,"Gm7308"
"ENSMUSG00000081137.4",105.973806076995,-1.12051552337755,0.105901859446872,-10.5806973478089,0.127561803909146,1,"Gm15246"
"ENSMUSG00000081179.2",15.966341761691,0.13350423768081,0.181110790941782,0.737141265777618,0.999999142447557,1,"Gm13136"
"ENSMUSG00000081208.2",24.2359965617247,0.366353442682618,0.0899136877224913,4.07450135749439,0.999999999999088,1,"Gm11400"
"ENSMUSG00000081214.4",240.486444900397,0.849281955628687,0.611160238867584,1.3896223962513,0.598634510253059,1,"Rpl35a-ps2"
"ENSMUSG00000081228.2",23.2194527761457,0.080587165835785,0.121852974861225,0.661347545495407,0.999999999999977,1,"Gm16089"
"ENSMUSG00000081254.2",14.9222501618658,-0.472440485243862,0.286123470033442,-1.6511769733138,0.967395275843448,1,"Gm12112"
"ENSMUSG00000081272.2",751.970434249671,-0.0453395240381313,0.0615052976935306,-0.737164532786261,1,1,"Ap2m1-ps"
"ENSMUSG00000081281.2",28.6500140291664,0.62890419301077,0.10988962173152,5.72305357959369,0.999633577225385,1,"Rpl7-ps9"
"ENSMUSG00000081285.3",11.3158336807339,0.50725308713532,0.162609731599412,3.11945098332083,0.998778212559254,1,"Gm18859"
"ENSMUSG00000081302.2",8.84088484273367,-0.301815960324282,0.139237963146142,-2.16762694242735,0.999999733896598,1,"Gm12020"
"ENSMUSG00000081309.4",95.7689842067327,-0.168591857748189,0.143752408402219,-1.17279327436706,0.999999996344325,1,"Gm12397"
"ENSMUSG00000081344.6",23.0402878797108,0.280680419660252,0.144184018202509,1.94668190801862,0.999999696378915,1,"Gm14303"
"ENSMUSG00000081378.2",20.4520108162559,-0.0758948092114579,0.242008687862035,-0.313603655645306,0.999937242181765,1,"Rps13-ps4"
"ENSMUSG00000081382.2",12.5956231609988,0.985261482473562,0.185173653408435,5.32074333652846,0.531719499150043,1,"Rpl18-ps1"
"ENSMUSG00000081400.2",11.4421438904246,0.688750945054769,0.168948245534954,4.07669782467361,0.967282500590658,1,"Gm13680"
"ENSMUSG00000081406.5",567.284651514391,0.56418321757321,0.0935051035851465,6.03371576461022,0.999998425757183,1,"Rps6-ps4"
"ENSMUSG00000081434.4",8.07114413197778,0.343466719117187,0.190893274426803,1.79926045141463,0.999708356106314,1,"Gm14165"
"ENSMUSG00000081453.2",22.6555770827389,0.418787366439373,0.107512264258094,3.89525203779574,0.999999967778331,1,"Gm6767"
"ENSMUSG00000081476.2",29.402771975653,-0.728162719142874,0.146217591556056,-4.97999393502331,0.968495531543438,1,"Itpa-ps1"
"ENSMUSG00000081485.6",1721.6147257621,0.419483600840691,0.0917739669723987,4.57083435182498,0.999999999873795,1,"Gm12338"
"ENSMUSG00000081494.2",24.6195135758777,0.47351468450487,0.157334232599804,3.00961003006449,0.999590490412066,1,"Gm14130"
"ENSMUSG00000081524.4",8.87025087921591,0.696937892879664,0.196342971008638,3.5495943109112,0.938649402072741,1,"Gm11658"
"ENSMUSG00000081534.4",2200.37019346632,0.441180972820632,0.0854552359334904,5.16271434981471,0.9999999999691,1,"Slc48a1"
"ENSMUSG00000081552.2",11.839619370978,0.027111630487154,0.130385262378752,0.207934777232709,0.999999999999959,1,"Gm12328"
"ENSMUSG00000081559.4",32.7562220020944,0.620955191411166,0.170838543886718,3.63474879429385,0.986747491677107,1,"Gm12411"
"ENSMUSG00000081562.2",286.13477087219,0.277180557868689,0.0917506739562105,3.02101931154182,0.999999999999998,1,"Sec61g-ps2"
"ENSMUSG00000081564.2",10.7380077293584,0.787017018030313,0.229896866990456,3.42334816621483,0.822888299374494,1,"Gm13717"
"ENSMUSG00000081574.2",15.8553372876626,-0.469799032069712,0.136555557412262,-3.44035087968911,0.999948343378994,1,"Gm14429"
"ENSMUSG00000081600.4",31.4606343580238,0.384617001749902,0.160479187654881,2.39667839406716,0.999937130752163,1,"Gm12286"
"ENSMUSG00000081603.2",512.084108369191,0.27843170690332,0.108628373833885,2.56315819777527,0.999999999984584,1,"Gm14681"
"ENSMUSG00000081604.6",818.873125297996,0.422378821392722,0.463485713290291,0.911309257828574,0.8947388601523,1,"Gm11518"
"ENSMUSG00000081620.2",13.0761708960009,0.598594227059974,0.175640131467898,3.40807207360454,0.988854943844638,1,"Gm14633"
"ENSMUSG00000081643.2",10.9308041161367,0.547603688182038,0.154049092350065,3.55473492136941,0.998341387686394,1,"Gm11605"
"ENSMUSG00000081648.2",10.8108758487218,-0.167692803416047,0.182530308449145,-0.918712102339807,0.999997440328053,1,"Gm13423"
"ENSMUSG00000081670.2",9.49705028475963,-0.116090796775219,0.173908668884844,-0.667538872671668,0.999999813923239,1,"Gm15697"
"ENSMUSG00000081721.4",21.178539793982,0.548261361479567,0.142737873754127,3.84103634907702,0.999224085995866,1,"Gm13882"
"ENSMUSG00000081729.2",12.0146666057078,0.710563120966856,0.144654527549814,4.91213882484364,0.97729753501503,1,"Hspa9-ps1"
"ENSMUSG00000081738.2",8.40518547738021,-0.0662790890199156,0.261095162265034,-0.253850314364066,0.999847813857544,1,"Hmgb1-ps2"
"ENSMUSG00000081752.4",39.4244366993018,-0.115820206586786,0.173852319049957,-0.666198801486823,0.99999981703837,1,"Sms-ps"
"ENSMUSG00000081756.2",71.5336097647965,0.385710552835512,0.145569381655925,2.64966814070281,0.999987779916478,1,"Gm12291"
"ENSMUSG00000081761.3",8.60356683555063,0.438851884690907,0.185728258474749,2.36287083233794,0.998741704724959,1,"Gm6298"
"ENSMUSG00000081769.11",21.1321864479969,-0.460518114303903,0.178410864208046,-2.58122237313357,0.998751965013562,1,"Gm12216"
"ENSMUSG00000081788.3",141.340057446209,-0.126217882525554,0.0870127048327934,-1.4505684286921,1,1,"Gm5898"
"ENSMUSG00000081792.5",28.1175578306558,0.158052015834896,0.0978679228075541,1.61495218556633,1,1,"Anp32b-ps1"
"ENSMUSG00000081824.6",118.81213901372,-0.0938918759666187,0.140337051101228,-0.66904552454143,0.999999999946482,1,"Ndufs5-ps"
"ENSMUSG00000081855.5",14.127875315592,0.994204593963425,0.654528774527466,1.51896239348864,0.50468885385981,1,"Rpl17-ps5"
"ENSMUSG00000081865.2",8.85457404914594,0.24324506154384,0.158847267069795,1.53131411091236,0.999999051231734,1,"Gm15484"
"ENSMUSG00000081887.2",8.06287699030792,0.00268851948059912,0.14942786815027,0.0179920888511602,0.99999999999729,1,"Gm12097"
"ENSMUSG00000081892.3",10.0212536078083,0.350118718858738,0.170132168953318,2.05792191454872,0.999933236619907,1,"Gm8864"
"ENSMUSG00000081895.4",9.20661642776733,0.72931998646277,0.269276641229022,2.70844133800108,0.842602523808783,1,"Rpl17-ps10"
"ENSMUSG00000081944.2",12.6102058577432,-0.636464792882476,0.145898128742077,-4.3623917480644,0.993643434573321,1,"Gm12276"
"ENSMUSG00000081953.2",9.04235573456782,0.318130112349608,0.319334317590139,0.996229014001318,0.983649462294095,1,"Gm12435"
"ENSMUSG00000081967.2",12.3880561144649,0.346866760896194,0.240345552906901,1.44320024523422,0.996710912830213,1,"Gm14017"
"ENSMUSG00000081974.5",10.1225004027567,0.0963818628218033,0.19475673715625,0.494883331016568,0.999998264690243,1,"Gm11960"
"ENSMUSG00000081992.2",14.7242121410013,0.341030219438304,0.203327046063551,1.67724966275127,0.999404308706603,1,"Gm13408"
"ENSMUSG00000081999.4",249.323336260428,0.260953337991371,0.150777930506728,1.73071308986912,0.999999524600397,1,"Gm13461"
"ENSMUSG00000082016.4",54.4601595807879,0.483007615905566,0.139318349450343,3.46693467020814,0.999896726214226,1,"Pgam1-ps2"
"ENSMUSG00000082018.3",13.3789180319591,0.384206598707468,0.148621169751438,2.58514045711008,0.99998288849918,1,"Gm6322"
"ENSMUSG00000082029.2",1108.91981125308,-0.418173387165553,0.107176813638521,-3.90171505355572,0.99999997161083,1,"H3f3c"
"ENSMUSG00000082035.2",123.719623809676,0.704288937146432,0.129472852200127,5.43966495816287,0.98881311521059,1,"Rpl17-ps8"
"ENSMUSG00000082044.2",153.083121432561,-0.252894262641311,0.0881627778327238,-2.86849245064784,1,1,"Snrpert"
"ENSMUSG00000082064.4",8.75904219904097,0.852398823190851,0.221623344193707,3.84615991736784,0.747294492449204,1,"Rpl5-ps2"
"ENSMUSG00000082095.2",30.0156409063647,0.0807101511760679,0.118829280252339,0.679210973967668,0.999999999999995,1,"Gm11991"
"ENSMUSG00000082107.2",12.9651782110917,0.11290614667238,0.137145038014177,0.82326089450432,0.999999999950441,1,"Gm16216"
"ENSMUSG00000082109.2",13.0472165011271,0.599319862443727,0.21341154396773,2.80828230423351,0.969775189703138,1,"Rpl19-ps12"
"ENSMUSG00000082120.2",40.0476377917578,0.884766890253957,0.096248573386173,9.19251952653942,0.88439443525141,1,"Gm15720"
"ENSMUSG00000082127.3",11.9690223709386,-0.208855814672697,0.182414831432074,-1.14494974467287,0.999992779977295,1,"Gm13577"
"ENSMUSG00000082154.2",14.775738078541,0.292034762506463,0.332978637014835,0.877037533472312,0.983307130799147,1,"Gm16464"
"ENSMUSG00000082163.3",113.270636235674,-0.638738547329919,0.0856395844854906,-7.45844986483017,0.999987697534144,1,"Gm14276"
"ENSMUSG00000082186.3",11.6555096228724,0.368838923270327,0.140705906672978,2.6213464096256,0.999996365840126,1,"Gm12403"
"ENSMUSG00000082195.4",8.99944167962054,-0.124144867757667,0.284825355217808,-0.435863119218203,0.998987303447629,1,"Gm13034"
"ENSMUSG00000082226.5",165.459020031144,-0.348927824419108,0.112991833744712,-3.08808002184882,0.999999995846733,1,"Gm715"
"ENSMUSG00000082229.2",656.606156166915,-0.653426973064241,0.16394205531451,-3.98571905061633,0.982742241826384,1,"Nap1l2"
"ENSMUSG00000082253.4",15.2850328240052,-0.51541445950884,0.13905348567832,-3.70659143849998,0.99975382658876,1,"Gm14639"
"ENSMUSG00000082262.2",7.74899684392234,0.147597557544684,0.213212045599758,0.692257124260952,0.999968084545304,1,"Gm14730"
"ENSMUSG00000082274.2",9.1383698652805,0.27348094368652,0.159786945794861,1.71153495879208,0.999997276595897,1,"Gm14026"
"ENSMUSG00000082286.14",14.27989630841,-0.0839714035184378,0.265771959474316,-0.315952832964505,0.999738886823211,1,"Pisd-ps1"
"ENSMUSG00000082289.2",21.0561191003615,0.697388865853121,0.138068280403933,5.05104332300537,0.985801213297798,1,"Gm15596"
"ENSMUSG00000082304.2",8.19134536649326,0.558120830229034,0.192766123521023,2.89532631582004,0.989056038211239,1,"Gm11198"
"ENSMUSG00000082319.4",34.0005563441533,-0.46466549559485,0.0901550084745376,-5.15407300667146,0.99999999855682,1,"Actr3-ps"
"ENSMUSG00000082361.7",15.7563391946537,-0.0131696077269195,0.225468344934464,-0.058410007536745,0.999997479433737,1,"Btc"
"ENSMUSG00000082362.2",14.136830629098,0.527635340133267,0.145902664321178,3.61635164503764,0.999397159583528,1,"Gm5187"
"ENSMUSG00000082423.2",22.4683030978197,0.934070852112198,0.398546905576883,2.34369114159891,0.565695401847159,1,"Gm15148"
"ENSMUSG00000082424.5",16.0870345536052,0.412843036334692,0.14493946773859,2.84838245079862,0.999974505794818,1,"Gm13292"
"ENSMUSG00000082431.4",16.2540360954545,0.112499845464235,0.131609446465253,0.854800688595987,0.999999999992266,1,"Prdx2-ps1"
"ENSMUSG00000082454.4",92.2873939257084,-0.208525435795301,0.0757663393707668,-2.75221737683366,1,1,"Gm12183"
"ENSMUSG00000082474.4",9.58675840037425,0.599114727314067,0.395839219964747,1.51353048686642,0.844436411527942,1,"Gm8213"
"ENSMUSG00000082491.2",9.91773785592487,-0.0683234569483581,0.144037829858861,-0.47434383741623,0.999999999950496,1,"Gm5909"
"ENSMUSG00000082536.2",269.301929751722,0.525915521676458,0.0809822412885807,6.49420803015756,0.999999997603129,1,"Gm13456"
"ENSMUSG00000082575.2",54.0202963819645,0.661793008188808,0.0921479762999952,7.18185070103208,0.999878847855539,1,"Eef2-ps2"
"ENSMUSG00000082578.2",12.8904168805596,0.37725845599082,0.165211181677885,2.2834922682556,0.999918168890615,1,"Gm13527"
"ENSMUSG00000082674.2",33.2330161945429,-0.69276211735617,0.145994819579196,-4.74511437702334,0.982330120884854,1,"Gm11914"
"ENSMUSG00000082691.7",15.282285003174,0.0890038229446719,0.117923369698059,0.754759834056344,0.999999999999994,1,"Dynlt1-ps1"
"ENSMUSG00000082743.2",8.68332732187408,-0.0281387560057523,0.145905639081936,-0.192855849731417,0.999999999987308,1,"Gm12988"
"ENSMUSG00000082755.2",14.8376847160298,0.855454962283747,0.193909677363067,4.41161562391769,0.771992452192658,1,"Gm8692"
"ENSMUSG00000082765.4",10.4369067084444,-0.984709654044245,0.182143343089047,-5.40623465751826,0.533450624524958,1,"Gm14411"
"ENSMUSG00000082769.4",13.4097682069495,0.326369224283022,0.377763687761788,0.863950757725622,0.962946798054311,1,"Gm15793"
"ENSMUSG00000082778.2",14.2285997419194,0.45695029108364,0.127367731221916,3.58764568309288,0.999989943673424,1,"Gm15191"
"ENSMUSG00000082806.2",27.0293234768279,0.519251364888427,0.164130810688331,3.16364345433252,0.998300044161261,1,"Rpl13-ps1"
"ENSMUSG00000082809.4",79.7939026613052,-0.448192387527417,0.137439910518864,-3.26100610685353,0.999970264603992,1,"Gm14150"
"ENSMUSG00000082816.2",17.7345225807896,0.302786926927005,0.176104385094198,1.71936051884821,0.999962382025452,1,"Gm11953"
"ENSMUSG00000082820.4",24.5451667874331,0.25094415122817,0.148879698003661,1.68554984052963,0.999999756395443,1,"Gm13803"
"ENSMUSG00000082878.2",8.93806303719295,0.352938318717015,0.150661652418638,2.3425889272495,0.99999125745966,1,"Gm12583"
"ENSMUSG00000082895.2",22.5173972666086,0.657508780933422,0.177145846294263,3.7116804863785,0.973405639863878,1,"Rpsa-ps9"
"ENSMUSG00000082896.2",18.2468462204416,-0.0556913052241016,0.154440068278585,-0.360601402504195,0.999999999519485,1,"Gm5844"
"ENSMUSG00000082900.2",18.5223239842744,0.460056008768853,0.155489515922428,2.95875902654665,0.99974222355189,1,"Gm11557"
"ENSMUSG00000082908.5",71.9031771902986,0.117318880461939,0.146256691045382,0.802143680561841,0.999999999205937,1,"Gm13736"
"ENSMUSG00000082920.2",14.2338842289361,0.310155476433802,0.14412080341432,2.15205209162041,0.999999151727224,1,"Gm13864"
"ENSMUSG00000082925.2",13.1099174560204,0.0524674308968381,0.268720186721604,0.195249309465518,0.999834035878876,1,"Gm13135"
"ENSMUSG00000082927.4",11.6630908908864,0.33391333863396,0.159951164861801,2.0875955415671,0.999984385404072,1,"Gm5863"
"ENSMUSG00000082935.4",20.9242389698428,0.151061700748101,0.111303650087279,1.35720347562408,0.999999999999988,1,"Gm7658"
"ENSMUSG00000082938.2",97.3162721936406,0.651579117527503,0.319461541841166,2.03961676817882,0.862286761999472,1,"Gm2810"
"ENSMUSG00000083012.10",515.067045385262,-0.434814349848359,0.0566953671702042,-7.6693100609616,1,1,"Fam220a"
"ENSMUSG00000083022.2",17.0148280631335,0.901838373412299,0.206406103997923,4.36924274982378,0.682811480627824,1,"Rps15a-ps6"
"ENSMUSG00000083044.2",25.8561061167985,0.452059059078854,0.178931282810812,2.52643949105772,0.99890177731157,1,"Gm12416"
"ENSMUSG00000083061.2",87.1233195141692,0.536576865208031,0.131241611403806,4.08846599389185,0.999793057814706,1,"Gm12191"
"ENSMUSG00000083064.2",49.3449081191766,0.208266138804792,0.074792300021041,2.78459331704201,1,1,"Gm7785"
"ENSMUSG00000083072.3",9.39766015320362,0.398581547860464,0.184860046261663,2.15612597703393,0.99942977903842,1,"Gm13668"
"ENSMUSG00000083111.2",82.4359556154416,-0.36964244341745,0.106959454575683,-3.45591182082831,0.999999998108644,1,"Gm14421"
"ENSMUSG00000083121.4",10.6235070922886,0.531751410049677,0.181565214802004,2.92870752048816,0.995045020877615,1,"Gm6341"
"ENSMUSG00000083179.4",38.3080552104331,-0.0319077724187639,0.150077906310562,-0.212608059395072,0.999999999947377,1,"Gm12693"
"ENSMUSG00000083240.4",135.820676878272,0.768696950276132,0.16397186662129,4.68798072569067,0.920822603698096,1,"Gm13453"
"ENSMUSG00000083245.2",15.7539036034654,0.564575447845665,0.15373592256995,3.67237167740533,0.997689196672969,1,"Gm11185"
"ENSMUSG00000083246.2",19.7975808155845,-0.487879934847796,0.169131856505251,-2.88461289865075,0.998768839896062,1,"Gm11839"
"ENSMUSG00000083270.2",11.5377763760437,0.282119457301253,0.121163915632345,2.32841152276149,0.999999998437285,1,"Gm13498"
"ENSMUSG00000083287.5",173.563968143571,-0.156858600478078,0.434656381356312,-0.360879552690824,0.97768641192213,1,"Idi1-ps1"
"ENSMUSG00000083299.2",10.9450600724882,0.47288820792484,0.16763565697881,2.8209285330305,0.999167831103747,1,"Gm12332"
"ENSMUSG00000083325.4",11.6946675962201,0.830599732880724,0.183652980776917,4.52265859975153,0.821838251498522,1,"Gm14121"
"ENSMUSG00000083327.2",175.76840750382,0.0706141772932575,0.0885727454710445,0.797244986792717,1,1,"Vcp-rs"
"ENSMUSG00000083364.5",345.350622223328,0.229432278750795,0.0761363898728766,3.01343784665747,1,1,"Llph-ps2"
"ENSMUSG00000083365.2",38.2076922617608,0.462481628094627,0.202638360021108,2.28230048864614,0.996006268519217,1,"Gm12895"
"ENSMUSG00000083367.2",24.5525722471522,0.0544644048359093,0.0955465245699164,0.570030203412106,1,1,"Gm8806"
"ENSMUSG00000083380.2",1137.44096899229,0.240170435844473,0.0919147118870151,2.6129705562228,1,1,"Ndufb4c"
"ENSMUSG00000083391.3",21.5884683953099,0.403558715489865,0.128003206133911,3.15272349559494,0.99999841573016,1,"Gm14148"
"ENSMUSG00000083396.2",1092.3365369522,-0.181720818911164,0.0736043845788318,-2.46888578650552,1,1,"Gm15542"
"ENSMUSG00000083424.4",206.645142448346,1.2989989060065,0.658188537335461,1.97359697460734,0.325054171424222,1,"Rpl35a-ps4"
"ENSMUSG00000083460.2",48.6977132856493,0.519149088526438,0.139270636035106,3.72762775633174,0.999722431959127,1,"Gm12182"
"ENSMUSG00000083465.2",12.6078683944227,0.228205937599359,0.134353062994475,1.69855403749704,0.999999995390937,1,"Gm11652"
"ENSMUSG00000083477.3",9.51653219068194,-0.370562841230821,0.146090675797864,-2.53652629921122,0.999991783120152,1,"Gm5555"
"ENSMUSG00000083553.2",8.24260966384225,0.658662613820978,0.223531802322454,2.94661702262317,0.936621899368031,1,"Gm11989"
"ENSMUSG00000083563.2",41.6935864703765,0.627761824644092,0.152411867483036,4.11885134019478,0.992703347574895,1,"Gm13340"
"ENSMUSG00000083567.4",86.2197708980988,0.415302037027347,0.0812787523868812,5.10960152353887,0.999999999999685,1,"Gm11451"
"ENSMUSG00000083619.4",9.28677938787454,0.00391417118872962,0.506150256174371,0.00773321981167025,0.999123596087977,1,"Gm14414"
"ENSMUSG00000083621.2",45.8285447315377,0.626881303512709,0.121610357116901,5.15483482142975,0.998923054057347,1,"Gm14586"
"ENSMUSG00000083626.2",1357.5133517096,0.336988345677983,0.0566251506563979,5.95121322895602,1,1,"Gm4459"
"ENSMUSG00000083669.6",12.5346204693971,0.477621482760523,0.180047534803055,2.65275213727847,0.998142127939009,1,"Mif-ps4"
"ENSMUSG00000083672.2",7.91569461720905,-0.242587280916395,0.15779034255734,-1.53740258741273,0.999999207150581,1,"Kpna2-ps"
"ENSMUSG00000083679.2",67.0439794944687,-0.0382150290622255,0.0922557492736243,-0.414229241679912,1,1,"Gm12892"
"ENSMUSG00000083692.2",14.0719290455465,0.0425420858977966,0.128589578891,0.330836186452231,0.999999999999952,1,"Gm9575"
"ENSMUSG00000083708.2",33.1219240037056,-0.17650967166264,0.446647554752608,-0.395187815951229,0.97160574199146,1,"Gm13123"
"ENSMUSG00000083716.5",29.0349392018174,0.678645991272704,0.125988048955005,5.38659021154519,0.994624205071999,1,"Gm13436"
"ENSMUSG00000083754.4",9.06190322819642,0.387708635099949,0.239699839714044,1.61747557095772,0.994681588036211,1,"Gm7803"
"ENSMUSG00000083798.2",63.4873754527358,0.274614881473319,0.118925336381913,2.30913689065742,0.999999999467997,1,"Gm14584"
"ENSMUSG00000083807.2",10.7478087680065,0.401509235510229,0.183834432598622,2.18408069606237,0.999434228134654,1,"Gm13466"
"ENSMUSG00000083811.2",21.9684540376095,0.134145940748891,0.121359244217229,1.10536236126169,0.999999999999515,1,"Gm13071"
"ENSMUSG00000083836.2",10.3015712160814,0.698540010595179,0.17354315016533,4.02516613262867,0.958814315562607,1,"Ldha-ps2"
"ENSMUSG00000083863.2",64.702081046669,0.441271297449551,0.141698336406841,3.11416004336553,0.99995978007481,1,"Gm13341"
"ENSMUSG00000083899.3",104.941907054469,-0.0292972300097134,0.0743033601038249,-0.394292128495617,1,1,"Gm12346"
"ENSMUSG00000083902.3",9.89401841379811,0.777939293295512,0.202677567734097,3.83830979418567,0.863380806105526,1,"Tent2-ps1"
"ENSMUSG00000083943.2",13.5353092156278,0.77569986632427,0.176599484675172,4.39242429133388,0.89797663182926,1,"Gm11483"
"ENSMUSG00000083964.2",16.0021352050643,-0.890477423584682,0.132310025195229,-6.73023395068323,0.796100273078686,1,"Gm14122"
"ENSMUSG00000083985.4",8.40249901053158,0.693260365324181,0.178388543645389,3.88623815833312,0.95723858841273,1,"Gm12468"
"ENSMUSG00000083992.2",54.4049318706232,0.574992494080393,0.116904342708479,4.91848703614234,0.999861287141597,1,"Gm11478"
"ENSMUSG00000083993.2",16.6527993563336,0.150312381917388,0.111731231197108,1.34530319147936,0.999999999999986,1,"Gm14398"
"ENSMUSG00000084011.2",11.2838149181873,0.489498150276201,0.16605969014103,2.94772409764515,0.998944685090655,1,"Gm12969"
"ENSMUSG00000084013.2",26.4200272576487,0.179729724861185,0.112507001202951,1.59749813735566,0.999999999999846,1,"Gm14270"
"ENSMUSG00000084067.4",20.8502985306936,-0.0213648125291007,0.105597128747644,-0.202323801626826,1,1,"Gm14269"
"ENSMUSG00000084071.2",30.1030474833456,-0.24846007111413,0.497180194764835,-0.499738472550483,0.940700867293671,1,"Gm13378"
"ENSMUSG00000084106.5",234.378273238831,0.429170364708456,0.0867251450997468,4.948626655105,0.9999999999768,1,"Gm6136"
"ENSMUSG00000084113.2",11.7839368149313,-0.0313308749048099,0.150340713712731,-0.208399136408761,0.999999999944938,1,"Gm14277"
"ENSMUSG00000084145.4",14.0668433166511,0.20222883020434,0.1369260506153,1.47692005499021,0.999999997166381,1,"Gm12263"
"ENSMUSG00000084159.2",19.6473643030543,0.324474444661851,0.112740713200545,2.87805918066769,0.99999999896267,1,"Gm12696"
"ENSMUSG00000084166.2",67.1215343321278,0.594608715912423,0.112219477084514,5.29862312105244,0.999848362227137,1,"Gm6451"
"ENSMUSG00000084215.4",18.3045651910501,0.539686497766006,0.16021495072674,3.36851520609013,0.997967669906919,1,"Gm11814"
"ENSMUSG00000084260.2",31.6855956680141,0.181774271048655,0.154014179798866,1.18024373655752,0.999999945983217,1,"Gm12844"
"ENSMUSG00000084319.4",127.46343545403,1.32034754742812,0.263927142191538,5.00269709460163,0.112417276053947,1,"Tpt1-ps3"
"ENSMUSG00000084329.2",8.26116100141188,0.577524399176089,0.161308406344254,3.5802498596606,0.995591314513249,1,"Gm6733"
"ENSMUSG00000084342.2",9.24792119141734,0.496021679144514,0.163307965241389,3.03733916720678,0.998985863511596,1,"Gm11224"
"ENSMUSG00000084347.4",16.0035807125169,0.512661393928965,0.150955749733583,3.39610379090393,0.999377476132441,1,"Akt2-ps"
"ENSMUSG00000084349.4",313.607141963594,0.671338378211051,0.0771342530810677,8.70350527029123,0.999989819900774,1,"Rpl3-ps1"
"ENSMUSG00000084371.2",48.1827258758575,0.317077621010149,0.139156688687248,2.27856543585033,0.999999538961324,1,"Gm14113"
"ENSMUSG00000084384.4",12.1846822045515,0.395246695419657,0.137916741675729,2.86583550783824,0.999994198468424,1,"Gm12251"
"ENSMUSG00000084408.2",11.7429095626108,0.0630521283905956,0.161072582030639,0.391451652389865,0.999999997023663,1,"Gm11870"
"ENSMUSG00000084413.2",20.3576924548016,0.364951188730715,0.138059207557784,2.64343968929393,0.99999788581528,1,"Gm12017"
"ENSMUSG00000084416.4",202.402276751254,0.777066800394325,0.0965229895416728,8.05058778311912,0.989545908090837,1,"Rpl10a-ps1"
"ENSMUSG00000084786.10",1804.69088474141,-0.0612326170070797,0.0721411641315385,-0.848788867551836,1,1,"Ubl5"
"ENSMUSG00000084790.3",35.9387582839747,-0.33813351036077,0.128379846330873,-2.63385196372101,0.999999873544518,1,"Gm15879"
"ENSMUSG00000084792.3",14.8736865301884,0.329356306270384,0.139881819189426,2.3545326203141,0.999999184022024,1,"1700056N10Rik"
"ENSMUSG00000084799.10",280.788577420767,-0.379285629979688,0.076423446627705,-4.96294850227534,1,1,"Ino80dos"
"ENSMUSG00000084802.3",11.3795141452124,0.333617299810881,0.167255270645984,1.99465941206135,0.999966149706559,1,"Gm14089"
"ENSMUSG00000084808.9",18.9491079442925,0.0653010159492281,0.103691414237261,0.629762998504483,1,1,"9430091E24Rik"
"ENSMUSG00000084830.3",54.4339750898286,0.589448937278496,0.1634669495357,3.60592119050809,0.993989433562891,1,"Gm14539"
"ENSMUSG00000084838.4",37.6479695973862,-0.728032050253562,0.462202691695229,-1.57513589456467,0.721966297041645,1,"Gm10241"
"ENSMUSG00000084845.11",58.9854615080139,0.0125372745214641,0.186432266703013,0.0672484154335578,0.999999969019963,1,"Tmem240"
"ENSMUSG00000084846.2",62.8589068421032,-0.4728414669234,0.102319061392117,-4.62124515696378,0.99999987121053,1,"A730011C13Rik"
"ENSMUSG00000084876.9",15.7822133617582,0.712350859834855,0.16779801953032,4.24528764897692,0.956759346900365,1,"Gm14965"
"ENSMUSG00000084880.2",23.9243590786155,-0.319405463304762,0.117476354381285,-2.71889151639902,0.99999999655245,1,"Tomm6os"
"ENSMUSG00000084883.3",1539.47313658402,-0.0273430345362804,0.0749123316311133,-0.365000447068237,1,1,"Ccdc85c"
"ENSMUSG00000084885.9",56.9681602511607,-0.68941425584073,0.145476888711344,-4.73899505239399,0.983617413605429,1,"3010001F23Rik"
"ENSMUSG00000084899.2",28.3714048915792,0.871241561466504,0.169309046864218,5.1458653722457,0.776520189141112,1,"Gm15344"
"ENSMUSG00000084904.2",25.7503073083382,-0.585576491982957,0.156128582938479,-3.75060402753861,0.996027203838012,1,"Gm14827"
"ENSMUSG00000084910.4",163.078236863444,-0.95612229381565,0.135801500194099,-7.04058712495134,0.626690918160026,1,"C630043F03Rik"
"ENSMUSG00000084915.4",57.0112181316192,0.259164171791985,0.126083786400884,2.05549166304358,0.999999997895235,1,"C230037L18Rik"
"ENSMUSG00000084925.10",17.6005804647948,1.06057236308075,0.142166260901411,7.46008480743708,0.335029485116866,1,"1810062O18Rik"
"ENSMUSG00000084938.4",15.180979334372,-0.86266265084201,0.205877912481529,-4.1901661059411,0.747639965659236,1,"BB557941"
"ENSMUSG00000084939.5",256.429590172547,1.08998034468514,0.3737060227415,2.91667856110284,0.404863440228664,1,"Gm830"
"ENSMUSG00000084941.2",31.0021013715666,-0.168326813930813,0.0867193945276168,-1.94105153579235,1,1,"Gm11944"
"ENSMUSG00000084946.5",16.7113819179925,0.967071622951866,0.233641352637538,4.13912867749975,0.55603957883237,1,"Dlx1as"
"ENSMUSG00000084950.9",72.6454684550555,-0.0953510344736751,0.106879057768772,-0.892139549732581,1,1,"Gm5577"
"ENSMUSG00000084957.4",1303.89292638027,-0.0459709479225738,0.0641843688827831,-0.716232763876332,1,1,"Bbip1"
"ENSMUSG00000084968.3",33.9094074906327,-0.676551297969462,0.108710769040757,-6.22340641998234,0.998536557346595,1,"Gm12743"
"ENSMUSG00000084989.4",16.8488587938816,-0.02114685711181,0.217004940407344,-0.0974487358311512,0.999998035287861,1,"Crocc2"
"ENSMUSG00000085024.4",124.749849012181,-0.157648310733062,0.151162954064828,-1.04290308236139,0.999999987442688,1,"C230035I16Rik"
"ENSMUSG00000085030.2",37.6312451607807,-0.33102704801469,0.140380197731333,-2.3580750943821,0.999999057774926,1,"2810455O05Rik"
"ENSMUSG00000085039.4",16.6657489738959,-0.538720964289018,0.203934724988941,-2.64163429900539,0.988148069607096,1,"Gm15927"
"ENSMUSG00000085054.4",107.696634335288,-0.0343633777905775,0.0923367857396661,-0.372152631427538,1,1,"Gm15834"
"ENSMUSG00000085055.4",9.45454589611621,1.0178925436864,0.355216654622213,2.86555410744739,0.47991346302852,1,"Gm15958"
"ENSMUSG00000085058.4",29.7543281380646,0.0141637379044551,0.218151881955221,0.0649260404151012,0.999998562556143,1,"8030453O22Rik"
"ENSMUSG00000085084.10",67.8022842117217,-0.683446953526348,0.131279691504308,-5.20603716915286,0.992051838483092,1,"4930570G19Rik"
"ENSMUSG00000085085.5",24.2431366254603,-0.592894098619332,0.13083645750969,-4.53156642960485,0.999069501708382,1,"1700086P04Rik"
"ENSMUSG00000085101.10",74.2286915502468,-0.726147633669001,0.343880755109936,-2.11162626253062,0.787088416157375,1,"Platr16"
"ENSMUSG00000085105.4",125.642651050925,0.180878247892685,0.251534294233042,0.719099749178159,0.999437362884307,1,"Gm12758"
"ENSMUSG00000085112.4",59.6539691516985,-0.24582409041251,0.126653841568081,-1.94091302221079,0.999999998696642,1,"A530072M11Rik"
"ENSMUSG00000085133.3",1306.47138919508,0.0762100171908649,0.105055492694125,0.725426298392169,1,1,"B930095G15Rik"
"ENSMUSG00000085143.4",16.509730442688,-0.192996909603212,0.182572556501238,-1.05709704296058,0.999995069036818,1,"Gm11520"
"ENSMUSG00000085148.2",267.529104393672,0.38223615974016,0.158110398450661,2.41752701584291,0.999953307827156,1,"Mir22hg"
"ENSMUSG00000085151.9",89.6010923588596,-0.881993910228534,0.113671238706842,-7.75916511742425,0.850396392260543,1,"1110018N20Rik"
"ENSMUSG00000085154.10",114.743910218735,-0.105810470354087,0.0835616023940627,-1.26625707648715,1,1,"C130046K22Rik"
"ENSMUSG00000085156.11",520.136158635463,0.37339234835842,0.127365316961133,2.93166426518113,0.999999566762967,1,"Snhg15"
"ENSMUSG00000085169.3",15.4396479103018,0.223592162052797,0.123784971278016,1.80629489787268,0.999999999822044,1,"Gm10785"
"ENSMUSG00000085172.2",12.6271835048028,0.0511927987023436,0.117288087444047,0.436470572740523,1,1,"Gm6542"
"ENSMUSG00000085175.10",38.1848461560034,0.087834796897939,0.134828267152685,0.651456840266823,0.999999999993353,1,"Gm11423"
"ENSMUSG00000085201.3",8.61454204998504,0.453768706098735,0.252504006528524,1.79707527154614,0.984739330737867,1,"Nr6a1os"
"ENSMUSG00000085204.3",11.4230492582964,-0.122696122817705,0.206318108006397,-0.594693912246913,0.999989441917099,1,"Gm15327"
"ENSMUSG00000085207.4",75.0887239174157,-0.800585807623624,0.131860149624637,-6.0714765598449,0.934773232801379,1,"Gm11767"
"ENSMUSG00000085208.6",4358.63796848516,-0.382877191606251,0.069123419772849,-5.53903717241492,1,1,"Brip1os"
"ENSMUSG00000085213.4",12.679494944426,-0.22686550054053,0.17151095322272,-1.32274642684732,0.99999672460487,1,"Gm13091"
"ENSMUSG00000085227.4",109.590463476238,-0.670763547174368,0.0847806009922082,-7.91175739879473,0.999948495714432,1,"6330418K02Rik"
"ENSMUSG00000085238.3",9.86210874457491,0.0235608574495011,0.167437480283807,0.140714357439956,0.999999997744727,1,"4930479D17Rik"
"ENSMUSG00000085241.8",265.642389247568,0.105564659785423,0.10600145591727,0.9958793383726,1,1,"Snhg3"
"ENSMUSG00000085255.3",26.5461076127195,-0.412074681805611,0.210026017092176,-1.96201731343008,0.997439304115799,1,"Taco1os"
"ENSMUSG00000085260.10",37.7266575120127,-0.176763590096853,0.126048137652896,-1.40234987512164,0.999999999967362,1,"Med9os"
"ENSMUSG00000085272.8",23.8823549479115,0.874330774837119,0.20937357377318,4.17593662409519,0.725818625278326,1,"Sbk3"
"ENSMUSG00000085275.3",11.352177919658,0.138257760788121,0.184403527214438,0.749756595639,0.999998517139322,1,"Gm14487"
"ENSMUSG00000085278.3",14.3419613516608,-0.420846712921948,0.154695155019327,-2.72049058594867,0.999909384007565,1,"Gm12841"
"ENSMUSG00000085282.11",499.481918377342,0.520913920503121,0.110780777103136,4.70220496845002,0.999992360660719,1,"Gm15663"
"ENSMUSG00000085287.11",74.2054439649865,0.157343216705532,0.0988240270885286,1.59215548425871,1,1,"4833418N02Rik"
"ENSMUSG00000085295.9",22.2426279474133,0.0559528130917279,0.324114813584103,0.172632692942956,0.998769453606609,1,"4930430E12Rik"
"ENSMUSG00000085311.2",11.1805143223952,-0.407369157612151,0.176126881940794,-2.31293004862875,0.999616997180756,1,"Gm15445"
"ENSMUSG00000085315.10",35.8336924321544,0.594786543769698,0.124884777278213,4.76268250408659,0.999412124916099,1,"A430018G15Rik"
"ENSMUSG00000085316.4",96.6178595945839,-0.311008662215676,0.11246536468175,-2.76537281585095,0.999999999550138,1,"D330050G23Rik"
"ENSMUSG00000085319.3",26.2471838289622,0.375604049370062,0.142064006562438,2.64390719689426,0.999994465783217,1,"Gm13330"
"ENSMUSG00000085331.3",37.0970355079506,-0.520674366083357,0.16197053100808,-3.21462406057917,0.99845849892422,1,"Gm11274"
"ENSMUSG00000085334.8",413.719588004392,0.155628317414694,0.134700299737689,1.15536726880163,0.999999999817753,1,"Gm12940"
"ENSMUSG00000085342.2",42.813374573795,0.7942335989303,0.161839315042293,4.9075442436391,0.898211088453311,1,"Gm12254"
"ENSMUSG00000085347.4",56.0524648498218,0.593995524975741,0.120334110040162,4.93621903862084,0.999629546711777,1,"Hk1os"
"ENSMUSG00000085355.5",29.3588718064051,-0.0626656988195308,0.276774870823435,-0.226413975492405,0.999707870227047,1,"3010003L21Rik"
"ENSMUSG00000085360.3",13.2536633196635,0.407749236898068,0.17443967614625,2.33747990082378,0.999657058568746,1,"Arhgap27os2"
"ENSMUSG00000085379.4",81.3320006393386,-0.00988034142111865,0.104513758316261,-0.0945362752262767,1,1,"2310058D17Rik"
"ENSMUSG00000085385.10",906.574199859488,0.0110505301119096,0.123802912490836,0.0892590480270613,0.999999999999999,1,"Snhg17"
"ENSMUSG00000085389.10",182.796899846781,-0.0257002960576881,0.1282076358952,-0.200458388287388,0.999999999999986,1,"1700003M07Rik"
"ENSMUSG00000085396.10",1767.86810524338,0.051823628078162,0.0825009813023286,0.628157717157956,1,1,"Firre"
"ENSMUSG00000085399.10",454.352433579407,0.147317748318109,0.0796073011808859,1.8505557421595,1,1,"Foxd2os"
"ENSMUSG00000085407.4",27.4880547232764,-0.880282259962603,0.169727617246103,-5.18644092367245,0.759704443527428,1,"1700095J03Rik"
"ENSMUSG00000085419.4",92.3240171041481,0.0556117346804765,0.142499302605466,0.390259697161095,0.999999999982972,1,"Gm11734"
"ENSMUSG00000085436.4",44.1786829036913,-0.976345799886243,0.152228754515396,-6.41367528095683,0.561741445385362,1,"Zfp335os"
"ENSMUSG00000085438.4",8739.19848559305,-0.496808361230325,0.0749241238142401,-6.63081976723633,0.999999999990662,1,"Oip5os1"
"ENSMUSG00000085440.2",9.61863962705299,0.172952382534419,0.278650512087636,0.620678502395951,0.998514306317269,1,"Sorbs2os"
"ENSMUSG00000085442.2",32.70321551224,0.122845824971627,0.184904995208042,0.664372667884983,0.999998951951828,1,"Gm3362"
"ENSMUSG00000085454.3",15.2164758631195,0.324122187614803,0.213121471388822,1.52083309815119,0.999241278362233,1,"Grip1os3"
"ENSMUSG00000085482.3",8.90103902203896,-0.780391018579137,0.154170092412776,-5.06188331579715,0.92284318263031,1,"A230083N12Rik"
"ENSMUSG00000085498.4",54.0521365536518,-0.748540955127954,0.114122477834512,-6.55910184681941,0.986217202505983,1,"Gm14023"
"ENSMUSG00000085501.3",76.104950700735,0.0586892862662861,0.130479656977579,0.449796448164875,0.999999999999729,1,"Gm11772"
"ENSMUSG00000085517.9",14.920591367254,0.423661161141374,0.171314636418136,2.47300038104931,0.999616187907478,1,"Gm12963"
"ENSMUSG00000085519.3",8.55280181434491,-0.325234339961862,0.236162244104387,-1.37716484358145,0.997863110389681,1,"Gm13703"
"ENSMUSG00000085555.12",43.6676929568576,1.12755352415508,0.136669204765817,8.25023842120944,0.175332254223157,1,"2610035F20Rik"
"ENSMUSG00000085566.2",325.80145467231,-0.564194237980682,0.0961209412604068,-5.86962872587972,0.99999710520921,1,"A730017L22Rik"
"ENSMUSG00000085584.5",30.7469419148423,-0.89686380949015,0.15784132169821,-5.68205967766121,0.743256233642113,1,"Rtl9"
"ENSMUSG00000085586.4",57.7083413717513,0.209701738159417,0.133097383408818,1.57555117004294,0.999999998555151,1,"Gm11613"
"ENSMUSG00000085589.8",8.50072734954975,0.380122079790931,0.170224873901134,2.23305837201973,0.999864485438933,1,"A430078I02Rik"
"ENSMUSG00000085611.4",15.7320248853349,-0.1848008918068,0.376999841597918,-0.490188247887638,0.985540691941856,1,"Ap3s1-ps1"
"ENSMUSG00000085614.4",56.527014693196,-0.131043676385526,0.113404029605625,-1.15554691346723,0.999999999999991,1,"1700123M08Rik"
"ENSMUSG00000085615.5",186.371639556118,0.377864368886633,0.0857776635668122,4.40516042492011,0.999999999999796,1,"A330035P11Rik"
"ENSMUSG00000085622.11",159.798924533925,-0.0962728526928671,0.072142808208043,-1.33447609102267,1,1,"3110056K07Rik"
"ENSMUSG00000085628.7",42.6144888317422,-0.379725575021755,0.126177818253028,-3.00944793846635,0.999999558066846,1,"Appbp2os"
"ENSMUSG00000085633.4",11.7060835387037,0.474037891048918,0.181448208684973,2.61252450208497,0.998126374083885,1,"Bloc1s6os"
"ENSMUSG00000085639.3",8.35454430157502,0.898138735293675,0.23455527337292,3.82911337860105,0.667955271279211,1,"Gm15410"
"ENSMUSG00000085655.7",15.7314543047456,0.0573326004631395,0.123291899827577,0.465015143276392,0.99999999999999,1,"Gm15952"
"ENSMUSG00000085665.3",9.4713411848127,-1.04198099752494,0.173853538856843,-5.99344140117242,0.404594132103192,1,"Gm12059"
"ENSMUSG00000085666.4",8.90220145576761,0.088824730786721,0.342862108439923,0.259068379386942,0.996811920663112,1,"Tdg-ps2"
"ENSMUSG00000085667.3",110.551921112324,-0.0376155682811029,0.0826784385182782,-0.45496224838338,1,1,"Gm12992"
"ENSMUSG00000085696.9",55.0789932183294,0.412256941457339,0.120562557583363,3.41944422647374,0.999999455971219,1,"Hoxaas3"
"ENSMUSG00000085704.4",86.6941140481496,-0.891306877061709,0.109589130498723,-8.13316861814227,0.839358290806883,1,"4921531C22Rik"
"ENSMUSG00000085710.3",7.8254147165323,-0.37499874702272,0.178853445862317,-2.09668170056616,0.99976251418182,1,"Gm12676"
"ENSMUSG00000085711.5",12.7568611277472,0.493639679608138,0.153758774716786,3.21048135638042,0.999504752104005,1,"Gm15163"
"ENSMUSG00000085735.3",34.6530072371446,-1.00339465631241,0.0997943670169925,-10.0546221826484,0.486431991707618,1,"Mettl5os"
"ENSMUSG00000085741.11",185.60699777656,-0.422270113967252,0.0787553117603903,-5.36179851908899,0.99999999999989,1,"5430405H02Rik"
"ENSMUSG00000085763.3",11.5068802717101,-0.532503560925929,0.135809658284572,-3.92095501639608,0.999711595890822,1,"Smc2os"
"ENSMUSG00000085767.3",70.3567428242587,-0.255409786226665,0.11041232481713,-2.31323619577513,0.999999999992281,1,"Gm13563"
"ENSMUSG00000085776.11",29.4807532521848,0.369533313210284,0.15708353299991,2.35246372521106,0.999970097123725,1,"5430402O13Rik"
"ENSMUSG00000085781.3",8.29438659059686,-0.275075997558895,0.226480975764935,-1.21456557942596,0.999314814704213,1,"Gm15640"
"ENSMUSG00000085783.4",16.7397467296126,-0.513370815773614,0.128266480341655,-4.00237703885054,0.999925847924632,1,"Gm9816"
"ENSMUSG00000085787.4",21.6672954464804,0.330292039594222,0.145294056260369,2.27326601029249,0.999997980137011,1,"Gm13092"
"ENSMUSG00000085790.3",14.2769908561378,0.775914826111461,0.218651677797472,3.54863422008661,0.847283017088117,1,"Gm12729"
"ENSMUSG00000085793.4",471.971625347796,-0.235827585710942,0.0476461019693289,-4.94956724608344,1,1,"Lin52"
"ENSMUSG00000085794.7",105.276327334627,-0.716431739329535,0.150930565984269,-4.74676374965828,0.969864057237709,1,"Vax2os"
"ENSMUSG00000085795.9",1386.19362682585,0.331449977976043,0.0822749604402223,4.02856441622797,1,1,"Zfp703"
"ENSMUSG00000085829.4",73.0157553770713,0.174462662334209,0.11002157459221,1.58571319289737,0.999999999999969,1,"Gm4285"
"ENSMUSG00000085843.3",70.4131032002713,1.05031086608661,0.310278899126421,3.38505412080461,0.435594954455137,1,"Kank4os"
"ENSMUSG00000085862.4",39.9371641797485,-0.228097990756027,0.124373771914505,-1.83397180325787,0.999999999728782,1,"Gm13483"
"ENSMUSG00000085873.3",235.889258412183,-0.0777518983633203,0.153257794876991,-0.507327528924229,0.999999999116049,1,"Ttc39aos1"
"ENSMUSG00000085875.5",93.8736500457647,-0.478423941318474,0.120537352867918,-3.96909281592336,0.999992445412227,1,"Gm12905"
"ENSMUSG00000085882.4",452.037194994927,-0.20583461538161,0.0739840016095098,-2.782150342016,1,1,"2610507I01Rik"
"ENSMUSG00000085890.10",20.6308318745982,0.412638334973454,0.166201500421446,2.48275938500618,0.999795365374843,1,"Tnfsf13os"
"ENSMUSG00000085891.9",22.610375657502,-0.866199660455878,0.115129393694021,-7.52370556869232,0.87741751778907,1,"Gm14634"
"ENSMUSG00000085894.3",120.644598462853,0.242555405820228,0.115261884657441,2.104385214081,0.999999999975096,1,"Gm15832"
"ENSMUSG00000085900.3",94.5195715257686,0.399661335456049,0.151255679804959,2.64228977035046,0.999963917435611,1,"A930041C12Rik"
"ENSMUSG00000085912.4",344.362271309017,-0.242867711498087,0.106400427453778,-2.28258210338104,0.999999999999444,1,"Trp53cor1"
"ENSMUSG00000085927.2",24.1647980303153,-0.242123925047027,0.288226319382157,-0.840047937211441,0.995731997141548,1,"Gm15888"
"ENSMUSG00000085928.3",11.6133434720306,-1.0006356400569,0.233703758838678,-4.28164118980911,0.498914936659891,1,"4933427I22Rik"
"ENSMUSG00000085929.4",159.400412550578,0.107481627821916,0.121412086633336,0.885262998127274,0.999999999999902,1,"Gm13421"
"ENSMUSG00000085936.10",10.1546864941779,-0.313572725533993,0.198778213871269,-1.57750046862311,0.999723043747193,1,"2610307P16Rik"
"ENSMUSG00000085939.5",31.3262373177388,0.601356576131924,0.273890821889387,2.19560689176648,0.927232200230179,1,"Cd63-ps"
"ENSMUSG00000085945.5",32.2961673060456,1.01315023579713,0.217495494883428,4.6582584910099,0.475893797580389,1,"2310014F06Rik"
"ENSMUSG00000085956.4",18.1340957996606,-0.641409808846504,0.133878696663547,-4.79097739096192,0.996302041915688,1,"4930481B07Rik"
"ENSMUSG00000085982.3",83.4695582460565,0.430567377077038,0.132266299255549,3.25530675236589,0.999991658182151,1,"9530051G07Rik"
"ENSMUSG00000085984.10",23.9199597123597,0.443744616016655,0.184607328378284,2.40372156357394,0.998707378687495,1,"1700001G11Rik"
"ENSMUSG00000085995.5",14.0723007397892,0.501281629652209,0.176524538841153,2.83972773951439,0.99763749631538,1,"Gm2788"
"ENSMUSG00000086003.10",157.042865236469,0.427254732285411,0.169678486779639,2.51802535721742,0.999631556311429,1,"B230206L02Rik"
"ENSMUSG00000086013.3",74.3671358862101,-0.906308331051946,0.0848957970935524,-10.6755382725628,0.865118359917962,1,"Gm15706"
"ENSMUSG00000086015.4",22.9197738327376,0.204074467782008,0.212905272470371,0.958522376708205,0.999907411006177,1,"4833417C18Rik"
"ENSMUSG00000086017.2",21.1225351399971,-0.491212446229787,0.152381568634482,-3.22356864174341,0.999579453108284,1,"Gm11872"
"ENSMUSG00000086021.4",52.4903575370909,-0.66417867298253,0.19697119914022,-3.37195831614811,0.955895890669071,1,"Gm15767"
"ENSMUSG00000086074.4",13.104798787914,0.533609492196384,0.203801704002778,2.61827787361931,0.988944406759278,1,"Gm13274"
"ENSMUSG00000086075.4",28.4372048607691,-0.346460334100518,0.218248244055322,-1.58745989274808,0.998625428014641,1,"Gm15728"
"ENSMUSG00000086095.4",8.08130404229063,0.189376610916902,0.20294885585986,0.933124801884419,0.999967549201757,1,"Gm15328"
"ENSMUSG00000086107.3",27.2010252203588,0.374524380181821,0.156472383224268,2.39354940766144,0.999967972860746,1,"Gm16312"
"ENSMUSG00000086111.4",30.5294716822968,-0.352148699097047,0.172167954844573,-2.04537888258564,0.999916023796351,1,"Gm15326"
"ENSMUSG00000086119.4",186.033760800259,-0.656548324972135,0.118295832012846,-5.55005458603848,0.99815390507369,1,"Gm2415"
"ENSMUSG00000086152.4",36.2644865428952,-0.862126163920005,0.22933163448906,-3.75929891155566,0.726146110347597,1,"Gm11454"
"ENSMUSG00000086158.4",142.754583052461,0.1199470868892,0.130526550045411,0.918947806767815,0.999999999992207,1,"Pierce2"
"ENSMUSG00000086191.4",42.9108320542183,-0.600598979637033,0.150955000154336,-3.97866237635707,0.995925442307865,1,"Zfp652os"
"ENSMUSG00000086193.4",53.3953470756802,-0.570464982236679,0.108595748895661,-5.25310601969125,0.999961789867375,1,"Gm11508"
"ENSMUSG00000086196.8",10.0199288030643,-0.854350150313008,0.275955652487664,-3.0959690175261,0.701181495330607,1,"Gm13571"
"ENSMUSG00000086212.10",84.9480223580339,-0.529784452339374,0.149107036927873,-3.55304795303286,0.999193494447081,1,"Mkln1os"
"ENSMUSG00000086225.2",9.2860939198354,0.523527178842311,0.193365552138998,2.70744800741955,0.993132186573783,1,"Gm8661"
"ENSMUSG00000086240.5",21.3461293621545,0.0105794935158911,0.133767789242827,0.0790884978796079,0.999999999999951,1,"Gm7846"
"ENSMUSG00000086247.10",31.3111734702481,0.0418657501432742,0.181270542957463,0.230957272264023,0.999999941900102,1,"Gm15787"
"ENSMUSG00000086264.12",31.2561257327718,-0.777763919327992,0.193379071603559,-4.02196531857628,0.874768410863017,1,"Gm15850"
"ENSMUSG00000086272.4",29.1011763893356,0.0172673919891285,0.197148422078064,0.0875857478701566,0.99999981330249,1,"BC039966"
"ENSMUSG00000086288.2",53.7961175660828,-0.620311952575729,0.0985805834174285,-6.29243539723321,0.999941313723995,1,"Gm15265"
"ENSMUSG00000086290.12",637.06991223928,0.653499798661862,0.147864061567324,4.41959859437728,0.990444788810825,1,"Snhg12"
"ENSMUSG00000086291.2",47.1916521021285,-0.506851715713445,0.11897240866591,-4.26024589564083,0.99998301408183,1,"Gm15513"
"ENSMUSG00000086308.4",46.3866849727949,-0.183203148019064,0.125543075353913,-1.45928516967267,0.999999999961439,1,"G630016G05Rik"
"ENSMUSG00000086316.9",647.552735412295,-0.0359316642813207,0.0661629820659354,-0.543078065095564,1,1,"Nbdy"
"ENSMUSG00000086324.11",21.7417401888766,-0.139218354031516,0.184813448387278,-0.753291252592086,0.999998400539156,1,"Gm15564"
"ENSMUSG00000086328.4",24.8599415309004,0.220937290398691,0.137505906067769,1.60674764245983,0.999999992677326,1,"2700033N17Rik"
"ENSMUSG00000086340.3",18.2989294073695,-0.0135410805054199,0.142857829210245,-0.0947871081359589,0.999999999998141,1,"1810059C17Rik"
"ENSMUSG00000086350.4",88.0213152205395,-0.806962533970518,0.114662106566437,-7.03774383826579,0.953864043435788,1,"B230369F24Rik"
"ENSMUSG00000086358.5",25.7143162008617,0.172229867937604,0.149796090662901,1.14976210110308,0.999999983617387,1,"Gm13270"
"ENSMUSG00000086368.5",19.9508797527021,-0.277171602427435,0.175680501378022,-1.5777027060677,0.99998059470121,1,"Gm13830"
"ENSMUSG00000086370.12",327.246859229085,-0.112952859552473,0.0816259228207437,-1.3837866164224,1,1,"Ftx"
"ENSMUSG00000086382.3",26.0061986810066,0.604006201803981,0.11444827422763,5.27754748492454,0.999729936575684,1,"Chrna1os"
"ENSMUSG00000086389.3",8.74679549806281,0.439684721077136,0.183797565899468,2.39222276380761,0.998850240322257,1,"Gm15998"
"ENSMUSG00000086401.3",30.7557324892253,-0.75638867040323,0.154445414278631,-4.89744984618738,0.942640152054978,1,"Gm15559"
"ENSMUSG00000086416.3",13.8206257578516,0.606887767115821,0.26383046939394,2.30029445996111,0.931890291120765,1,"Gm14002"
"ENSMUSG00000086429.12",333.409050193343,-0.467879156388331,0.0825716368639157,-5.66634227149247,0.999999999941953,1,"Gt(ROSA)26Sor"
"ENSMUSG00000086448.2",17.3242241062072,-0.0892193689786955,0.147705090536468,-0.604037197734005,0.999999999650352,1,"9330162012Rik"
"ENSMUSG00000086453.9",50.3986455636026,-0.0513132132551107,0.141828832020456,-0.361796769557476,0.999999999988823,1,"Gm11457"
"ENSMUSG00000086468.4",32.5429020616714,-0.034748147158752,0.143234399603196,-0.242596382258837,0.999999999992276,1,"Etaa1os"
"ENSMUSG00000086495.9",27.0995863430291,-0.238138015978961,0.10090947877987,-2.35991721351023,0.999999999999978,1,"Gm13778"
"ENSMUSG00000086502.4",139.274967997917,-0.319942085376966,0.123079857699732,-2.59946746247873,0.999999983557481,1,"B130055M24Rik"
"ENSMUSG00000086503.6",59519.4185830731,0.0588420343012156,0.0744957421116612,0.789871107170363,1,1,"Xist"
"ENSMUSG00000086509.4",127.006927576727,0.483652731490325,0.133838460343944,3.6137051356345,0.999942838035449,1,"Nkx2-2os"
"ENSMUSG00000086524.6",1240.70997159277,-0.311466776770305,0.118422171589686,-2.63013904059695,0.999999996954239,1,"Pabpc1l2a"
"ENSMUSG00000086537.10",114.486143838907,0.0372402507527873,0.12667811608349,0.293975407151172,0.999999999999985,1,"Gnasas1"
"ENSMUSG00000086539.10",12.3254923282016,-0.79399378134473,0.249147087961665,-3.18684752786233,0.795837761260684,1,"Gm16759"
"ENSMUSG00000086541.10",33.1044674082508,-0.762650133076513,0.211947140389085,-3.5983034811249,0.868612022364874,1,"Has2os"
"ENSMUSG00000086544.2",21.5417806507058,1.05288925972489,0.186067213401555,5.65865012151621,0.388110112094012,1,"Chn1os3"
"ENSMUSG00000086583.6",1861.48701731493,-0.0540050547020216,0.388711199252179,-0.138933621686021,0.995875297773063,1,"Gm15500"
"ENSMUSG00000086600.9",12.9020839188186,-0.307231816631853,0.283660605915438,-1.08309652530123,0.99270387336919,1,"C030005K06Rik"
"ENSMUSG00000086602.2",9.72711769715644,-0.31549744098901,0.19079166382753,-1.65362277711572,0.999833193769582,1,"Gm15609"
"ENSMUSG00000086604.4",21.9615575813454,0.296046644343213,0.121308506312213,2.44044423052474,0.999999996743075,1,"Gm15510"
"ENSMUSG00000086606.2",33.7023392097186,0.101864039013868,0.137739737637618,0.739539952383702,0.999999999964971,1,"Gm13205"
"ENSMUSG00000086610.4",23.9780394602551,0.50564114874919,0.15349662162743,3.2941516457378,0.999360498164216,1,"Gm15408"
"ENSMUSG00000086629.11",162.557953040412,0.288906350767434,0.0958162293963178,3.01521310729575,0.999999999999942,1,"2810403D21Rik"
"ENSMUSG00000086638.9",25.5945543644936,-0.392718603832178,0.115136771323887,-3.41088775824221,0.999999933417084,1,"4930405A21Rik"
"ENSMUSG00000086645.4",20.8069676679328,-0.852371782266057,0.346183236306883,-2.46219831832195,0.665108348421623,1,"Gm15743"
"ENSMUSG00000086655.4",27.5646001440293,-0.436450428198821,0.206205765403707,-2.11657723218526,0.996861485044622,1,"C330018A13Rik"
"ENSMUSG00000086657.5",13.1525807146532,0.183844222060853,0.185107294333361,0.993176539708734,0.999994809922834,1,"Stamos"
"ENSMUSG00000086682.4",23.0148133823148,-0.341032476601711,0.148425896156196,-2.29766156333545,0.999995495932975,1,"Gm16023"
"ENSMUSG00000086686.3",765.730894042472,0.482918533312778,0.129187754935118,3.73811382940524,0.999968669334353,1,"F630206G17Rik"
"ENSMUSG00000086688.5",52.3999739827747,0.174876727109871,0.0812486818462941,2.15236386776959,1,1,"Gm11560"
"ENSMUSG00000086691.3",50.8127379378064,-0.0955932598424979,0.150619599567429,-0.63466680376947,0.999999999041008,1,"Gm15432"
"ENSMUSG00000086693.4",11.0875766638576,0.432183398503668,0.179742828598093,2.4044541964455,0.999208578623694,1,"A730081D07Rik"
"ENSMUSG00000086697.4",13.7728756756786,0.162782560875264,0.179096294553408,0.908910825213761,0.999998527963523,1,"4933427G23Rik"
"ENSMUSG00000086712.4",14.7493814775242,0.6011900831823,0.240232257901898,2.50253687174603,0.951552976176212,1,"Mexis"
"ENSMUSG00000086714.4",27.1260578344358,-0.0901830112696572,0.171077593399197,-0.527146831316604,0.999999947680354,1,"0610009E02Rik"
"ENSMUSG00000086725.3",98.9234326584709,-0.758182606018302,0.0834210546627065,-9.0886240779841,0.99812677634515,1,"A630052C17Rik"
"ENSMUSG00000086728.5",14.3251817294106,-0.0659764915915029,0.132056144453332,-0.499609403747347,0.999999999999242,1,"Man2c1os"
"ENSMUSG00000086741.3",67.2177528255596,0.885309741785311,0.157134072763759,5.63410421568032,0.767270645127545,1,"Gm15816"
"ENSMUSG00000086753.3",8.9943522319113,-1.11263664093222,0.206713186832619,-5.382514091049,0.292913434978735,1,"Gm15751"
"ENSMUSG00000086754.4",17.0068347317164,-1.0935835983576,0.253379418538054,-4.31599221699755,0.355936504242079,1,"Gm16098"
"ENSMUSG00000086765.10",11.6416731842732,1.13353210656418,0.253656202185881,4.46877346895513,0.299294913301988,1,"Gm11827"
"ENSMUSG00000086779.3",40.9089864239636,1.170957633383,0.284780640832957,4.11178804134317,0.274148696581683,1,"Gm13562"
"ENSMUSG00000086782.5",79.5831024697369,-0.420261972296954,0.157719823824507,-2.66461096713229,0.999881422352243,1,"E130102H24Rik"
"ENSMUSG00000086784.3",450.258984691463,0.0398082487266484,0.0521990602554829,0.762623858203789,1,1,"Isoc2a"
"ENSMUSG00000086794.2",8.28845638185757,0.371419910941668,0.187902807129433,1.97665972433196,0.999588943818555,1,"Gm11642"
"ENSMUSG00000086815.7",59.6068269301575,0.375722320372799,0.166687582032502,2.25405105642205,0.999909873532653,1,"3110082J24Rik"
"ENSMUSG00000086822.5",52.4518674520131,-0.813623849587996,0.192183071826603,-4.2335874947513,0.83392302185384,1,"5330413P13Rik"
"ENSMUSG00000086841.4",2333.28852318276,1.03383918821089,0.159387874681156,6.48631014297045,0.415933702008153,1,"2410006H16Rik"
"ENSMUSG00000086859.7",270.490299896616,-0.017889114886667,0.129729335761552,-0.137895679351569,0.999999999999984,1,"Snhg20"
"ENSMUSG00000086873.3",20.2927714505538,-0.387723077708156,0.123709508572699,-3.13414128130907,0.999999627618104,1,"Gm15672"
"ENSMUSG00000086877.10",141.487518427698,-0.77288009647717,0.15714356246743,-4.91830581120597,0.925813460392981,1,"A230072C01Rik"
"ENSMUSG00000086881.4",11.9520837781153,0.793230427746861,0.301057442629111,2.63481420960612,0.753899092197962,1,"Gm13594"
"ENSMUSG00000086889.3",20.4528202206364,0.0495893367952045,0.114253409833887,0.434029381418922,1,1,"Phf2os1"
"ENSMUSG00000086894.3",13.5236507023508,-0.11443950248229,0.140091367646908,-0.816891892801905,0.999999999870321,1,"Gm15708"
"ENSMUSG00000086914.4",9.25972970031772,0.811370348764603,0.188474867638926,4.3049259507586,0.841543381146056,1,"Gm16124"
"ENSMUSG00000086916.4",15.0368987271854,0.0487887225816744,0.287767806773405,0.169541975972634,0.999659855640216,1,"Gm15903"
"ENSMUSG00000086922.3",35.5346564443999,0.207265054085142,0.0878137334859626,2.36028062875011,1,1,"Gm13835"
"ENSMUSG00000086938.12",27.2552260666567,0.675591668212183,0.208091986568279,3.2466010794246,0.940497786112387,1,"4930481A15Rik"
"ENSMUSG00000086940.3",9.36924105862122,0.467216201826311,0.286620327196747,1.63008746237875,0.968475853876271,1,"Gm12746"
"ENSMUSG00000086942.3",17.7740414315711,-0.0793908892614884,0.145245398940638,-0.546598307695347,0.999999999883898,1,"Gm15489"
"ENSMUSG00000086965.4",70.4524106382286,-0.321608703746671,0.0773043395188571,-4.16029301522226,1,1,"Rtl10"
"ENSMUSG00000086968.11",1531.13389459438,-0.154391139586252,0.0912915571491072,-1.69118749211479,1,1,"4933431E20Rik"
"ENSMUSG00000086970.2",33.3581334657075,-0.570062406663515,0.14995080321506,-3.80166290837356,0.997929335024727,1,"Bcas1os1"
"ENSMUSG00000087004.3",8.93471522830677,-0.545193275967166,0.194175410297765,-2.80773592872095,0.9904159812345,1,"Gm14154"
"ENSMUSG00000087006.4",840.559831259502,0.185745884601551,0.0848032155685991,2.19031652698709,1,1,"Gm13889"
"ENSMUSG00000087014.2",14.2882299523645,0.519888051199664,0.274990024694352,1.89057058261482,0.959588020553618,1,"Gm16364"
"ENSMUSG00000087020.4",9.94003626032607,0.271339695212548,0.247251320399003,1.09742465591153,0.998395993725784,1,"Gm16283"
"ENSMUSG00000087022.7",101.382374015408,-0.43262049824116,0.132163137895467,-3.27338246601966,0.999991187196363,1,"9130024F11Rik"
"ENSMUSG00000087028.9",16.9584274688347,0.707232724735865,0.239829838241594,2.94889380704761,0.888905707020398,1,"Gm13387"
"ENSMUSG00000087050.2",13.9996838726305,-0.848950639003109,0.149864786407012,-5.66477729262883,0.84324979379739,1,"Dhrs13os"
"ENSMUSG00000087060.10",223.940933753496,-0.0656227552723829,0.105468918117999,-0.622199947087388,1,1,"Eldr"
"ENSMUSG00000087088.5",72.2221236387032,-0.237384279772517,0.117092746306957,-2.02731840578935,0.999999999963148,1,"Gm16638"
"ENSMUSG00000087095.5",111.284658232257,0.187809937568591,0.140567738781068,1.33608137398512,0.999999996218658,1,"Emx2os"
"ENSMUSG00000087098.3",24.6204721728816,-1.04183963419528,0.368803883828513,-2.82491502903944,0.454838169732379,1,"Gm11884"
"ENSMUSG00000087120.4",53.765902859957,-0.360091664689275,0.127632976397716,-2.82130586351913,0.999999732978259,1,"Gm12279"
"ENSMUSG00000087128.10",275.665858384237,0.54813556599669,0.108058643055947,5.07257495092636,0.999985530533168,1,"Gm12655"
"ENSMUSG00000087138.4",49.4024750368073,0.745879105089176,0.099517773378429,7.49493361605746,0.994668033876172,1,"Gm15545"
"ENSMUSG00000087141.2",414.354605792567,-0.960153870752223,0.127759178686427,-7.51534160303922,0.622435913198447,1,"Plcxd2"
"ENSMUSG00000087143.12",585.675689510756,-0.0433854024477726,0.0933644077468055,-0.464688884070568,1,1,"A830082K12Rik"
"ENSMUSG00000087153.9",23.8007736428967,-0.0827316526264627,0.161623032382004,-0.511880339127176,0.999999993090483,1,"Gm6483"
"ENSMUSG00000087159.8",20.0866346734456,-1.13494185612954,0.126428658019831,-8.97693508659661,0.142910072224177,1,"Gm15246"
"ENSMUSG00000087165.10",95.0574943592335,0.361886015802903,0.111751717149889,3.23830384921529,0.999999994354659,1,"2010001A14Rik"
"ENSMUSG00000087168.3",8.78854181343812,1.12031146598628,0.193274682002137,5.79647294917757,0.266810013062339,1,"Gm15983"
"ENSMUSG00000087174.10",430.717409243431,-0.179506981609689,0.0683631792438428,-2.62578457577887,1,1,"5530601H04Rik"
"ENSMUSG00000087176.3",12.8916182737167,0.0773388620109156,0.166900259851811,0.463383712401551,0.999999983879184,1,"D230022J07Rik"
"ENSMUSG00000087177.10",773.43902737821,-0.168653108784167,0.0873054681537918,-1.93175882737469,1,1,"E130307A14Rik"
"ENSMUSG00000087178.10",204.909681039752,-0.237210811638328,0.0860877414070579,-2.75545400264015,1,1,"A230056P14Rik"
"ENSMUSG00000087179.11",346.459719634022,-0.108990458750035,0.193249198519736,-0.563989189010295,0.999997997968195,1,"5730471H19Rik"
"ENSMUSG00000087193.10",8.67686309874664,0.603739477924656,0.185159977478201,3.26063702397963,0.98382658151898,1,"Gm14820"
"ENSMUSG00000087200.3",13.2276028421296,-0.476405601092253,0.183634929430155,-2.59430818837465,0.997822812099707,1,"Lrp8os3"
"ENSMUSG00000087206.3",10.5840329819009,1.14455993669705,0.231236551067566,4.94973623941749,0.265932891919243,1,"Gm16175"
"ENSMUSG00000087213.5",195.339664798698,0.178827823449584,0.109989652814587,1.62586042298942,0.999999999999959,1,"2810408I11Rik"
"ENSMUSG00000087221.5",33.8686378309013,-0.689968925253195,0.172283850850842,-4.0048380730156,0.964033070744087,1,"Oxct1as"
"ENSMUSG00000087222.4",33.82332788869,0.443804439059694,0.121085986933889,3.66520065861958,0.999997819519767,1,"E030042O20Rik"
"ENSMUSG00000087231.10",263.12969872203,0.628546929767148,0.0895445551992717,7.0193763134831,0.999983248571404,1,"E230016M11Rik"
"ENSMUSG00000087242.3",15.7987536448294,0.650459312082566,0.330648456207888,1.96722319390962,0.854775745805147,1,"C78197"
"ENSMUSG00000087249.4",14.8273991781446,0.123473693904088,0.118120078335953,1.04532350167352,0.999999999999942,1,"Gm16062"
"ENSMUSG00000087260.6",1193.99828624353,-0.130051823216811,0.0562868560212247,-2.31051851906191,1,1,"Lamtor5"
"ENSMUSG00000087266.4",10.5036656202474,-0.247162938510751,0.176816016174454,-1.39785379095347,0.999989674919115,1,"Gm15991"
"ENSMUSG00000087268.3",12.6868399977749,0.846278278001961,0.202347780061241,4.18229583613832,0.776280248548641,1,"Gm14486"
"ENSMUSG00000087269.4",84.155979531712,-0.222146417973061,0.110717688943942,-2.00642210013558,0.999999999998934,1,"D330023K18Rik"
"ENSMUSG00000087298.4",9.249081045041,0.107590560981721,0.202988324359524,0.530033248568333,0.999994520186784,1,"Gm9392"
"ENSMUSG00000087305.11",69.8187201927958,-1.04695196348537,0.113586471035627,-9.21722414597241,0.339671890216381,1,"A430035B10Rik"
"ENSMUSG00000087326.3",11.4266442016276,0.701019725143715,0.190060177172772,3.68840930052622,0.942150102886182,1,"Gm12503"
"ENSMUSG00000087331.11",56.3394897104422,1.01572870508165,0.144769081473166,7.0161991410433,0.456741298770006,1,"1810021B22Rik"
"ENSMUSG00000087336.4",28.4179972088102,0.0267871333253046,0.165606670948584,0.161751535562364,0.999999998188809,1,"Gm15860"
"ENSMUSG00000087341.6",27.8569008998857,0.278799195827128,0.103792051433356,2.6861324347765,0.999999999998154,1,"0610040F04Rik"
"ENSMUSG00000087365.11",441.604811505606,-0.265501709849249,0.158690253237979,-1.67308139240972,0.999998158406064,1,"Mir503hg"
"ENSMUSG00000087366.10",44.084223797984,0.537509719495708,0.101051040162087,5.31919036789266,0.999997639274343,1,"Junos"
"ENSMUSG00000087367.4",12.2320791101549,0.202087229284502,0.16364338196127,1.23492454667266,0.999999458499884,1,"Gm15491"
"ENSMUSG00000087368.9",90.9176930249278,-0.0501563256418558,0.0873136989806064,-0.574438217913505,1,1,"BC065397"
"ENSMUSG00000087370.4",2956.65927651369,-0.101791862597121,0.0761186953616383,-1.3372780775276,1,1,"Tmem170b"
"ENSMUSG00000087371.2",15.35952381379,-0.34611659241891,0.184709192914737,-1.87384605474769,0.999799989275658,1,"Gm15541"
"ENSMUSG00000087373.9",16.7931543353936,0.510009449527936,0.189398759865519,2.69278135659422,0.995160404005768,1,"Gm15892"
"ENSMUSG00000087377.4",45.8739525278208,-0.10868912785749,0.131818690516271,-0.824535029378663,0.999999999993178,1,"AV099323"
"ENSMUSG00000087380.10",149.14214071454,1.12272352206714,0.157551100631391,7.12609126542305,0.218006281492085,1,"2210408F21Rik"
"ENSMUSG00000087381.11",287.269080152012,0.173474186160655,0.0949523803614885,1.82695984555869,1,1,"Gm16008"
"ENSMUSG00000087385.9",110.322286350588,0.0745937959414487,0.0891587227522301,0.836640472618064,1,1,"Frg2f1"
"ENSMUSG00000087396.10",214.339053236928,-0.290085378933639,0.0714537455647113,-4.05976449017535,1,1,"4933407K13Rik"
"ENSMUSG00000087403.10",348.833395471153,-0.149618219410311,0.130168031600702,-1.14942369159636,0.999999999967758,1,"Kantr"
"ENSMUSG00000087408.11",246.863962107577,0.152605358236657,0.267995343768417,0.569432871820818,0.999224993120873,1,"Cers1"
"ENSMUSG00000087413.4",99.6838032462187,-0.0362789976070197,0.115531194743882,-0.314019063746772,1,1,"Gm11266"
"ENSMUSG00000087424.4",27.3219742035742,0.303480390610109,0.172232536486092,1.76203867632534,0.999973733851535,1,"5730405O15Rik"
"ENSMUSG00000087433.4",29.9243540502767,-0.321170542336551,0.2295451484098,-1.39916066430285,0.998448177591103,1,"Gm14167"
"ENSMUSG00000087440.3",20.24802824309,-0.193468211679261,0.10490576498617,-1.84420953133288,0.999999999999993,1,"4930577N17Rik"
"ENSMUSG00000087443.3",26.4449739338909,0.438400289876245,0.172926872034213,2.53517735398295,0.999418114591923,1,"Ppp1r18os"
"ENSMUSG00000087445.2",33.7648606258741,-0.516316348411374,0.128764040210037,-4.00978679737892,0.999913797505492,1,"Gm14286"
"ENSMUSG00000087466.5",12.7112187483849,-0.893189383692426,0.304227592927041,-2.93592496031952,0.637238784762197,1,"A330041J22Rik"
"ENSMUSG00000087475.6",28.4231123730608,0.915012319538219,0.157014354167099,5.82757114400151,0.705840395738073,1,"4933406I18Rik"
"ENSMUSG00000087478.4",12.2319963927785,0.317097954850319,0.156702649300266,2.02356473401233,0.999993435630921,1,"4930506C21Rik"
"ENSMUSG00000087479.4",52.4050312367426,-0.264891123796816,0.131376706611168,-2.01627161031527,0.999999988996079,1,"Gm16835"
"ENSMUSG00000087484.3",14.3586080140679,0.729919438717138,0.260034306285567,2.8070120790737,0.850512586733483,1,"2900089D17Rik"
"ENSMUSG00000087497.10",153.827789584048,-0.779993311940834,0.0833459657850898,-9.35850109352708,0.995850784232781,1,"2810001G20Rik"
"ENSMUSG00000087513.3",242.165692710656,0.0320761421536932,0.188630731689395,0.170047276318213,0.999999878461569,1,"Gm13236"
"ENSMUSG00000087519.11",21.6485385973488,-0.323795069697985,0.177656143008975,-1.8225942779903,0.999929457098699,1,"AV039307"
"ENSMUSG00000087523.4",12.0194369981089,-0.194451306021442,0.147646471255217,-1.31700611852295,0.999999975641299,1,"Gm12319"
"ENSMUSG00000087535.4",89.1618750511989,-0.0893542332450713,0.102366414632221,-0.87288622509737,1,1,"Zmiz1os1"
"ENSMUSG00000087543.3",61.1692084727004,-0.043259230314785,0.116684155549883,-0.370737827350446,1,1,"Gm16576"
"ENSMUSG00000087565.3",60.1320802474492,-0.318125599090113,0.131927733838703,-2.41136256823042,0.999999882038122,1,"Gm14662"
"ENSMUSG00000087574.4",140.58104711231,-0.216454317658956,0.115520072597936,-1.87373772186172,0.999999999994105,1,"C030037D09Rik"
"ENSMUSG00000087575.9",28.2869310241035,0.0217564706905774,0.170043704907411,0.127946345925736,0.999999996548174,1,"Gm12976"
"ENSMUSG00000087578.3",22.4516929557635,-0.145327608948873,0.114142062064331,-1.27321695718942,0.999999999999965,1,"Ccdc142os"
"ENSMUSG00000087589.5",71.3708523313545,0.476178907480012,0.140105620179213,3.39871381940937,0.999907534401139,1,"D430040D24Rik"
"ENSMUSG00000087590.5",379.393268369655,0.78397582737786,0.167543367142462,4.67924120631554,0.901363993314069,1,"Epb41l4aos"
"ENSMUSG00000087598.10",900.20498686297,-0.0235767811715233,0.0620032176611642,-0.380250929885057,1,1,"Zfp111"
"ENSMUSG00000087620.10",107.934973442307,-0.972695270719122,0.190122262080869,-5.11615662507415,0.557098418269803,1,"5330434G04Rik"
"ENSMUSG00000087624.3",37.9080448918945,0.0116958679820158,0.111415095401504,0.104975613402005,1,1,"9230111E07Rik"
"ENSMUSG00000087626.2",217.222925378188,0.86264727997121,0.141111805289976,6.11321836751024,0.834813028666286,1,"Gm15050"
"ENSMUSG00000087633.3",9.10189344828048,-0.216047333843265,0.182130671387491,-1.18622158583941,0.999991625867058,1,"Gm14455"
"ENSMUSG00000087651.4",641.093373384301,0.0978577652523022,0.102180346635689,0.957696548057343,1,1,"1500009L16Rik"
"ENSMUSG00000087658.4",492.32895743231,0.894324043051284,0.160383112265425,5.57617339144304,0.745019054636857,1,"Hotairm1"
"ENSMUSG00000087660.3",17.2750031824289,-0.189809078290375,0.213490082204256,-0.88907679612384,0.999926185289892,1,"B230398E01Rik"
"ENSMUSG00000087679.3",1260.97616385761,0.454437925170326,0.0565658760953499,8.03378214109697,1,1,"Tmem250"
"ENSMUSG00000087687.4",397.132507062712,-0.0101532152527773,0.0981429557341612,-0.103453326597165,1,1,"Pet100"
"ENSMUSG00000088378.4",11.1511435152991,0.132509515069884,0.148366633292057,0.893122072865545,0.999999997496489,1,"Gm25184"
"ENSMUSG00000088835.3",65.0069271448138,0.600688906794051,0.13512463646508,4.44544327746841,0.998437321846508,1,"Gm23547"
"ENSMUSG00000089417.3",33.8007686566563,0.109912600021842,0.130669718739073,0.841148210025003,0.999999999995179,1,"Gm22009"
"ENSMUSG00000089662.2",30.240872509792,-0.331292728452845,0.0987789089491183,-3.35388122806151,0.999999999993549,1,"Gm14057"
"ENSMUSG00000089663.3",26.2704347200196,0.167483765867086,0.141499944442774,1.1836313189142,0.999999997991712,1,"Gm15651"
"ENSMUSG00000089665.3",9.55543977736634,-0.642129638445827,0.16129299158663,-3.981137879143,0.986748455542623,1,"Fcor"
"ENSMUSG00000089669.8",38.0734012915245,0.340956763259569,0.143778301841547,2.37140624762229,0.99999771640664,1,"Tnfsf13"
"ENSMUSG00000089671.3",10.1870106264823,1.11392150467782,0.196174184929989,5.67822675075907,0.280715909505954,1,"Gm16537"
"ENSMUSG00000089682.11",1779.27101270247,0.584381076164551,0.049594427019153,11.7832004781277,1,1,"Bcl2l2"
"ENSMUSG00000089704.10",9452.82843056481,0.618168008214166,0.123420117521324,5.00864867599369,0.999011807295766,1,"Galnt2"
"ENSMUSG00000089706.10",26.6588721011686,-0.677974672873839,0.208541043936221,-3.25103711037903,0.938727876383525,1,"B230216N24Rik"
"ENSMUSG00000089715.13",6081.48917848042,-0.0348593157018462,0.0578167191831746,-0.60292794531293,1,1,"Cbx6"
"ENSMUSG00000089726.4",59.1348701304273,0.580621907548968,0.15571824528974,3.72866972954019,0.996461354076832,1,"Mir17hg"
"ENSMUSG00000089736.3",63.6914630013392,0.139177581358608,0.148026579837858,0.940220205797205,0.999999996974167,1,"Tgfbr3l"
"ENSMUSG00000089762.4",1409.19211017826,1.05886888700823,0.116923222223488,9.05610422696271,0.307312267672321,1,"Ier5l"
"ENSMUSG00000089764.3",32.0451204308601,0.511156546429733,0.108710290543128,4.70200699378081,0.999996550065906,1,"Gm16580"
"ENSMUSG00000089782.2",71.9737912052761,0.391582981276833,0.0935521927512994,4.18571676152822,0.999999999960765,1,"Btf3-ps1"
"ENSMUSG00000089809.10",251.548482090749,0.605079142568861,0.305154935829221,1.98285877606611,0.902195866608612,1,"Rasgef1b"
"ENSMUSG00000089810.2",433.451462122265,-0.20069386074212,0.057294658774588,-3.50283717600452,1,1,"Gm16536"
"ENSMUSG00000089824.11",2714.22450172662,-0.449330084214752,0.12867117771503,-3.4920802948574,0.999990641382608,1,"Rbm12"
"ENSMUSG00000089832.9",650.814333518432,-0.485171200448004,0.0902279453032398,-5.3771722144113,0.999999994212436,1,"Shkbp1"
"ENSMUSG00000089838.2",9.92172918949441,0.0577419963982446,0.199912489158055,0.28883636355802,0.999998842444893,1,"Gm2962"
"ENSMUSG00000089847.9",673.985987316326,0.479612430564198,0.0746493148592779,6.42487384470065,0.999999999998428,1,"Timm10b"
"ENSMUSG00000089857.10",432.569445722997,-0.447545219733011,0.10772385992746,-4.15455981650103,0.999999853919392,1,"Zfp882"
"ENSMUSG00000089862.9",341.169006938255,0.108007505580449,0.0894653397382946,1.20725530016869,1,1,"Umad1"
"ENSMUSG00000089872.11",793.561635843787,-0.717262242744044,0.0821015584071205,-8.73628048796986,0.999713153701085,1,"Rps6kc1"
"ENSMUSG00000089875.5",22.905904651386,0.0935737630706733,0.145637129511829,0.642513096655568,0.999999999757507,1,"Etohd2"
"ENSMUSG00000089889.5",101.112172558129,-0.174184489909953,0.117155937657005,-1.48677474990562,0.999999999999098,1,"0610040B10Rik"
"ENSMUSG00000089911.5",2347.14131565677,0.22612345574754,0.036695486879902,6.16215984509492,1,1,"Mfsd14a"
"ENSMUSG00000089917.8",346.715350185934,-0.129213337431775,0.0817673193875185,-1.58025649366584,1,1,"Uckl1"
"ENSMUSG00000089929.2",80.3201749212017,-0.0886146673557457,0.398166477739839,-0.222556825624196,0.992086875407004,1,"Bcl2a1b"
"ENSMUSG00000089936.2",86.7863387343321,-0.487597410777029,0.13672111170344,-3.56636516995758,0.999910801733675,1,"Gm16199"
"ENSMUSG00000089940.3",159.443927934246,-0.226638642810979,0.145987326397539,-1.55245423286825,0.999999941286227,1,"Gm4117"
"ENSMUSG00000089945.14",201.486110648004,0.090603834190089,0.3303329570945,0.27428033517155,0.997527916442322,1,"Pakap"
"ENSMUSG00000089951.10",93.7952087367729,0.0116264269354874,0.149749706793708,0.0776390631035007,0.999999999986586,1,"Zfp968-ps"
"ENSMUSG00000089957.4",45.9622490799073,-0.830858328492334,0.145151528449464,-5.72407564265921,0.878046464848281,1,"A830011K09Rik"
"ENSMUSG00000089967.2",16.4102150577272,0.441091866287309,0.420643497221241,1.04861211263493,0.908332529890189,1,"Gm16550"
"ENSMUSG00000089984.8",9.13513246346921,-0.47487798602192,0.150479612595139,-3.15576294909507,0.999758178244469,1,"Fbxo24"
"ENSMUSG00000089990.3",7.85659581333229,-1.2380725599002,0.204284825065093,-6.06052142887119,0.121929524401481,1,"Gm15852"
"ENSMUSG00000089993.2",29.421572294936,0.486749019308247,0.1150748311746,4.22984778113398,0.999995904879922,1,"Gm5822"
"ENSMUSG00000089998.4",33.8147914223008,-0.797626157618548,0.120704988270168,-6.60806292307706,0.953189522358811,1,"Phtf1os"
"ENSMUSG00000089999.2",14.7769512743743,-0.284162806080012,0.120250731190796,-2.36308588950819,0.999999998682612,1,"Gm6485"
"ENSMUSG00000090000.3",2502.72599805575,0.306649520919445,0.0381522527912486,8.03752068317668,1,1,"Ier3ip1"
"ENSMUSG00000090015.10",38.1686394421645,1.04169631794392,0.382260771054388,2.72509343574704,0.45657027783368,1,"Gm15446"
"ENSMUSG00000090021.3",19.9088193845572,0.499375295471209,0.16147582211887,3.09257007593122,0.99903340089834,1,"Gm6493"
"ENSMUSG00000090031.5",70.8640514600665,-0.501620346402682,0.110230564487912,-4.55064662630562,0.999996926185654,1,"4732440D04Rik"
"ENSMUSG00000090034.3",19.8420491419121,-0.215199080939697,0.21452322196941,-1.00315051659248,0.999873084993466,1,"Gm15917"
"ENSMUSG00000090035.4",3302.27737673676,1.20042674327346,0.181654708710308,6.60828861413018,0.134939965842382,1,"Galnt4"
"ENSMUSG00000090069.5",29.0609662043013,0.152625819316745,0.149475076689798,1.02107871557401,0.99999999281833,1,"E430024P14Rik"
"ENSMUSG00000090077.10",242.840867055008,-0.626543172729708,0.118892380943238,-5.26983451554252,0.999158523178372,1,"Lime1"
"ENSMUSG00000090083.12",792.286616696563,-0.0399545580307903,0.0381832437623554,-1.04638983213315,1,1,"Rnf8"
"ENSMUSG00000090084.8",18.0447958791063,0.363737391922408,0.348535364050244,1.04361688781162,0.966085261029801,1,"Srpx"
"ENSMUSG00000090086.10",318.232430441823,-0.190114519050593,0.145390630958367,-1.30761189904343,0.999999987293,1,"AI480526"
"ENSMUSG00000090093.10",466.816665220581,-0.348868087496944,0.063861024920492,-5.46292653353575,1,1,"Gm14399"
"ENSMUSG00000090100.8",2293.82009072448,-0.910621190824698,0.0986955048535128,-9.22657209339243,0.817426624733471,1,"Ttbk2"
"ENSMUSG00000090101.4",50.4422793421921,0.581995045004523,0.135992408148462,4.27961422941466,0.998943023005529,1,"Snhg9"
"ENSMUSG00000090110.9",194.179930209209,0.0319701404461391,0.0850900324533807,0.375721333326027,1,1,"Cmc4"
"ENSMUSG00000090112.9",2784.4801269075,-0.165289977648222,0.0674555347389751,-2.45035456746174,1,1,"Shprh"
"ENSMUSG00000090115.8",1306.47334760554,-0.504912600000345,0.0845735394834182,-5.9701013234682,0.999999997599516,1,"Usp49"
"ENSMUSG00000090120.3",15.7945698122661,0.342282917624202,0.186749768534577,1.83284252671417,0.999785780428313,1,"A730090N16Rik"
"ENSMUSG00000090122.4",1078.13002637858,1.28114019909458,0.313874251874962,4.0816989333835,0.185203925176448,1,"Kcne5"
"ENSMUSG00000090125.4",588.00625122616,0.168507138388857,0.136628990538458,1.23331906153128,0.999999999420343,1,"Pou3f1"
"ENSMUSG00000090137.9",15063.4204725289,0.499316656092477,0.087558666668504,5.70265257673331,0.999999994619025,1,"Uba52"
"ENSMUSG00000090150.11",877.674005344396,0.601820348768182,0.0726021739620782,8.28928826680213,0.999999979256712,1,"Acad11"
"ENSMUSG00000090207.4",10.9782262432469,-0.105952534218169,0.167981950265045,-0.630737612291053,0.99999994878642,1,"4930524O07Rik"
"ENSMUSG00000090210.8",94.6977496940832,0.0312419125663776,0.125097697048433,0.249740109558386,0.999999999999995,1,"Itga10"
"ENSMUSG00000090213.2",2402.85523007013,0.0640708521043342,0.0912458716275864,0.702178092679469,1,1,"Peds1"
"ENSMUSG00000090235.3",18.0162766236631,-0.0790945680248933,0.306046341567195,-0.258439841560817,0.998900631529662,1,"Gm16244"
"ENSMUSG00000090236.4",26.7692064953002,-0.529115737616451,0.167878895651133,-3.15177042095869,0.997483425156889,1,"Car15"
"ENSMUSG00000090247.8",1279.61385623195,0.428205978469128,0.101995181057652,4.19829617467014,0.999999989652497,1,"Bloc1s1"
"ENSMUSG00000090258.8",17.6978974745892,0.17085720917975,0.272932934895708,0.626004367135235,0.998817769877969,1,"Churc1"
"ENSMUSG00000090264.2",145.249584225064,0.239126294915361,0.0903431775959213,2.6468661085279,1,1,"Eif4ebp3"
"ENSMUSG00000090266.11",664.372291999995,-0.199047453183391,0.0717682653630186,-2.77347449010462,1,1,"Mettl23"
"ENSMUSG00000090290.3",496.744448464096,0.314922837749795,0.0802028924146403,3.92657706310239,1,1,"Tarbp1"
"ENSMUSG00000090319.3",45.3296111033092,0.487037337889748,0.0858263056647343,5.67468603148638,0.999999998861858,1,"Gm4462"
"ENSMUSG00000090330.4",221.222992551802,0.130409336416436,0.0479493110013843,2.71973327025849,1,1,"9130221H12Rik"
"ENSMUSG00000090336.6",13.8316113896925,-0.709944458258931,0.206150311698946,-3.44381947525603,0.920287782253184,1,"Cfap97d2"
"ENSMUSG00000090358.3",12.6215292002976,-0.756463814645863,0.229497150457416,-3.29617955228698,0.855694361996367,1,"Gm2822"
"ENSMUSG00000090363.9",18.2796990183899,-0.994191115479542,0.646122718248062,-1.53870323299458,0.504599582930381,1,"Gm3512"
"ENSMUSG00000090381.3",76.6523282922907,0.382849960285194,0.288958637884995,1.32492997297962,0.983651889373135,1,"Gm6158"
"ENSMUSG00000090386.13",208.764501735239,-0.0958816334117488,0.1188432773509,-0.806790552642253,0.999999999999986,1,"Mir99ahg"
"ENSMUSG00000090389.3",15.1858362464555,0.223575923114357,0.16927894770637,1.32075444787245,0.999997747976517,1,"Cdv3-ps"
"ENSMUSG00000090459.3",17.3348770030462,0.102619476056522,0.218966455576122,0.468653866577508,0.999979424458339,1,"Gm17210"
"ENSMUSG00000090516.2",16.8314172094482,0.368937582254205,0.158692583131796,2.32485712295576,0.999965051279582,1,"Rps11-ps1"
"ENSMUSG00000090534.3",54.4683292696808,-0.126524194416681,0.162361621561092,-0.779274025475736,0.999999962721179,1,"Sox21os1"
"ENSMUSG00000090553.9",3041.93558030146,-0.30631831612139,0.0674167629025647,-4.5436520967953,1,1,"Snrpe"
"ENSMUSG00000090602.4",8.4550004020067,0.199261884878354,0.200858388973037,0.992051593648411,0.999966484970444,1,"Gm5611"
"ENSMUSG00000090607.2",10.6248897549305,0.101637208764025,0.384624231695159,0.264250664385022,0.992336665835134,1,"Gm17052"
"ENSMUSG00000090610.4",24.5438286856468,-0.0557753589315164,0.160846883117069,-0.346760582801729,0.999999997851604,1,"Gm3571"
"ENSMUSG00000090622.2",101.012219832498,-0.279294066333638,0.114879804623496,-2.43118507425207,0.999999999823563,1,"A930033H14Rik"
"ENSMUSG00000090626.10",388.752917499279,-0.250416591816741,0.0975492036868898,-2.5670798156438,0.999999999999992,1,"Tex9"
"ENSMUSG00000090641.3",205.827902278899,-0.225349834809658,0.0889034714282989,-2.5347698035774,1,1,"Zfp712"
"ENSMUSG00000090659.10",179.268146367776,-0.189862772831964,0.144550668753169,-1.31346865752776,0.999999989558403,1,"Zfp493"
"ENSMUSG00000090698.3",193.129507729476,0.827705444188867,0.121269547089652,6.82533631940557,0.922306289783696,1,"Apold1"
"ENSMUSG00000090704.3",16.6677982022723,0.0987384311524789,0.125160799836914,0.788892618784284,0.999999999999701,1,"Trp53-ps"
"ENSMUSG00000090733.7",10282.3443154532,0.29796910189393,0.0954994016067272,3.12011485811174,0.999999999999902,1,"Rps27"
"ENSMUSG00000090790.3",12.4788843747045,-0.0553769359331972,0.148619223942529,-0.37260950813881,0.999999999897077,1,"Gm17377"
"ENSMUSG00000090812.9",14.6921501100628,-0.405106872876712,0.179265299912953,-2.25981756130954,0.999547499498796,1,"Samd15"
"ENSMUSG00000090841.3",9768.9001736244,0.252894967962588,0.0673838118781886,3.75305226750532,1,1,"Myl6"
"ENSMUSG00000090862.4",10564.2961716918,0.482874350873649,0.0902673255239955,5.34938138546365,0.999999994943547,1,"Rps13"
"ENSMUSG00000090877.4",357.62217861283,0.561756939010712,0.212054744452453,2.64911280556926,0.980616454550909,1,"Hspa1b"
"ENSMUSG00000090891.4",15.9563631749248,0.19467963299405,0.199997246137529,0.97341156817818,0.999971713460604,1,"D6Ertd527e"
"ENSMUSG00000090919.7",156.176528005601,-1.0900115355034,0.162115835551555,-6.72365862221253,0.289368759852268,1,"Pabpc4l"
"ENSMUSG00000090935.11",604.462996434983,-0.107054478852193,0.0562576865244885,-1.90293070095573,1,1,"Synj2bp"
"ENSMUSG00000090936.4",8.73706501464764,-0.277257611621856,0.21378036906297,-1.29692736913644,0.999638586852867,1,"Gm17705"
"ENSMUSG00000090946.4",789.060188017848,-0.238705071442279,0.0444101441057225,-5.37501231416902,1,1,"Ccdc71l"
"ENSMUSG00000090952.5",98.3550344779456,-0.114993091437109,0.129831771732324,-0.885708404828612,0.999999999995338,1,"Rab11bos1"
"ENSMUSG00000090957.3",8.84906344627742,-0.0830770125728413,0.141055154174191,-0.588968287328576,0.99999999995997,1,"Gm7535"
"ENSMUSG00000090958.3",308.224951279881,0.587391836802307,0.224281290650549,2.61899615031874,0.967093156596227,1,"Lrrc32"
"ENSMUSG00000090963.3",73.4240180554783,-0.348397594854954,0.192620473198497,-1.80872567214559,0.999641285475138,1,"Gm17655"
"ENSMUSG00000090996.2",63.0910118069968,1.16031614284755,0.932381100350731,1.24446553282888,0.441993463661434,1,"Gm20458"
"ENSMUSG00000091050.4",30.2183717423465,-0.434567211297556,0.12654406494034,-3.43411768463764,0.999996057225265,1,"9330020H09Rik"
"ENSMUSG00000091058.3",11.027617153335,-0.5736277672647,0.350348400312191,-1.63730665461451,0.888200465093411,1,"Gm17538"
"ENSMUSG00000091086.3",27.7759002206749,1.19579518147109,0.418817288741635,2.85517148793914,0.320072798455478,1,"Rpl6l"
"ENSMUSG00000091144.3",37.4505701659749,0.502905701463541,0.115401803783226,4.35786690482076,0.999991744827808,1,"Phf11c"
"ENSMUSG00000091183.6",300.656187520139,-0.846624796868189,0.0775587926937456,-10.9159099499039,0.97600938838203,1,"Gm5141"
"ENSMUSG00000091243.3",20.765860568247,-1.13659063448426,0.282239566690138,-4.02704216071903,0.314209676129154,1,"Vgll3"
"ENSMUSG00000091264.4",1704.21508857142,-0.310907466517149,0.0773160255477512,-4.02125515783437,1,1,"Smim13"
"ENSMUSG00000091269.3",30.8880117251338,-0.448952649679997,0.211185500229893,-2.12586872295339,0.995463681132991,1,"Gm6682"
"ENSMUSG00000091277.3",14.3323334798016,-0.454619830158903,0.256653842025115,-1.77133459827348,0.983205197977319,1,"Gm1818"
"ENSMUSG00000091329.5",187.55554315137,0.13402592034671,0.0706854287244391,1.89608979906168,1,1,"1700112D23Rik"
"ENSMUSG00000091337.4",10224.6097776901,-0.817242852551243,0.0700599671030293,-11.6649048856876,0.99545408461014,1,"Eid1"
"ENSMUSG00000091405.3",14.5880977089389,-0.42020057795328,0.161454857353432,-2.60258864205889,0.999835353005369,1,"H4c14"
"ENSMUSG00000091421.4",74.3774923099314,0.0710180176558853,0.108290600642037,0.655809619993161,1,1,"Gm4202"
"ENSMUSG00000091462.3",37.2361393176207,0.306613513312552,0.138444722467034,2.21469990223399,0.999999725577474,1,"Gm17084"
"ENSMUSG00000091474.3",845.971302875286,-0.188356714675243,0.0638013265185534,-2.95223822063432,1,1,"2610021A01Rik"
"ENSMUSG00000091475.8",1029.07895896245,-0.123861207613537,0.162752885056184,-0.761038476035487,0.999999963425248,1,"Cerox1"
"ENSMUSG00000091476.9",17.8621195123999,-0.245590204545873,0.160120627840764,-1.53378242302488,0.999998770554438,1,"Catspere2"
"ENSMUSG00000091478.3",9.39787757617328,0.25954751825323,0.161332363002932,1.6087752848975,0.999997779615797,1,"Gm10039"
"ENSMUSG00000091498.5",200.560865443561,0.506405075469493,0.0793528976883434,6.3816834699394,0.99999999975182,1,"Mpc1-ps"
"ENSMUSG00000091509.8",445.268827003193,0.436152032798447,0.0958638544997,4.54970264939443,0.999999997970339,1,"Gm17066"
"ENSMUSG00000091512.6",1727.57016833414,0.174857075639744,0.033947959221058,5.15073894430978,1,1,"Lamtor3"
"ENSMUSG00000091514.5",47.5915448850575,-0.341420129152898,0.127969404332376,-2.66798248326706,0.999999867223198,1,"Gm17484"
"ENSMUSG00000091537.3",3352.94051242383,-0.0319176583085509,0.0734075751175703,-0.434800608212862,1,1,"Tma7"
"ENSMUSG00000091549.2",501.125919454585,-0.414158794597962,0.0793227212627874,-5.22118742278016,0.999999999999924,1,"Gm6548"
"ENSMUSG00000091586.3",286.577374213245,0.150546817282038,0.0777299022329051,1.93679411600118,1,1,"Cyp4f17"
"ENSMUSG00000091623.4",47.0614998241744,-0.279822367656495,0.147073716628258,-1.90259941797603,0.999999512732474,1,"Gm17092"
"ENSMUSG00000091625.9",881.417220622601,-0.0899997605815656,0.0924102876393299,-0.973914949089084,1,1,"Lsm5"
"ENSMUSG00000091639.3",39.7440089353368,-0.397744719921139,0.128769417181043,-3.0888135446162,0.999998544528159,1,"Gm3756"
"ENSMUSG00000091655.4",545.092649601674,0.0553745527140904,0.0603166211644562,0.918064567362103,1,1,"Gm8741"
"ENSMUSG00000091697.3",16.1623091092792,0.0102833827653231,0.120732980443185,0.0851745954384217,1,1,"Eif3s6-ps2"
"ENSMUSG00000091712.3",88.4792569094204,0.457455906375944,0.19857473167983,2.3036964597969,0.996854267135672,1,"Sec14l5"
"ENSMUSG00000091736.4",131.758703692512,-0.139994337171498,0.124839756172093,-1.12139226688744,0.999999999997188,1,"Yy2"
"ENSMUSG00000091756.3",15.9329247231004,-0.624586716961656,0.176880436725753,-3.53112378351969,0.983098451148462,1,"Gm3095"
"ENSMUSG00000091764.5",171.142506484245,0.0397322461289208,0.0694436399179588,0.572150972729263,1,1,"Zfp964"
"ENSMUSG00000091780.4",330.42469121791,0.0779527045347061,0.0733761408774985,1.06237127767251,1,1,"Sco2"
"ENSMUSG00000091803.8",585.812419468847,0.0472188958462123,0.0836549340899181,0.564448425665582,1,1,"Cox16"
"ENSMUSG00000091811.3",221.777083045129,-0.0539827485866272,0.0868712381896345,-0.621411064370767,1,1,"Inafm1"
"ENSMUSG00000091825.2",21.4736979568711,-0.229417410531159,0.0840428731083729,-2.72976639239031,1,1,"Gm5778"
"ENSMUSG00000091831.7",14.1220474154218,0.384474277385014,0.118497804196442,3.24456879173595,0.999999897312827,1,"Gm4707"
"ENSMUSG00000091844.3",40.4256646918756,0.0886682306268578,0.181415706102895,0.488757189394436,0.999999747216577,1,"Ccdc168"
"ENSMUSG00000091845.2",20.2525176481918,0.605345464347918,0.237047280986912,2.55369081572103,0.952031338346663,1,"Rpl36-ps12"
"ENSMUSG00000091896.10",7171.26664802071,-0.202794007517649,0.0526113245087832,-3.85456951352353,1,1,"Ube2d2a"
"ENSMUSG00000091898.9",62.9230880166355,-0.305159016081833,0.225767038717305,-1.35165442136989,0.998956945103175,1,"Tnnc1"
"ENSMUSG00000091900.4",42.2089942826674,-0.636803613717125,0.267287132378947,-2.38247014755015,0.91289894534042,1,"Gm4353"
"ENSMUSG00000091905.4",25.4078035882186,0.0697465454746183,0.215027946283447,0.324360375849376,0.99999274111911,1,"Dnajb6-ps"
"ENSMUSG00000091931.6",284.073669516205,-0.178748617976526,0.0600018581790527,-2.97905137276114,1,1,"Gon7"
"ENSMUSG00000091955.3",35.321763659797,0.237526204047078,0.147641884893471,1.60879959110832,0.999999879359566,1,"Tmsb10b"
"ENSMUSG00000091971.4",206.637568565586,0.785884231147952,0.274608107961607,2.86183913862378,0.78222036313284,1,"Hspa1a"
"ENSMUSG00000091985.2",51.8498405140337,-0.404652841910946,0.0841073008537505,-4.81115001674557,0.999999999999271,1,"Gm17354"
"ENSMUSG00000091993.3",28.561055381306,-0.561786630284597,0.160997451818656,-3.48941317976498,0.996754269731661,1,"B930036N10Rik"
"ENSMUSG00000091994.4",188.288519902974,-0.714089353641083,0.102958688644987,-6.93568811956552,0.997256379348282,1,"E130317F20Rik"
"ENSMUSG00000092035.10",14019.1303835665,0.119205195484948,0.120071391467221,0.992785991969535,0.99999999999989,1,"Peg10"
"ENSMUSG00000092060.5",943.345695760867,-0.17641237766103,0.0974306809895424,-1.81064502340864,1,1,"Bend4"
"ENSMUSG00000092074.3",402.338622534336,-0.285577564886953,0.101656698878505,-2.80923508275888,0.999999999998951,1,"Dynlt1a"
"ENSMUSG00000092085.3",10.2643812007207,-0.295877617127377,0.204795899044227,-1.44474385721699,0.999707166304245,1,"Gm17224"
"ENSMUSG00000092086.3",8.07896798992367,-0.0949447787453088,0.240459884738893,-0.394846644996133,0.999918979236186,1,"Gm6793"
"ENSMUSG00000092118.2",207.847697501559,0.124379288951054,0.0613139676984907,2.02856369632912,1,1,"Fancf"
"ENSMUSG00000092124.4",9.58788797851709,-0.183566751232382,0.152555701730357,-1.20327689591594,0.999999956435542,1,"B930094E09Rik"
"ENSMUSG00000092165.11",22.377104286523,0.294698059895028,0.269115290337843,1.09506248985358,0.995614784940233,1,"Gm5624"
"ENSMUSG00000092167.9",76.9475782792545,-0.212991211277217,0.215963082710471,-0.986238984015438,0.999865887977632,1,"Gm3696"
"ENSMUSG00000092183.3",19.6342654415058,-0.0369807983160595,0.14746798887959,-0.250771700333249,0.999999999968213,1,"4930515G01Rik"
"ENSMUSG00000092187.3",151.922191310094,0.290923934302785,0.100158559942087,2.90463375742425,0.999999999999277,1,"Gm20457"
"ENSMUSG00000092192.8",39.7260361397232,0.0297032932034727,0.100730566471545,0.294878647504316,1,1,"Dnaaf4"
"ENSMUSG00000092193.2",8.89602425078898,0.147701009013077,0.154335716621417,0.957011197708593,0.999999983277226,1,"Cd9-ps"
"ENSMUSG00000092203.10",1240.94623289738,0.41542128759656,0.138274006686788,3.00433391315227,0.999988194510955,1,"1110038B12Rik"
"ENSMUSG00000092210.2",81.0267821223602,-0.238904473058798,0.192180590108221,-1.24312488021951,0.999962574456573,1,"A930009A15Rik"
"ENSMUSG00000092224.3",8.13054203892919,-0.352512915891007,0.200834764440265,-1.7552385259269,0.999367886888737,1,"Gm8815"
"ENSMUSG00000092229.4",12.2969498713153,-0.0577173352396021,0.299081769210526,-0.192981790203917,0.999387977662165,1,"Gm5977"
"ENSMUSG00000092241.3",16.2840432614399,0.154746708637365,0.15916566455706,0.972236751362219,0.999999945345352,1,"Gm20522"
"ENSMUSG00000092242.3",80.2811116750476,-0.801892687534551,0.173153499137411,-4.63110876493571,0.87371178284026,1,"Gm20515"
"ENSMUSG00000092257.2",156.877278933505,0.380172439294459,0.102820340311344,3.69744389235907,0.999999999171319,1,"Gm2308"
"ENSMUSG00000092260.8",149.353231211434,-0.262721808098885,0.0798966936533684,-3.28826883924262,1,1,"Zfp963"
"ENSMUSG00000092274.6",2540.66593870745,0.59210015328137,0.185481651257308,3.19223033258413,0.986065963374197,1,"Neat1"
"ENSMUSG00000092300.8",34.6372374864069,-0.178462827665227,0.123502959631491,-1.44500850989908,0.99999999998554,1,"Cdk3"
"ENSMUSG00000092341.7",44464.6818359635,-0.229729476050848,0.115775292255925,-1.98427031860152,0.999999999985656,1,"Malat1"
"ENSMUSG00000092353.3",11.0869747857858,-0.0887228051071124,0.173152913237368,-0.512395682222718,0.999999929240148,1,"Gm3363"
"ENSMUSG00000092365.4",38.8470908113753,-0.984384048435057,0.181599048895337,-5.42064539667495,0.534263362446549,1,"BC023719"
"ENSMUSG00000092367.2",17.0461373454975,-1.158443677537,0.627909507714851,-1.84492138326257,0.400684534545895,1,"Gm20479"
"ENSMUSG00000092368.4",133.82424628326,-0.428617308847742,0.107568017764486,-3.98461659660008,0.999999945734167,1,"A930015D03Rik"
"ENSMUSG00000092384.10",19.075602997927,0.106141978295836,0.124721391732521,0.851032664255939,0.999999999999616,1,"Gm4189"
"ENSMUSG00000092402.3",19.5858571092462,-0.0901461179481459,0.270662178648543,-0.333057682452196,0.999640679849883,1,"Gm20485"
"ENSMUSG00000092412.2",16.4402377895346,0.268682120841534,0.475331073940224,0.565252590398335,0.941845511150775,1,"Gm20507"
"ENSMUSG00000092416.3",651.163670054831,-0.220452624618398,0.0676309151189858,-3.25964278659467,1,1,"Zfp141"
"ENSMUSG00000092417.4",277.362678249074,0.061805523385259,0.0926785631996015,0.666880465681677,1,1,"Gpank1"
"ENSMUSG00000092470.2",10.3700656163076,-0.623436684586916,0.202593847877142,-3.07727352592159,0.968465908920786,1,"Gm20518"
"ENSMUSG00000092500.3",17.3475952579745,-1.25410804485817,0.261311101374879,-4.79929110649999,0.165417108693,1,"Gm20400"
"ENSMUSG00000092558.4",859.760723108442,0.156270249906174,0.0420283119785072,3.71821380754213,1,1,"Med20"
"ENSMUSG00000092564.5",49.6317197245778,-0.642371701727968,0.109341000093188,-5.87493896324796,0.999463707758888,1,"BC051226"
"ENSMUSG00000092569.5",52.0334727537678,-0.278975905333566,0.135288523163551,-2.06208109017726,0.999999950766076,1,"Gm20544"
"ENSMUSG00000092574.6",21.6822956937283,2.02195938614617,0.822815082255968,2.45736791868524,0.107233109224875,1,"2810047C21Rik1"
"ENSMUSG00000092595.3",115.798733341232,0.318896720867313,0.143859219872386,2.21672772277091,0.99999890208897,1,"Gm20427"
"ENSMUSG00000092607.10",700.921351145078,-0.319953822361857,0.0757902544962327,-4.221569441725,1,1,"Scnm1"
"ENSMUSG00000092624.4",48.1428046675248,-0.715023052443163,0.148897807222958,-4.80210599322323,0.972184148323668,1,"Gm3654"
"ENSMUSG00000092627.5",321.622940904939,-0.257776396240468,0.111800932573235,-2.30567304142666,0.999999999984187,1,"D130058E05Rik"
"ENSMUSG00000092837.3",29.9055079628242,0.545488439710931,0.189684561599218,2.87576614096558,0.991715714476647,1,"Rpph1"
"ENSMUSG00000093384.2",16.0909962225405,-0.207526729774407,0.372716745569116,-0.556794756987713,0.983855094969035,1,"Gm20689"
"ENSMUSG00000093387.3",10.5787668625753,0.524479967115391,0.225526387853922,2.32558137478399,0.982505667303773,1,"Gm20732"
"ENSMUSG00000093392.2",8.49978878098239,0.798504950880644,0.413177010550182,1.9325977256512,0.68711578747671,1,"Gm6061"
"ENSMUSG00000093402.2",36.6680622188702,0.346560682780753,0.177799611896227,1.94916445027463,0.999881142717871,1,"Gm18588"
"ENSMUSG00000093405.3",33.4232012073069,-1.22667544729656,0.225001192064939,-5.45186199254679,0.156861425682711,1,"Gm20684"
"ENSMUSG00000093424.6",29.8078145559445,0.480497242753996,0.106615729159431,4.50681383077604,0.999999449486501,1,"6330562C20Rik"
"ENSMUSG00000093436.8",49.6625673993779,0.191183538056192,0.141552045807371,1.35062363080475,0.999999994479716,1,"Gm20646"
"ENSMUSG00000093445.8",434.824919401045,-0.274968008793622,0.158193247396566,-1.73817791415786,0.99999771048007,1,"Lrch4"
"ENSMUSG00000093452.6",1081.59320734048,0.265146485846706,0.0773082074530436,3.42973268404592,1,1,"Zfhx2os"
"ENSMUSG00000093460.12",41.166890864974,-0.291455152531735,0.185442693478435,-1.57167234289351,0.999933498115151,1,"Six3os1"
"ENSMUSG00000093483.4",64.6997444907901,-0.330748817848877,0.124445229283075,-2.65778623860722,0.999999962315439,1,"AA465934"
"ENSMUSG00000093484.2",41.9614134005277,0.953023941693762,0.443441807086925,2.14915221447974,0.542188390775861,1,"Gm20657"
"ENSMUSG00000093485.2",26.4555318545052,-1.6299582179996,0.577169664138261,-2.82405386019932,0.137537625759992,1,"Gm20708"
"ENSMUSG00000093536.8",24.3118147780213,-0.876589958808206,0.237390587244883,-3.69260621906608,0.69841967204966,1,"Smim17"
"ENSMUSG00000093553.3",81.2798967555457,-0.182074980149788,0.101653317398357,-1.79113662799883,1,1,"Gm20633"
"ENSMUSG00000093565.4",62.3382308515261,0.172282664415975,0.136268869907207,1.26428482553126,0.999999999376763,1,"Rab26os"
"ENSMUSG00000093575.2",51.4311914116287,-0.34302758931234,0.13074516725417,-2.62363494205098,0.999999748062388,1,"Gm20695"
"ENSMUSG00000093577.3",134.731659217596,0.0520936840238133,0.101071030665306,0.515416570711744,1,1,"Gm20632"
"ENSMUSG00000093579.3",38.8908791672189,-0.269616216529359,0.107706253839628,-2.50325498211841,0.999999999994043,1,"Gm20036"
"ENSMUSG00000093587.6",140.961056490682,-0.541006614840208,0.0956139200511866,-5.65824112797156,0.999999208598952,1,"Gm20554"
"ENSMUSG00000093594.2",11.1670461939943,-0.648875874951072,0.152401598662266,-4.25767105231639,0.989386991435502,1,"Gm20707"
"ENSMUSG00000093606.4",52.8923788621844,0.0150964239671981,0.100714400657279,0.149893400235481,1,1,"B130034C11Rik"
"ENSMUSG00000093625.2",19.1572916963715,0.459507864071687,0.465140706195697,0.987890025428907,0.878232843011528,1,"Gm18953"
"ENSMUSG00000093629.3",15.5454091702248,-0.310421432240926,0.164146117504206,-1.89112869046672,0.999986713330798,1,"Prox2os"
"ENSMUSG00000093661.2",79.6036113749633,-0.866643312050617,0.186468885572881,-4.64765641403423,0.762747559038435,1,"Eif4e3"
"ENSMUSG00000093672.4",14.2136209936839,0.637644056525611,0.207204130415939,3.07737135956514,0.959836100090877,1,"Gm20655"
"ENSMUSG00000093674.8",18569.056733046,0.69667684945883,0.0898141945412315,7.75686797635314,0.999633900394328,1,"Rpl41"
"ENSMUSG00000093677.2",61.0209350525818,0.0661566752282216,0.0743678750753174,0.889586735686884,1,1,"Gm20712"
"ENSMUSG00000093726.2",243.965007323554,0.562197595699433,0.147532457074969,3.8106705930733,0.998498833222813,1,"Gm20667"
"ENSMUSG00000093752.2",7629.25828470856,-0.498254126163564,0.0490656742184682,-10.1548411205979,1,1,"Gm20716"
"ENSMUSG00000093769.5",40.4652964529482,-1.27570255305749,0.737249347083799,-1.73035426630563,0.355228437920679,1,"H3c14"
"ENSMUSG00000093798.3",9.14565864639282,-0.377579421782089,0.206508092513567,-1.82840012314425,0.998710967715484,1,"Gm8355"
"ENSMUSG00000093803.7",857.619426235762,0.0723498015472493,0.0663778483438278,1.08996906878463,1,1,"Ppp2r3d"
"ENSMUSG00000093880.4",69.4275478651156,0.285813338522387,0.104455017169882,2.73623370390674,0.999999999995964,1,"Tmem181c-ps"
"ENSMUSG00000093904.3",8814.853512167,0.505868380879678,0.0547910328033489,9.23268562385556,1,1,"Tomm20"
"ENSMUSG00000093930.3",28310.0579053955,-0.286283125223433,0.112914103181571,-2.53540627040252,0.999999999869964,1,"Hmgcs1"
"ENSMUSG00000093938.3",34.978450695082,0.171442475417052,0.387323532127965,0.44263377046869,0.985035151821434,1,"Evi2b"
"ENSMUSG00000093979.9",93.963338495203,0.918406281202113,0.170352919958867,5.39119776417023,0.684019556644556,1,"Gm2237"
"ENSMUSG00000093989.2",1534.56846867282,0.205565519801512,0.0897535824085784,2.29033219939602,1,1,"Rnasek"
"ENSMUSG00000094002.7",24.2584728082888,-0.535004000692379,0.202352068273498,-2.64392652497759,0.989217832128836,1,"Silc1"
"ENSMUSG00000094076.8",48.4639028435829,0.0208082726650428,0.889999997892196,0.023380081701487,0.990076719432039,1,"Gm4767"
"ENSMUSG00000094090.3",14.4664790354846,-0.374214414830005,0.168539268298021,-2.22033961941911,0.999897589831887,1,"Gm8494"
"ENSMUSG00000094122.2",9.75858500622454,0.507832674792134,0.368045969344194,1.37980773352041,0.909449464773601,1,"Rpl31-ps9"
"ENSMUSG00000094132.9",12.335490397491,0.215183750193498,0.30490624311457,0.705737435860379,0.995006572957034,1,"Gm3264"
"ENSMUSG00000094257.3",8.19942024855452,0.300495113742391,0.328571766276015,0.914549406201755,0.983407583146417,1,"Ap3s1-ps2"
"ENSMUSG00000094344.2",11.6462231888376,0.553421208927459,0.170043319430366,3.25458954095571,0.99568361899651,1,"Gm11942"
"ENSMUSG00000094365.2",31.7640808312468,-0.446825576864398,0.246231832890115,-1.81465398531067,0.987665900405382,1,"Gm21982"
"ENSMUSG00000094378.8",351.130718931859,-0.471641052229106,0.215616161599718,-2.18741048319322,0.992866324789144,1,"Gm15097"
"ENSMUSG00000094392.2",11.8739321378154,0.350055743520401,0.145886583769021,2.39950607161133,0.999995807956319,1,"Gm3788"
"ENSMUSG00000094410.9",5328.46027205998,-0.260799197297266,0.108794856987832,-2.39716476052204,0.999999999994564,1,"Zbed6"
"ENSMUSG00000094437.3",37.8775720167054,0.534153631421278,0.325057588370515,1.64325845798261,0.924089336542774,1,"Gm9830"
"ENSMUSG00000094441.3",822.631530482263,-0.0693522640027445,0.0500154764536222,-1.38661608206517,1,1,"Zfp955a"
"ENSMUSG00000094463.3",16.4753586079897,0.0309396781784137,0.159312478498488,0.194207500065397,0.999999999457982,1,"Gm8546"
"ENSMUSG00000094475.9",407.025275327071,-0.18541635108177,0.382493545347331,-0.484756810506171,0.984370702634041,1,"Gm11007"
"ENSMUSG00000094483.3",16840.7577629592,0.0648851046884872,0.0568103233737017,1.14213580974833,1,1,"Purb"
"ENSMUSG00000094530.3",6.77550868799212,0.0348533168847564,0.600271518928594,0.0580625863225446,0.988422149160266,1,"Gm21399"
"ENSMUSG00000094568.2",11.8094028584035,-0.236874935426394,0.19106421129682,-1.23976611746721,0.999967526592708,1,"Smarce1-ps1"
"ENSMUSG00000094595.2",192.736763394185,-0.222910080252727,0.0704326423111749,-3.16486891501101,1,1,"Fsbp"
"ENSMUSG00000094622.4",792.048930104953,0.171699548817115,0.079764484146184,2.15258144843564,1,1,"Gm3055"
"ENSMUSG00000094626.2",113.016103499126,-1.13040063271222,0.148372045860411,-7.61869007168443,0.189734251804164,1,"Tmem121b"
"ENSMUSG00000094638.2",29.6297304922201,-0.579879447035635,0.125931295517601,-4.60472867091712,0.999575201069559,1,"Gm21972"
"ENSMUSG00000094664.2",213.473903324704,1.05122062997138,0.638817126507161,1.64557364909596,0.468708324440977,1,"Rpl35a-ps6"
"ENSMUSG00000094690.3",16.6531504055588,1.03256487412873,0.179589529461642,5.7495828249234,0.428054488003003,1,"1600014C23Rik"
"ENSMUSG00000094707.5",61.9614934010242,0.132911181028465,0.161049397531489,0.825282075348824,0.999999963575318,1,"A830019P07Rik"
"ENSMUSG00000094775.2",64.0344585551086,0.0830622726508997,0.527850663459862,0.157359416973084,0.978909501556753,1,"Gm2759"
"ENSMUSG00000094777.3",327.440064900971,-0.505808663144873,0.191301398709334,-2.64404059017575,0.995107171056665,1,"H2ac24"
"ENSMUSG00000094786.3",159.658835707097,-0.256613378330197,0.0688264843001231,-3.72841037777282,1,1,"Gm14403"
"ENSMUSG00000094845.3",10.0332650374893,0.204723409417891,0.148511757103207,1.37849967848418,0.999999957215628,1,"Tmem95"
"ENSMUSG00000094852.4",7.0574176301476,0.671303060233944,0.234260123438403,2.86563095067462,0.919710664338041,1,"Gm9034"
"ENSMUSG00000094870.9",3735.02181018755,0.096438854697315,0.0609478063257872,1.58231871680198,1,1,"Zfp131"
"ENSMUSG00000094910.2",1178.80662209367,0.148187518677922,0.11148899130428,1.32916727422426,0.999999999999989,1,"D430019H16Rik"
"ENSMUSG00000094932.9",541.514546785001,-0.178325697088888,0.141697115076641,-1.25849913734966,0.999999996660594,1,"Gm2007"
"ENSMUSG00000094936.9",777.276603886572,-0.0692337708018441,0.0792433558138578,-0.873685498182004,1,1,"Rbm4"
"ENSMUSG00000094942.8",117.356991331374,-0.891210472107976,0.102024515573613,-8.73525806123481,0.856857718039196,1,"Gm3604"
"ENSMUSG00000094955.3",16.1567882544967,0.269315848255085,0.45452897806823,0.592516343841684,0.948648930562384,1,"Gm3699"
"ENSMUSG00000095041.8",10483.9591673599,-0.303704172009113,0.0660656699056844,-4.59700435101441,1,1,"ENSMUSG00000095041"
"ENSMUSG00000095098.3",887.826194728499,0.426269511665082,0.126767183634268,3.36261719669421,0.999996992476223,1,"Ccdc85b"
"ENSMUSG00000095101.3",9.48454874378643,0.651939437394239,0.310382278423931,2.10044027224968,0.868939777085973,1,"Gm13285"
"ENSMUSG00000095115.3",95.919601767534,-0.23026684287652,0.321124808922267,-0.717063386193432,0.991798608032651,1,"Itpripl2"
"ENSMUSG00000095123.2",209.72129947639,-0.0318758791920709,0.111272577929496,-0.286466619046679,1,1,"Gm21781"
"ENSMUSG00000095134.3",70.8357813264462,-0.157143776696144,0.110963003135832,-1.41618172053058,0.999999999999985,1,"Mid1-ps1"
"ENSMUSG00000095139.3",1025.79279046421,-0.655252699135681,0.120985251671743,-5.41597169970363,0.997810589826666,1,"Pou3f2"
"ENSMUSG00000095159.3",11.7421580700451,0.130857169273123,0.178276628217978,0.734011914972529,0.999999456754111,1,"Tubb4b-ps1"
"ENSMUSG00000095180.11",1036.48267553769,-0.948463872156789,0.338651307867959,-2.80070931403754,0.560477720479677,1,"Rhox5"
"ENSMUSG00000095193.6",51.1818279881374,0.158956968984919,0.18278112356763,0.869657467260857,0.999997901478764,1,"Gm20939"
"ENSMUSG00000095253.5",525.185145938191,0.0910145475640574,0.0870880905928781,1.04508603810749,1,1,"Zfp799"
"ENSMUSG00000095294.3",12.0956774601603,-1.2512517534757,0.342242593257926,-3.65603749540525,0.231433688522769,1,"Potefam3b"
"ENSMUSG00000095315.4",140.187918220576,-0.525189543744216,0.0898476614267537,-5.84533348341365,0.999999937015903,1,"Zfp1001"
"ENSMUSG00000095325.4",476.161908741814,0.14341201872913,0.105809817551036,1.35537535219694,1,1,"Zfp870"
"ENSMUSG00000095362.8",478.381547139,-0.19246045797491,0.0730058959848656,-2.63623170948833,1,1,"Gm14325"
"ENSMUSG00000095366.4",34.3679302870492,0.0434541855739188,0.17900516454162,0.242753809283617,0.999999957245084,1,"G530011O06Riky"
"ENSMUSG00000095419.2",13.3040061530851,0.584737990007706,0.178672103821421,3.27268766361053,0.989941457883719,1,"Gm14328"
"ENSMUSG00000095427.3",6.77648145108297,0.575807837167734,0.223284710119359,2.5788054939361,0.971269100539496,1,"Rps2-ps6"
"ENSMUSG00000095432.10",726.695507933173,-0.323112914712143,0.058447548670286,-5.52825434193804,1,1,"Zfp748"
"ENSMUSG00000095440.3",163.081104401663,0.269744932522959,0.0872859269668096,3.09035994571644,1,1,"Fignl2"
"ENSMUSG00000095463.9",1467.1239532515,0.99543488710364,0.0998400965853815,9.9702917079248,0.518234979787988,1,"Entpd4"
"ENSMUSG00000095538.2",27.6409990832882,0.25125849135474,0.302273795382068,0.831228161995168,0.993393381164367,1,"Gm21983"
"ENSMUSG00000095562.10",739.75548883169,0.428973363278295,0.104073356025834,4.12183655509112,0.999999979532599,1,"Erdr1x"
"ENSMUSG00000095567.9",3496.64894219266,0.143850054903486,0.0435150635144324,3.30575307228441,1,1,"Noc2l"
"ENSMUSG00000095588.2",8.71968388138069,0.261096817366009,0.179718613959815,1.45280898629894,0.999980340467183,1,"Gm12350"
"ENSMUSG00000095595.3",2081.82217404035,-0.385304006344791,0.0436828688039117,-8.82048310687616,1,1,"Fam177a"
"ENSMUSG00000095597.4",228.062802098314,0.66052685729546,0.258573148141921,2.55450676932982,0.905386760648245,1,"Rps7-ps3"
"ENSMUSG00000095609.4",15.3386745646799,-1.28956777603145,0.321354782301548,-4.01290986490241,0.183771727589365,1,"Anxa2r1"
"ENSMUSG00000095621.2",114.9901350736,-1.59882873431688,1.0286714455529,-1.55426569020542,0.28599888475008,1,"Gm15085"
"ENSMUSG00000095648.9",672.280533121358,-0.284383938910155,0.0750612876527263,-3.78868985336179,1,1,"Gm2004"
"ENSMUSG00000095677.3",2535.4851978975,0.138819563246393,0.0900183179193981,1.54212571901967,1,1,"Dynlt1f"
"ENSMUSG00000095730.4",41.5580967522632,-0.1882222124851,0.196997757339988,-0.955453579911866,0.999981118459682,1,"Vmn2r29"
"ENSMUSG00000095789.7",20.2637548318798,0.454148653532959,0.269540174263567,1.68490153563852,0.978572540752805,1,"Nupr2"
"ENSMUSG00000095865.2",1831.88038563017,-0.100505103724202,0.122938977953909,-0.817520247824759,0.999999999999873,1,"Gm13237"
"ENSMUSG00000095872.8",599.363561476624,-1.10896495381094,0.183364492505277,-6.04787185708283,0.276171355941111,1,"Gm15128"
"ENSMUSG00000095930.2",738.546129491633,0.0206898482215007,0.0901401778363521,0.229529702715506,1,1,"Nim1k"
"ENSMUSG00000095990.2",272.801876109168,0.448330083891478,0.0904826686482317,4.95487246993615,0.999999999459504,1,"Zfp97"
"ENSMUSG00000095993.4",61.4270874107918,0.539678615803105,0.126729000198352,4.25852500184188,0.999859562485496,1,"Gm21060"
"ENSMUSG00000096006.2",258.919433987157,-0.0892062129024182,0.0921124153273985,-0.968449395071765,1,1,"Gm21596"
"ENSMUSG00000096054.4",3794.22698653188,0.546129635226708,0.100562547979603,5.43074580148346,0.999996808880217,1,"Syne1"
"ENSMUSG00000096056.2",453.570748252422,-0.309625663046362,0.149244359785909,-2.0746222067656,0.999998134210322,1,"Gm21986"
"ENSMUSG00000096140.3",12.9818147942767,1.12722256252956,0.225435462221155,5.00020072895073,0.286260908434025,1,"Ankrd66"
"ENSMUSG00000096145.3",771.998094990566,0.192477929836424,0.0888436264559358,2.16647988735453,1,1,"Vkorc1"
"ENSMUSG00000096146.3",57.7492584177235,-0.211288641393056,0.198641303826371,-1.06366922348506,0.999964144152589,1,"Kcnj11"
"ENSMUSG00000096171.2",19.8534539979668,0.471640248054474,0.151341786077564,3.11639144930372,0.999759544025247,1,"Gm8055"
"ENSMUSG00000096188.2",4862.82189933514,-0.323675112205939,0.0721042454020033,-4.48898827525828,1,1,"Cmtm4"
"ENSMUSG00000096199.3",411.583390063161,-0.187118132246134,0.0499202824473625,-3.74833881285503,1,1,"Ptrhd1"
"ENSMUSG00000096210.3",6465.11790130905,-0.252108278064635,0.0809941263770459,-3.11267358932936,1,1,"H1f0"
"ENSMUSG00000096221.5",77.8240368965401,-0.263973276068957,0.0951717002767203,-2.77365304288387,0.999999999999995,1,"1500002C15Rik"
"ENSMUSG00000096255.3",5612.57797351684,-0.00979456430977135,0.0725843629898383,-0.134940418381058,1,1,"Dynlt1b"
"ENSMUSG00000096299.6",11.0736244361341,-0.918978170009709,0.216910446412948,-4.23667087135205,0.645621738658087,1,"Gm21814"
"ENSMUSG00000096351.3",11.5812936555934,0.0653718223162816,0.203295104376215,0.321561222621994,0.999997941046572,1,"Samd11"
"ENSMUSG00000096356.4",18.7159207138731,0.738615150256848,0.177032400750469,4.17220320758086,0.930092498189591,1,"Or8b40"
"ENSMUSG00000096370.9",160.862550694538,0.297572931733561,0.215794029856851,1.3789673974343,0.999433200962972,1,"Gm21992"
"ENSMUSG00000096403.3",14.4295821745514,0.203783322254175,0.152341176991789,1.33767722081574,0.999999913642497,1,"Rnps1-ps"
"ENSMUSG00000096433.3",431.748465489085,-0.333388208475142,0.0831305255771814,-4.01041862974405,0.999999999999999,1,"Zfp994"
"ENSMUSG00000096458.8",245.242371845594,-0.30655692814899,0.0874947387457883,-3.50371842402634,0.999999999999999,1,"Moap1"
"ENSMUSG00000096472.3",896.915117157392,-0.207129407498606,0.0974516210253227,-2.12545882068789,1,1,"Cdkn2d"
"ENSMUSG00000096544.3",168.54852654092,-0.394999004591717,0.0666741789547787,-5.92431749117784,1,1,"Gm4617"
"ENSMUSG00000096549.10",26.7241310551911,-0.301913408078781,0.163847932953812,-1.8426439847971,0.999989804969348,1,"Prickle4"
"ENSMUSG00000096687.9",500.620148638345,0.834688797204263,0.0913832986521029,9.13393157738736,0.964773491482267,1,"Mfsd4b4"
"ENSMUSG00000096696.2",199.527331671535,0.396855254871745,0.0975096711040417,4.06990660904091,0.999999999690444,1,"Zfp960"
"ENSMUSG00000096718.3",546.774214711374,-0.314644160942183,0.0733003057225657,-4.29253545180397,1,1,"Zfp781b"
"ENSMUSG00000096740.9",517.606303852963,-0.0444778555040509,0.0862132078600887,-0.515905353808803,1,1,"Lbhd1"
"ENSMUSG00000096753.8",19.6788986163524,0.0606050381124661,0.429117498909996,0.141231803099173,0.992431959915118,1,"Fam181a"
"ENSMUSG00000096764.2",50.4979617235953,-0.495007877171425,0.541727000020453,-0.913758917596383,0.827273312385111,1,"Gm21985"
"ENSMUSG00000096768.11",1935.9852902893,0.273909865078103,0.0945306080348862,2.89757858086576,0.999999999999992,1,"Erdr1y"
"ENSMUSG00000096795.5",246.582794784095,0.140296745486877,0.0753704544940404,1.86142894359182,1,1,"Zfp433"
"ENSMUSG00000096810.2",11.118344466883,0.36831021837365,0.202698204341534,1.81703740084973,0.999084648017091,1,"Gm10481"
"ENSMUSG00000096847.3",397.224961166918,-1.03144198929886,0.103733112138586,-9.94322804005789,0.380905052890475,1,"Tmem151b"
"ENSMUSG00000096856.8",410.499230146288,-0.200327858602799,0.135215279507018,-1.4815474947297,0.999999998331184,1,"Gm10778"
"ENSMUSG00000096870.6",8.38189932150471,-0.578390591494197,0.18891105312332,-3.06170857624,0.987185508832724,1,"Gm21816"
"ENSMUSG00000096883.3",107.717005734479,-0.0501088380971855,0.198555309830335,-0.252367152205616,0.999999202430203,1,"Shisa8"
"ENSMUSG00000096910.3",953.930925813906,-0.152378634929004,0.0834614289647362,-1.82573719164797,1,1,"Zfp955b"
"ENSMUSG00000096914.5",29.2620841489539,-0.251481445046103,0.277522177460814,-0.906167021846794,0.996506446699839,1,"Galntl6"
"ENSMUSG00000096916.8",363.195155473496,-0.481217487229347,0.0994412744272567,-4.83921279168005,0.999999909064961,1,"Zfp850"
"ENSMUSG00000096917.5",173.920697699494,0.311356794623355,0.120962646341684,2.57399126126807,0.999999993759545,1,"2500002B13Rik"
"ENSMUSG00000096929.10",77.2117909949669,-0.305799899546533,0.209735885692052,-1.45802373560206,0.999533316278302,1,"A330023F24Rik"
"ENSMUSG00000096932.4",37.3491937690731,0.0355185437691021,0.106982506523899,0.332003286548232,1,1,"5033403F01Rik"
"ENSMUSG00000096935.8",54.9032036544296,-0.782051703726091,0.134331610119547,-5.8217995230617,0.947648057844063,1,"1700113A16Rik"
"ENSMUSG00000096942.2",75.5287172102451,0.514769243598699,0.105178419381398,4.8942477613401,0.99999801938321,1,"Rps19-ps6"
"ENSMUSG00000096948.5",74.0589367395091,-0.0214771985910813,0.123791383290706,-0.173495101356492,0.999999999999999,1,"Gm4221"
"ENSMUSG00000096950.4",10.8148478599136,0.30819151204856,0.282829424982599,1.08967273142645,0.992779865990593,1,"Gm9530"
"ENSMUSG00000096959.3",17.382392651153,-0.289901523441633,0.143816078856407,-2.01577963845813,0.999999604440852,1,"4930509G22Rik"
"ENSMUSG00000096974.5",53.1097718439672,-0.109796037511717,0.201048470759346,-0.546117247731482,0.999995257159737,1,"Gm26881"
"ENSMUSG00000096977.4",56.8121876602072,-0.760257229062648,0.298964227680496,-2.54297055858849,0.788697846575885,1,"Gm10827"
"ENSMUSG00000096981.4",14.1061716300617,0.368563770385471,0.147228123160461,2.50335168630644,0.999991019116524,1,"Gm16845"
"ENSMUSG00000096986.4",12.7008104309024,0.333000866145846,0.161451045813327,2.06255007187051,0.999981962391239,1,"4930509E16Rik"
"ENSMUSG00000096988.3",10.5021099452627,-0.106830646396419,0.1751733096112,-0.609856870510303,0.999999829203081,1,"A930029G22Rik"
"ENSMUSG00000096995.5",78.9663152372607,-0.361672361253623,0.101273740510737,-3.57123534126084,0.999999999854024,1,"2810029C07Rik"
"ENSMUSG00000096999.3",14.9823817125703,-1.08326964523273,0.302679982013051,-3.57892728163974,0.391616682592857,1,"Gm26793"
"ENSMUSG00000097000.5",52.1630314143647,0.466068253605718,0.141343351432222,3.2974190075662,0.999920811022768,1,"Gm17435"
"ENSMUSG00000097006.10",83.1700191972432,-0.0971657550796638,0.111012650905518,-0.875267406796373,1,1,"9530082P21Rik"
"ENSMUSG00000097021.9",13.1632147177615,0.585255062046462,0.158184272439905,3.69983091883426,0.995628075078254,1,"4933433G15Rik"
"ENSMUSG00000097032.5",27.2092567505337,0.150784378757439,0.157036502759693,0.960186810758126,0.999999968091076,1,"4930539J05Rik"
"ENSMUSG00000097039.11",1577.07533357254,0.314784961821011,0.0892529309969507,3.52688654932538,0.999999999999992,1,"Pvt1"
"ENSMUSG00000097042.4",109.423146965028,-0.379405606278475,0.131457774905425,-2.88614048542531,0.999998825780473,1,"Gm17491"
"ENSMUSG00000097047.4",20.2528093853373,-0.399994393367747,0.138005479668127,-2.89839500815219,0.99999312118419,1,"1110020A21Rik"
"ENSMUSG00000097048.10",359.24604254532,-0.337188914300439,0.140013596077246,-2.4082583673832,0.999998898796689,1,"1600020E01Rik"
"ENSMUSG00000097049.3",10.2612650345612,-0.569141837633326,0.191941551081183,-2.96518306967627,0.987607466073281,1,"6530411M01Rik"
"ENSMUSG00000097055.4",54.6461606983986,-0.304585643693015,0.164891582557571,-1.84718733951546,0.999987643430088,1,"Gm4419"
"ENSMUSG00000097061.4",274.199920216203,0.216672805788451,0.101243354293888,2.14011879890403,0.999999999999995,1,"9330151L19Rik"
"ENSMUSG00000097073.9",75.7618586256257,-0.42622218690648,0.110459069644601,-3.85864364309639,0.999999897355503,1,"9430037G07Rik"
"ENSMUSG00000097075.4",23.2025900556939,0.115137999561712,0.188751452829535,0.609997951463161,0.999998622119893,1,"Cdiptos"
"ENSMUSG00000097077.3",16.1522790905064,-0.233951115245199,0.130634331779312,-1.7908853825687,0.999999997741717,1,"Gm16712"
"ENSMUSG00000097080.11",210.210375144198,0.2209414056888,0.0963157496115215,2.29392811227594,1,1,"1700086O06Rik"
"ENSMUSG00000097093.5",68.8375005640675,0.102467292227499,0.109734991127348,0.933770451656442,1,1,"C330013E15Rik"
"ENSMUSG00000097099.5",12.6237974689368,0.21279146370148,0.266366786581286,0.79886635429505,0.998441098205405,1,"Gm9917"
"ENSMUSG00000097113.10",116.202482677348,0.406119242217326,0.152005740853505,2.67173621165218,0.9999532682101,1,"Gm19705"
"ENSMUSG00000097115.5",8.94911018075116,0.262295976984921,0.157656102295698,1.66372232451213,0.999998559999638,1,"1810019N24Rik"
"ENSMUSG00000097119.4",1086.00924783694,-0.234899676532264,0.0841919909883466,-2.79004776790203,1,1,"B230354K17Rik"
"ENSMUSG00000097121.4",71.6288504904821,0.343538287575088,0.131777531338626,2.60695646735334,0.999999684681283,1,"D130020L05Rik"
"ENSMUSG00000097129.3",13.3038930812221,-0.11905669792835,0.176064338583816,-0.676211315056697,0.999999718654909,1,"4930507D05Rik"
"ENSMUSG00000097130.2",9.73532940665059,0.587253105531807,0.157334673798944,3.73250912435394,0.995646753090579,1,"Gm5262"
"ENSMUSG00000097140.2",25.2011952798841,-0.62783260536484,0.104155832977689,-6.02781992535477,0.999823662986408,1,"Gm26779"
"ENSMUSG00000097141.3",13.3246729542987,-0.338300205245852,0.319874669935948,-1.05760235817858,0.980723548463513,1,"Gm10524"
"ENSMUSG00000097145.8",221.76041243343,-0.49704774620237,0.0889711212600302,-5.58661888445443,0.999999992115664,1,"9230114K14Rik"
"ENSMUSG00000097148.3",37.7986606480447,0.384166903187087,0.130429017950358,2.94540976558837,0.999998829992882,1,"Gapdhrt"
"ENSMUSG00000097150.2",9.69161282872869,0.270757778279311,0.16134029666111,1.67817825975632,0.999996906577048,1,"Gm26513"
"ENSMUSG00000097154.5",24.147130537529,0.938300964191679,0.160716142264515,5.83824966783595,0.6494739676902,1,"Gm26510"
"ENSMUSG00000097156.10",3724.18946197056,-0.466214976810043,0.112469152047551,-4.14526977684452,0.999998962899351,1,"Gm3764"
"ENSMUSG00000097157.4",23.7181357732224,-0.494762109307701,0.208064824655264,-2.37792289075031,0.992414509905781,1,"Gm26512"
"ENSMUSG00000097162.5",129.97604403991,0.470151593136249,0.123235088491926,3.81507895916391,0.999991440537922,1,"2310010J17Rik"
"ENSMUSG00000097164.5",709.606698142761,0.168525524268461,0.0887976019636865,1.89786120955585,1,1,"Cep83os"
"ENSMUSG00000097166.4",39.7893220079064,1.06162403307137,0.232737456791527,4.56146615893595,0.395589788112339,1,"9330179D12Rik"
"ENSMUSG00000097167.4",99.9011206313123,-0.461889398658416,0.120230786671369,-3.84168989861901,0.999996190993058,1,"Gm16740"
"ENSMUSG00000097174.5",55.5546421347042,0.307851042259435,0.165823012447121,1.85650373682366,0.999985036580161,1,"Gm4890"
"ENSMUSG00000097177.10",230.297530705505,-0.30160049352946,0.0695996975631922,-4.33335925426436,1,1,"9330159M07Rik"
"ENSMUSG00000097180.8",145.941454476731,-0.253474447381687,0.11031698436651,-2.29769195411978,0.99999999999343,1,"2700038G22Rik"
"ENSMUSG00000097184.5",16.9501549561545,0.297757454345823,0.20523719446298,1.45079674824502,0.999688747507751,1,"4632428C04Rik"
"ENSMUSG00000097187.3",40.4399918089469,-0.0202145790552322,0.141674107366558,-0.142683652157626,0.999999999997972,1,"Gm19426"
"ENSMUSG00000097191.5",11.0934784485612,0.457298721579555,0.184879669909736,2.47349382332207,0.998334569745362,1,"Mm2pr"
"ENSMUSG00000097194.5",37.0377861740544,-1.23481609791765,0.319197240994704,-3.86850492212787,0.230973152363237,1,"9330175E14Rik"
"ENSMUSG00000097195.13",955.743798356402,0.261621105433431,0.110212779474446,2.37378193963515,0.999999999989549,1,"Snhg5"
"ENSMUSG00000097204.5",87.2877470180213,-0.914561735006724,0.110439016531417,-8.28114704142225,0.780423389024106,1,"Gm17690"
"ENSMUSG00000097207.10",118.964699004338,0.0668789465770462,0.0911759076984318,0.73351555542777,1,1,"6030443J06Rik"
"ENSMUSG00000097209.4",13.8657364531007,0.525599225950357,0.290683182375483,1.80815147837286,0.948662442674947,1,"AU022754"
"ENSMUSG00000097216.5",26.3277767557138,0.00234668227583013,0.241538763678622,0.00971555140918288,0.999998529445241,1,"4932441J04Rik"
"ENSMUSG00000097217.4",36.144853126206,-0.479073369207324,0.0902095590520027,-5.310671887124,0.999999996143832,1,"Gm26549"
"ENSMUSG00000097223.4",10.4089705143498,-0.26757588304061,0.192115374713741,-1.39278745097475,0.999931193081575,1,"Gm2449"
"ENSMUSG00000097239.8",383.066776022049,0.289120540193471,0.0886442220644323,3.26158359180274,0.999999999999999,1,"Gm27029"
"ENSMUSG00000097240.3",11.6279549279046,-0.466397301475803,0.327614180149521,-1.42361756521937,0.948321182652348,1,"Gm26614"
"ENSMUSG00000097245.2",25.6393166487492,0.484533222429084,0.0940687060192886,5.15084391965306,0.999999978695686,1,"Gm5421"
"ENSMUSG00000097261.4",10.7457607494911,-0.802578921831785,0.143670656302159,-5.58624107725835,0.915298168803051,1,"4930532G15Rik"
"ENSMUSG00000097265.4",44.3200785592049,-0.621771356666118,0.13443654055031,-4.62501752961602,0.997549245187902,1,"Gm55122"
"ENSMUSG00000097271.2",8.66910331303299,-0.844897879535827,0.156339321017276,-5.40425706110405,0.839422319730282,1,"Gm9903"
"ENSMUSG00000097274.4",20.6402070756441,-0.853415209441087,0.229761033509118,-3.71436007406025,0.738259265980579,1,"Gm47512"
"ENSMUSG00000097276.4",15.1072636706791,-0.946145923803328,0.138883694925352,-6.81250541549795,0.650904599916156,1,"4930525G20Rik"
"ENSMUSG00000097277.10",228.622028659386,0.0479502945071822,0.10415707948654,0.460365197868079,1,1,"2900076A07Rik"
"ENSMUSG00000097287.6",390.381296899541,-0.259987417377923,0.0655445309784127,-3.96657682184881,1,1,"D130017N08Rik"
"ENSMUSG00000097290.11",198.910174283833,-0.17018457121011,0.078776851995781,-2.16033729323462,1,1,"1300002E11Rik"
"ENSMUSG00000097292.4",51.9244929680711,-0.47579115814293,0.1096980471799,-4.33728011003382,0.999999117630335,1,"A230107N01Rik"
"ENSMUSG00000097296.3",13.688568960666,1.00418617576001,0.198124723891398,5.06845463825331,0.491571378782675,1,"Gm26532"
"ENSMUSG00000097303.5",41.7176018562816,0.169372542471195,0.133186953827945,1.27169018889038,0.999999999776341,1,"3110083C13Rik"
"ENSMUSG00000097309.3",14.8861783212368,-0.353439393687028,0.153881621409405,-2.29682655049947,0.999986752651101,1,"Gm17249"
"ENSMUSG00000097316.4",53.3895044863321,-0.628041561470518,0.157088537341936,-3.99801011644442,0.991053543414145,1,"Gm10516"
"ENSMUSG00000097318.5",53.2781165277733,0.095586525033067,0.108309027378331,0.882535162089277,1,1,"1700007L15Rik"
"ENSMUSG00000097320.10",179.366565154971,-0.0340520289810717,0.100142199225691,-0.340036760170689,1,1,"Tmem147os"
"ENSMUSG00000097321.8",45.5092244432488,-0.426355859455251,0.124639376742671,-3.42071559243672,0.999997912061099,1,"1700028E10Rik"
"ENSMUSG00000097323.4",33.6097855800142,-0.0916400214646549,0.121239303098833,-0.755860674899715,0.999999999999966,1,"4930426I24Rik"
"ENSMUSG00000097325.4",15.286245308041,-1.11117182360778,0.271307253481757,-4.09562151158076,0.340989703120483,1,"Gm16897"
"ENSMUSG00000097327.10",17.9600287379578,0.29910989720767,0.565429446315446,0.528995967855556,0.903226326243537,1,"E030030I06Rik"
"ENSMUSG00000097328.8",512.948007850416,0.53443813687972,0.103583500445414,5.15949098632127,0.99999651424033,1,"Tnfsf12"
"ENSMUSG00000097333.8",571.275083771353,0.0010459795066667,0.0873167830265117,0.0119791347139886,1,1,"Zfp87"
"ENSMUSG00000097336.10",688.985229672043,-0.194086616429838,0.123179753559931,-1.57563731717818,0.999999999969767,1,"Fendrr"
"ENSMUSG00000097339.7",11.2243431078707,0.768027106008698,0.201165155061496,3.81789334128921,0.87557487033225,1,"Gm26671"
"ENSMUSG00000097343.4",64.0786374392249,-1.04335697628246,0.120614675240672,-8.65033192852002,0.359622939724043,1,"9030407P20Rik"
"ENSMUSG00000097346.3",60.9718635688496,0.634267108331295,0.165952090201272,3.82198927149417,0.986232420651397,1,"Rps18-ps4"
"ENSMUSG00000097350.5",74.0203822083112,-0.231674472353602,0.0805725329996071,-2.87535297363349,1,1,"4732491K20Rik"
"ENSMUSG00000097354.10",13.82414443315,-0.946718778139346,0.345865409122541,-2.73724620377958,0.561215600468731,1,"2310001H17Rik"
"ENSMUSG00000097357.5",14.3135513251838,0.299514769546149,0.213129201355302,1.40532018907552,0.99949310170577,1,"Gm16793"
"ENSMUSG00000097360.10",31.4444152625515,-0.367974903845341,0.168849227277452,-2.17931055876665,0.99990912997527,1,"9430065F17Rik"
"ENSMUSG00000097375.5",60.1690018731155,-0.0377429942358559,0.129679366844383,-0.291048569670672,0.999999999999942,1,"6720427I07Rik"
"ENSMUSG00000097378.11",43.7453669198918,-0.154173588175411,0.151192827445865,-1.01971496121807,0.999999988927865,1,"B230208H11Rik"
"ENSMUSG00000097383.4",33.9810903893769,-1.10744799281065,0.217304771848533,-5.096289342337,0.310491526895859,1,"1500026H17Rik"
"ENSMUSG00000097385.2",11.7919602142555,0.453566928703626,0.206772631313746,2.19355398159734,0.995887314881738,1,"Gm26814"
"ENSMUSG00000097386.3",21.1346712288676,-0.195372388017103,0.131377408339798,-1.48710794714254,0.999999999545301,1,"9130213A22Rik"
"ENSMUSG00000097388.2",36.411743119956,0.551997753913731,0.233044651784994,2.36863515075644,0.972721523903927,1,"Gm3200"
"ENSMUSG00000097392.5",1324.56908773052,-0.304474704353995,0.074698688356274,-4.07603816149767,1,1,"Thoc2l"
"ENSMUSG00000097397.3",13.3553454777753,0.0151815584538238,0.167704112113031,0.0905258568948601,0.999999998560852,1,"Gm16861"
"ENSMUSG00000097401.3",12.1737463023679,-0.505470855374754,0.179125256803149,-2.82188488879737,0.997117007963316,1,"Gm26744"
"ENSMUSG00000097402.3",51.0680935004391,0.373802029034765,0.202916671131529,1.84214548243042,0.998985607541389,1,"Gm17399"
"ENSMUSG00000097413.4",17.8465103269982,0.0327101382804224,0.175948788380459,0.185907152765908,0.999999982933557,1,"A830052D11Rik"
"ENSMUSG00000097415.5",1397.1196225306,-0.071049253429024,0.0913970736576314,-0.777369018347028,1,1,"AU020206"
"ENSMUSG00000097416.6",24.5076889558047,0.324139657232336,0.287639201460739,1.12689666633141,0.990607322255364,1,"Gm26670"
"ENSMUSG00000097428.3",23.734132549723,-0.54357975836949,0.200627760000361,-2.70939454424708,0.988545852117408,1,"AW047730"
"ENSMUSG00000097430.5",70.5945198514359,0.42567654914909,0.10670888944833,3.9891385933241,0.999999963199691,1,"Gm10544"
"ENSMUSG00000097440.4",81.6873451471515,0.129947535862276,0.176532730587729,0.736110156057986,0.999999585891528,1,"Gm6277"
"ENSMUSG00000097451.13",385.375797267305,-0.765701465380242,0.505125056607519,-1.51586514144197,0.678856273350555,1,"Rian"
"ENSMUSG00000097456.9",23.009646057107,0.961855596149697,0.189128447517191,5.08572670466334,0.579918573080984,1,"Gm16958"
"ENSMUSG00000097467.4",164.502789147178,-0.128910673942752,0.141528111992524,-0.910848538342418,0.999999999624342,1,"Gm26737"
"ENSMUSG00000097472.3",10.6510814691948,0.333328648471295,0.168189094897892,1.98186837662489,0.999963120110589,1,"Gm26586"
"ENSMUSG00000097476.3",41.562112030224,-0.174156032781071,0.0879075136784568,-1.98112795475128,1,1,"Gm26583"
"ENSMUSG00000097486.4",14.434794876661,-0.94230219232531,0.229809209971489,-4.10036739799165,0.599119348001835,1,"Gm17733"
"ENSMUSG00000097487.8",203.483093392003,0.550007109135489,0.100421054797798,5.47700987848563,0.999996286359359,1,"Ptges3l"
"ENSMUSG00000097493.4",355.717661163735,-0.197491931147187,0.0986693969697229,-2.0015520233471,1,1,"9930014A18Rik"
"ENSMUSG00000097494.10",12.4646267573656,-0.442203882565639,0.20196681761952,-2.18948779694443,0.997125997373854,1,"4933406C10Rik"
"ENSMUSG00000097503.5",85.673960914162,-0.671882585320557,0.110323577880597,-6.09010873494091,0.998530929807208,1,"3110045C21Rik"
"ENSMUSG00000097515.4",26.4052376199371,-0.915069238843937,0.177555262275148,-5.15371511448588,0.683793834500385,1,"1700040D17Rik"
"ENSMUSG00000097519.5",158.804865175537,-0.034737220755551,0.110636127462278,-0.313977193095401,1,1,"4930558J18Rik"
"ENSMUSG00000097520.5",12.4772813738207,-1.05933169011317,0.20865699926666,-5.07690465134773,0.388070953260481,1,"4930488L21Rik"
"ENSMUSG00000097523.5",18.2355823229976,0.129759357855073,0.128010181307459,1.01366435489543,0.999999999994704,1,"1700022N22Rik"
"ENSMUSG00000097530.2",18.7687577554483,-0.447925169668815,0.163913525658939,-2.73269193538568,0.999621539919949,1,"Kansl2-ps"
"ENSMUSG00000097534.6",47.5960233055818,0.11910519698861,0.111398158877194,1.06918460941452,0.999999999999999,1,"Gm16675"
"ENSMUSG00000097535.3",22.4998970426674,0.601345670449466,0.155805353525781,3.8595956868065,0.994746313445708,1,"Gm26592"
"ENSMUSG00000097536.4",98.4075028309791,0.669151898644215,0.120700797538362,5.54388962037754,0.996937931777499,1,"2610037D02Rik"
"ENSMUSG00000097537.5",64.1485116460499,-0.543282498622228,0.120412330460214,-4.51185104171482,0.999925564815567,1,"2610020C07Rik"
"ENSMUSG00000097557.5",17.2964556692012,-0.338089919951824,0.12723855016853,-2.65713433156868,0.999999901485506,1,"C130060C02Rik"
"ENSMUSG00000097564.4",8.69514035351798,-0.884533924452183,0.157759893486431,-5.60683647094539,0.767888310652014,1,"C430014B12Rik"
"ENSMUSG00000097571.12",335.847436521755,-0.108776041703732,0.0978236362002663,-1.11196072778407,1,1,"Jpx"
"ENSMUSG00000097572.5",50.4970816677436,-0.790461057414321,0.208315190192655,-3.79454353128681,0.842762033491331,1,"Gm26797"
"ENSMUSG00000097573.5",21.8342287917333,-0.504024361897037,0.11152462041437,-4.51939993182074,0.999995650765697,1,"G730003C15Rik"
"ENSMUSG00000097577.5",29.4176209596095,0.724156133521274,0.103331605837092,7.00807974147761,0.99620180218163,1,"6230400D17Rik"
"ENSMUSG00000097580.3",13.7046510698549,0.53249683690752,0.134285744643998,3.96540108050346,0.999750605354463,1,"Gm5432"
"ENSMUSG00000097583.4",15.1089554560252,-0.947299756645992,0.202652383737745,-4.67450586651822,0.602588331621959,1,"6430590A07Rik"
"ENSMUSG00000097585.5",45.5975042046639,-0.261140726328688,0.0958381132867528,-2.72481080201716,0.999999999999994,1,"E230029C05Rik"
"ENSMUSG00000097589.12",418.423621041689,0.633501302850881,0.108532683199135,5.83696343053213,0.999633396185029,1,"Dleu2"
"ENSMUSG00000097592.4",11.1036274699593,-0.47931724853143,0.218680143595811,-2.19186452253917,0.991367715163649,1,"4930500F10Rik"
"ENSMUSG00000097602.4",14.9906951540446,-0.454842720565749,0.135445806654365,-3.35811592695839,0.999971501532595,1,"4930519P11Rik"
"ENSMUSG00000097616.10",95.5615425015062,-0.0857325949322389,0.123948823816278,-0.691677357578763,0.999999999999919,1,"1110019D14Rik"
"ENSMUSG00000097617.5",98.723240032541,0.632944598505605,0.226736579925628,2.79154161500194,0.947261600566588,1,"Gm10687"
"ENSMUSG00000097621.3",21.8116968812771,0.146065095469725,0.183353697928837,0.796630213187275,0.999998398360674,1,"Gm26562"
"ENSMUSG00000097628.2",11.3118374717835,0.446023630253089,0.160596432750869,2.7772947543922,0.999719180496065,1,"Gm2383"
"ENSMUSG00000097635.4",14.0711040920366,-0.297636257691179,0.159914105210587,-1.86122579555586,0.999994387755501,1,"Gm26826"
"ENSMUSG00000097636.11",9.21769556078071,-0.108149889693618,0.280022081018796,-0.386219148504788,0.999313939733346,1,"Mirt1"
"ENSMUSG00000097637.3",12.8149662413068,-0.528065185631888,0.288292784128269,-1.83169754743823,0.949184651493934,1,"4933417D19Rik"
"ENSMUSG00000097640.10",152.972429557778,0.871090964190025,0.176493556717252,4.93553974656162,0.767423924281606,1,"Gm20033"
"ENSMUSG00000097643.3",40.4518947122633,0.0479247876159185,0.139135857438743,0.344445986089662,0.999999999996141,1,"A130051J06Rik"
"ENSMUSG00000097644.3",21.29182090549,0.136264948285464,0.208309389208712,0.654146934053634,0.999983137702646,1,"Gm26862"
"ENSMUSG00000097649.5",149.668818170722,-0.09325823806509,0.101064174571138,-0.922762575965497,1,1,"Gm10561"
"ENSMUSG00000097656.2",12.1857249589651,0.320058422227205,0.41192131336079,0.776989225480728,0.951272040432026,1,"Gm26712"
"ENSMUSG00000097657.3",8.60877387672738,0.521445336074824,0.167549234667454,3.11219169165273,0.99785629692394,1,"Gm7389"
"ENSMUSG00000097666.5",18.8548279492311,0.942414800024318,0.220526628615191,4.27347393801039,0.603002265294013,1,"A330094K24Rik"
"ENSMUSG00000097675.5",13.7825337412913,-1.03957503202625,0.222229135639727,-4.67794211156719,0.429329248193824,1,"1700101I11Rik"
"ENSMUSG00000097699.4",13.1310644420774,-0.173926721235714,0.127997709389039,-1.35882682640106,0.999999999945465,1,"5430400D12Rik"
"ENSMUSG00000097705.4",20.9223282002307,0.619248957774411,0.172009878865571,3.60007786679721,0.986569839695416,1,"Gm26740"
"ENSMUSG00000097709.11",189.784076149176,-0.763022346838539,0.115904271664891,-6.58321160970352,0.979552751310135,1,"2810429I04Rik"
"ENSMUSG00000097711.2",28.9291937561447,0.543251536240085,0.125676141615199,4.32263060639971,0.999860647559425,1,"Gm5523"
"ENSMUSG00000097713.2",15.5140376522126,0.552767860664494,0.137845419435426,4.01005606808312,0.999411605153109,1,"Gm7741"
"ENSMUSG00000097715.5",192.748685264566,-0.120842673059269,0.350099181754098,-0.345166967982651,0.994666922608203,1,"Gpr137b-ps"
"ENSMUSG00000097727.11",102.3902231343,-0.336278324463608,0.197426518923129,-1.70330878697478,0.9996129128278,1,"F630040K05Rik"
"ENSMUSG00000097729.5",154.419021428512,-0.102478743685544,0.0813719174837932,-1.25938710619612,1,1,"2310015A10Rik"
"ENSMUSG00000097730.5",37.6941862840222,-1.22098962186346,0.25322180479727,-4.8218186535752,0.191410130059229,1,"Gm26588"
"ENSMUSG00000097743.3",191.7407109598,0.381873846290612,0.0944541877932785,4.04295304646923,0.999999999970091,1,"Gm16973"
"ENSMUSG00000097746.3",12.4077409933107,0.0525816022432926,0.19025935944317,0.276368018883185,0.999999697244213,1,"Gm6225"
"ENSMUSG00000097748.3",10.5605481064497,-0.0508293643496484,0.16324365080255,-0.311371156548862,0.99999999701902,1,"Gm26533"
"ENSMUSG00000097749.4",11.5437361279679,0.264379339852285,0.242645306748348,1.08957120743521,0.998784072072347,1,"Gm16938"
"ENSMUSG00000097750.3",37.5010261251904,-0.0865709119556951,0.120111902008102,-0.720752152853725,0.999999999999986,1,"Gm4673"
"ENSMUSG00000097752.3",17.2059701095228,0.0953861451810253,0.123002342192843,0.775482348388773,0.999999999999904,1,"Gm26688"
"ENSMUSG00000097755.5",65.6694500908593,-0.735383695950542,0.178177888357505,-4.12724442257971,0.931244544243561,1,"2010110K18Rik"
"ENSMUSG00000097756.4",44.9525670329024,-0.838447902739292,0.176588140513254,-4.74804197100858,0.81986545861088,1,"A730056A06Rik"
"ENSMUSG00000097760.4",26.5451493255775,-0.835710835788947,0.0993653717387663,-8.41048366412847,0.950873681025517,1,"6030442K20Rik"
"ENSMUSG00000097772.10",462.367507103899,0.329414176120888,0.10533023785954,3.12744168070873,0.99999999990331,1,"5430416N02Rik"
"ENSMUSG00000097777.10",29.5126865550869,0.156183912891022,0.117635884563894,1.32768936511198,0.999999999999633,1,"Gm16794"
"ENSMUSG00000097784.3",22.1917812883052,-0.856190466117048,0.141127801309692,-6.06677393236091,0.845899028643028,1,"A430105J06Rik"
"ENSMUSG00000097785.5",91.606595687889,0.561055931086342,0.168524845718538,3.3292178888767,0.995401260178986,1,"B230217O12Rik"
"ENSMUSG00000097787.5",104.965089106872,0.0454137714704722,0.107921164099095,0.420805055705036,1,1,"Sgms1os1"
"ENSMUSG00000097789.3",205.899499453954,0.025635699568278,0.171359459812976,0.149601892981322,0.999999994580767,1,"Ctxnd1"
"ENSMUSG00000097792.4",21.9718876501456,-0.139070580201597,0.140143408008947,-0.992344785797689,0.999999999595631,1,"Gm27042"
"ENSMUSG00000097793.4",64.1384133969508,-0.438333446076531,0.095024307059374,-4.61285601170075,0.99999999829741,1,"Gm17259"
"ENSMUSG00000097797.8",14.1410436902704,-0.910370156025708,0.1991008168955,-4.572407939961,0.6737072062621,1,"Gm26901"
"ENSMUSG00000097801.3",14.5280718899312,-0.737429246642988,0.199451607603662,-3.69728404550321,0.905990732477649,1,"Gm26777"
"ENSMUSG00000097806.5",9.73848038799365,-0.969468358743431,0.387320612536503,-2.5030125621111,0.531415397864215,1,"Gm6556"
"ENSMUSG00000097820.5",68.5843323823356,0.136737332826048,0.148130376479261,0.923087729039775,0.999999997190556,1,"E530011L22Rik"
"ENSMUSG00000097831.2",9.37443111550155,-0.208038690574566,0.152424130676254,-1.36486716146301,0.999999898065002,1,"4930540M05Rik"
"ENSMUSG00000097842.4",76.6422404668139,-0.387787111070767,0.115859377238569,-3.34704984882031,0.999999936838934,1,"9330104G04Rik"
"ENSMUSG00000097848.5",273.605390152414,0.592120354748905,0.127252842703584,4.65310119733951,0.99932531944063,1,"Gm807"
"ENSMUSG00000097855.11",53.1398121908633,-0.388784098039856,0.110923600895517,-3.50497184459478,0.999999982082982,1,"A930007I19Rik"
"ENSMUSG00000097874.6",9.47190250792331,-0.684819876058932,0.193869717687291,-3.53237155461038,0.947996616351884,1,"C030010L15Rik"
"ENSMUSG00000097876.3",11.8280503480183,-0.563351244148717,0.155019380767844,-3.63406976184731,0.99757428488004,1,"Gm16892"
"ENSMUSG00000097877.4",20.2138422823523,0.540678598641919,0.174880196934402,3.09170854173231,0.99568649631044,1,"Gm26703"
"ENSMUSG00000097881.10",177.57038036218,0.243044278465835,0.223222494390738,1.08879832710946,0.999651869243514,1,"Celrr"
"ENSMUSG00000097882.5",25.4294184334489,0.0124910456185648,0.175968152128282,0.0709846950569713,0.999999994354101,1,"0610038B21Rik"
"ENSMUSG00000097885.9",67.4252196726475,0.129900400808565,0.136940702844781,0.948588681889592,0.999999999894999,1,"5031434O11Rik"
"ENSMUSG00000097888.4",27.5050712828418,-0.368566884506145,0.121885385868135,-3.02388085233523,0.999999889382621,1,"Gm26682"
"ENSMUSG00000097890.5",16.5737752583849,-0.178787451198429,0.16321041723791,-1.09544141988077,0.999999756822038,1,"4930547M16Rik"
"ENSMUSG00000097891.2",152.355486953976,-0.123773910678947,0.14440544648332,-0.857127717085409,0.999999999351708,1,"Gm3650"
"ENSMUSG00000097893.11",35.4783544128161,0.392170628352878,0.13835051578246,2.83461630869177,0.999994420463425,1,"1700034P13Rik"
"ENSMUSG00000097906.2",122.54730585523,0.322948979869124,0.0686684783654621,4.70301639932007,1,1,"Gm9625"
"ENSMUSG00000097908.10",860.287834170655,-0.527685139362227,0.0900516588183502,-5.8598047641372,0.99999992183017,1,"4933404O12Rik"
"ENSMUSG00000097915.5",18.9709769606683,-0.180722177305209,0.179075852828339,-1.0091934476417,0.999997619289638,1,"A330009N23Rik"
"ENSMUSG00000097917.4",14.1221197171609,-0.74578487928124,0.19919769581217,-3.74394330336263,0.899056717511139,1,"Gm26839"
"ENSMUSG00000097929.11",26.2358613586449,-0.663528403724,0.374672245465977,-1.77095691435264,0.815423050234239,1,"Tunar"
"ENSMUSG00000097934.3",52.7167126290215,0.205725055149777,0.162725441293004,1.26424641110266,0.999999472452273,1,"6720483E21Rik"
"ENSMUSG00000097935.2",9.5386795739753,0.354542099327546,0.164712630655865,2.15248884020492,0.999955484415069,1,"Gm3809"
"ENSMUSG00000097936.2",8.42192131277849,0.908279660914579,0.172400842387813,5.26841776603052,0.702643210947127,1,"Gm4819"
"ENSMUSG00000097937.2",15.2851403277689,0.379811749201555,0.158486809780364,2.39648807195948,0.99995445670397,1,"Gm6967"
"ENSMUSG00000097944.4",51.0019224540035,-0.465156996053365,0.10878922826375,-4.27576335890196,0.999999559076115,1,"A130014A01Rik"
"ENSMUSG00000097954.2",21.6993397477695,0.410912349382832,0.155131991810989,2.64879181003156,0.999926869031119,1,"Gm4217"
"ENSMUSG00000097959.3",13.0247223920637,0.614426348867643,0.156678156392193,3.921582708247,0.993071089999752,1,"Gm6931"
"ENSMUSG00000097973.2",16.1237058757634,0.556719100740744,0.164496423576555,3.38438422329378,0.996478194353052,1,"Gm4929"
"ENSMUSG00000097977.2",7.60850600249091,0.446993411792175,0.212149102937357,2.10697761905768,0.995428873183272,1,"Gm5652"
"ENSMUSG00000097979.4",37.0987032164268,0.495650639174953,0.134490790059754,3.68538722208962,0.999911606040135,1,"Gm4691"
"ENSMUSG00000097989.2",26.818979326568,0.531075408412577,0.14773666387711,3.5947434744725,0.999248379156235,1,"Gm4335"
"ENSMUSG00000097993.9",49.4794204297417,-0.720048533976289,0.253360927705762,-2.8419872807401,0.86540963662237,1,"Ptprv"
"ENSMUSG00000097994.2",56.9422820386763,-0.308698699426321,0.10146385743747,-3.04244986562397,0.99999999999523,1,"Gm26982"
"ENSMUSG00000097997.3",17.6005341258695,-0.551956052445468,0.140501472275394,-3.92847166301284,0.999285902585722,1,"Gm27017"
"ENSMUSG00000097999.2",8.36426835400958,0.552570372746189,0.199664022329693,2.76750095635038,0.987484132165125,1,"Gm9061"
"ENSMUSG00000098002.2",19.0305526229066,0.48459445387542,0.138816627769441,3.49089631164558,0.999897531490093,1,"Gm9658"
"ENSMUSG00000098006.2",16.0452410528226,0.291984210489288,0.151726388921053,1.92441283659109,0.999998467375028,1,"Gm8565"
"ENSMUSG00000098013.2",8.47621265192048,0.301018720425498,0.344200398864435,0.8745449494498,0.978937744641409,1,"Gm9135"
"ENSMUSG00000098021.3",13.9110445228329,0.475873906392592,0.135431091645481,3.51377147308456,0.999945595126394,1,"Gm9522"
"ENSMUSG00000098022.8",113.443168969831,-0.320792054594355,0.197874787655708,-1.62118710723529,0.999700993322776,1,"Zfp82"
"ENSMUSG00000098024.4",13.239545495049,-0.502301759101672,0.138495829746228,-3.62683670708397,0.999836928116083,1,"Gm27003"
"ENSMUSG00000098028.2",15.6278468609282,0.414386055636979,0.145115642844297,2.85555745414433,0.9999727567444,1,"Gm8824"
"ENSMUSG00000098030.2",31.3444391246316,0.564342687761286,0.137194204374364,4.11345865763654,0.999252053207194,1,"Gm6771"
"ENSMUSG00000098031.2",7.77906738911122,0.299004614605419,0.172862619035078,1.72972396388802,0.999974956080751,1,"Gm9341"
"ENSMUSG00000098044.2",10.5986798189217,0.592047058375956,0.318819297936719,1.85699881471249,0.89965282859251,1,"Gm9162"
"ENSMUSG00000098048.2",16.7876536526884,0.334922075143214,0.179816393740839,1.86257808965917,0.999891625426634,1,"Gm8330"
"ENSMUSG00000098056.2",15.7600674987765,0.542285290917698,0.149387641556469,3.63005456989368,0.998907784920038,1,"Gm8100"
"ENSMUSG00000098066.4",37.2376589854654,-0.895971842306642,0.14821525700223,-6.04507161022674,0.758620543595875,1,"Gm26944"
"ENSMUSG00000098077.2",10.7265490056356,0.585642672479783,0.17711811211919,3.30650922976008,0.990343682460427,1,"Gm4960"
"ENSMUSG00000098080.2",9.01015965238465,0.484738824148434,0.172550311592093,2.80926078704715,0.998587431537276,1,"Gm5732"
"ENSMUSG00000098085.2",8.03607084503927,0.363381538228777,0.200223267805081,1.8148816679115,0.999262462240042,1,"Gm8919"
"ENSMUSG00000098091.2",41.8038018629087,0.417437024799802,0.138329877004007,3.01769244534,0.999987310570849,1,"Gm16470"
"ENSMUSG00000098099.2",9.46880892903496,0.747233619799932,0.169602820675608,4.40578533318813,0.931932966992001,1,"Gm7456"
"ENSMUSG00000098102.2",12.2014601054108,0.510204430041636,0.174160976533683,2.92949913462941,0.997540686473218,1,"Gm2467"
"ENSMUSG00000098105.2",12.0747876584084,0.475822426454298,0.155998361531765,3.05017579532339,0.999610496273685,1,"Gm8825"
"ENSMUSG00000098111.2",10.9922305066797,0.51558157804027,0.165330183993562,3.11849636640062,0.998305222404068,1,"Gm4654"
"ENSMUSG00000098112.9",42.8649443128354,0.0238837131238797,0.438077804023355,0.0545193408671452,0.99677965246451,1,"Bin2"
"ENSMUSG00000098113.2",22.3731059497063,0.568827166226314,0.142353551942523,3.99587617213784,0.998772717939481,1,"Gm2445"
"ENSMUSG00000098116.2",17.175717315131,0.475842135023954,0.148611672201484,3.20191629617639,0.99978987563513,1,"Gm7191"
"ENSMUSG00000098120.3",42.9590119698203,0.0919312203183738,0.129102472264531,0.71207947226608,0.999999999998994,1,"Gm5914"
"ENSMUSG00000098123.2",12.26366872766,0.41757692879351,0.173904523241005,2.4011849778905,0.999594622584141,1,"Gm4518"
"ENSMUSG00000098138.2",17.2795842533666,0.588946812783585,0.152197196846609,3.86962982884076,0.996541285485428,1,"Gm9081"
"ENSMUSG00000098142.2",19.5379404109144,0.528805906986341,0.148179718650181,3.56867938340964,0.999263326077337,1,"Gm7507"
"ENSMUSG00000098149.2",9.05357495104504,0.561387405816615,0.191738138248714,2.92788597482056,0.988918436217311,1,"Gapdh-ps14"
"ENSMUSG00000098154.3",14.4938513680731,0.382068541790239,0.130903834665408,2.91869632976613,0.999998823667834,1,"Gm5787"
"ENSMUSG00000098175.2",15.4028725081968,0.407526735526821,0.133223290143421,3.0589751618362,0.999995650560794,1,"Gm7545"
"ENSMUSG00000098176.3",121.175776199398,-0.510423571273008,0.081803255137244,-6.23964865966095,0.999999998916745,1,"Ccdc166"
"ENSMUSG00000098177.2",8.82455790178807,0.519701769170215,0.194266428179829,2.67520113505734,0.993288949045139,1,"Gm4823"
"ENSMUSG00000098180.2",14.906727698426,0.40555379828338,0.15413730772315,2.63112029315968,0.999942512860327,1,"Gm5430"
"ENSMUSG00000098183.2",19.2724673969404,0.261847994449107,0.145860513086304,1.79519452460841,0.999999791107739,1,"Gm27010"
"ENSMUSG00000098188.2",1569.47602627983,-0.227172285634405,0.0617547108391751,-3.67862277302244,1,1,"Sowahc"
"ENSMUSG00000098190.2",15.9857635192102,0.515596371685554,0.148635367473474,3.46886733924596,0.999440984463046,1,"Gm5210"
"ENSMUSG00000098192.2",37.8193604143268,0.336170691831124,0.131335825671341,2.55962674398048,0.999999784174502,1,"Gm3534"
"ENSMUSG00000098194.2",14.9408775245866,0.786310788443117,0.158632098381536,4.95682019254332,0.911021836349083,1,"Gm7286"
"ENSMUSG00000098206.3",139.813231556514,-0.125920067818614,0.1335765540569,-0.942680912138038,0.999999999969985,1,"Mir181a-1hg"
"ENSMUSG00000098208.2",22.3634538200363,0.516252344288573,0.169911701795765,3.03835662189478,0.997793700679271,1,"Gm8349"
"ENSMUSG00000098215.2",8.91069728581075,0.413081871806062,0.177510041765704,2.3270901617571,0.999527474418622,1,"Gm7069"
"ENSMUSG00000098219.2",13.860693595892,0.62165721121032,0.169614146067746,3.66512596751231,0.987146469783078,1,"Gm7481"
"ENSMUSG00000098221.3",9.02048850042106,-0.16172100194676,0.182456180829322,-0.886355294798379,0.999997830247723,1,"Gm27030"
"ENSMUSG00000098222.3",10.8958891244321,0.56541501873128,0.145520537050281,3.8854654483299,0.998588661974422,1,"Gm8318"
"ENSMUSG00000098224.2",10.9622868360345,0.259172967882472,0.165997335459395,1.56130800030744,0.999995956828716,1,"Gm7985"
"ENSMUSG00000098232.2",13.9481009314342,0.368269072782136,0.165231205760277,2.22881066011485,0.999934165271429,1,"Gm3671"
"ENSMUSG00000098234.10",2181.70068867953,0.700218315491691,0.125171762814093,5.59405971242622,0.991688968581487,1,"Snhg6"
"ENSMUSG00000098238.2",80.1171729381263,0.467809909474905,0.126061169163082,3.71097549372805,0.99998787566421,1,"Gm8756"
"ENSMUSG00000098240.2",18.3176067151248,0.394121322156771,0.182722683065844,2.15693703454841,0.999543154878801,1,"Gm4575"
"ENSMUSG00000098274.8",14619.4768910131,0.49692052125421,0.0976642460041166,5.08804953281741,0.999999870526824,1,"Rpl24"
"ENSMUSG00000098318.10",482.005537735423,-0.00066104091926985,0.137639658940023,-0.00480269222083661,0.999999999999987,1,"Lockd"
"ENSMUSG00000098332.3",184.087045745506,0.0429895417367465,0.0713415836627677,0.602587432596934,1,1,"Pigbos1"
"ENSMUSG00000098374.2",163.599037253042,-0.121371429208593,0.0826548312696189,-1.46841300555899,1,1,"Gm28043"
"ENSMUSG00000098404.2",436.519193227029,-0.0224367553200009,0.134516182820485,-0.166795956066812,0.999999999999831,1,"Mrip-ps"
"ENSMUSG00000098488.8",125.55414030107,-0.413002964539666,0.162170012314337,-2.54672832939752,0.999852493319664,1,"Pla2g4b"
"ENSMUSG00000098557.2",4101.94340263728,1.02251453062836,0.102652435327687,9.96093787121839,0.41319736215295,1,"Kctd12"
"ENSMUSG00000098650.2",414.61472857662,0.468553276783829,0.17012140004334,2.75422890162237,0.999107724385382,1,"Commd1b"
"ENSMUSG00000098692.2",10.425086121961,0.059845338263869,0.177165309598616,0.337793772378205,0.999999945271952,1,"Gm28041"
"ENSMUSG00000098702.3",73.7775388880042,-0.26153902745618,0.0975522987621563,-2.68101347456549,0.999999999999981,1,"1500015A07Rik"
"ENSMUSG00000098720.3",20.2827322870373,0.129592363805316,0.186913209983267,0.693329079399562,0.999998394534838,1,"Gm27239"
"ENSMUSG00000098760.3",20.2122865714921,0.631562807060745,0.278164562810463,2.2704646511392,0.907336390142939,1,"Gm2164"
"ENSMUSG00000098789.8",299.077287474338,-0.427033294448095,0.072218896546083,-5.9130409750252,0.999999999999999,1,"Jmjd7"
"ENSMUSG00000098905.3",154.239281035577,0.0293023179732543,0.0954845866967787,0.306880083864288,1,1,"Zfp953"
"ENSMUSG00000098923.2",1635.79311817727,-0.341879875577379,0.0588217885012603,-5.8121298975813,1,1,"Tmem185b"
"ENSMUSG00000098950.8",1519.61141110141,-0.516603064161978,0.215732228309334,-2.39464946063242,0.987478104015386,1,"Gm28036"
"ENSMUSG00000098973.3",12314.6353770272,0.0379716388814585,0.10482694134592,0.36223167817284,1,1,"Mir6236"
"ENSMUSG00000099041.2",40.3339533642691,0.367832122966244,0.289531059143795,1.27044098154444,0.985498703748529,1,"Gm28035"
"ENSMUSG00000099061.4",31.1426137096378,-0.219919183058429,0.133925943728974,-1.64209545167349,0.999999997139539,1,"Gm28050"
"ENSMUSG00000099083.8",3746.23550685341,0.44827057012464,0.119374842210515,3.75515110071622,0.999998098090445,1,"Atf7"
"ENSMUSG00000099094.2",36.5398193190087,-0.198445638386695,0.123115812684583,-1.61186149901884,0.999999999962567,1,"Gm19569"
"ENSMUSG00000099329.3",106.162364347485,-0.0222718980967756,0.60078336949673,-0.0370714291166756,0.992594734431705,1,"Gm28052"
"ENSMUSG00000099342.2",21.4805327655357,-0.3537340867154,0.236991246107328,-1.49260402029871,0.996803977034348,1,"Gm18180"
"ENSMUSG00000099354.8",28.8493022660054,-0.680906909838046,0.356140962503027,-1.91190281806536,0.814867891253659,1,"1700124L16Rik"
"ENSMUSG00000099384.9",55.9747246836154,-0.413870525855897,0.131809305002281,-3.13991888394172,0.999995642032176,1,"1700110C19Rik"
"ENSMUSG00000099397.2",28.7106243969156,0.584000055974752,0.12261553340753,4.7628554045738,0.999653985964664,1,"Gm7809"
"ENSMUSG00000099398.2",27.5871402084885,0.34830357824576,0.432773009185024,0.804818162994192,0.934866868167305,1,"Ms4a14"
"ENSMUSG00000099481.7",915.116610182009,-0.17749440094561,0.0628788290785891,-2.82280067149102,1,1,"Xndc1"
"ENSMUSG00000099492.2",12.3239477346448,0.486717953438385,0.126698567624379,3.84154266748578,0.999974522881463,1,"Gm5525"
"ENSMUSG00000099519.2",37.308850376017,-0.126705740779078,0.304363996922674,-0.416296743570721,0.998049744329097,1,"Gm29253"
"ENSMUSG00000099528.3",11.2068977891206,0.292626373095386,0.339914565724656,0.860882123340441,0.981356119460619,1,"2410012E07Rik"
"ENSMUSG00000099583.3",33.0634996360899,-0.464317213102544,0.101232017685362,-4.58666362400959,0.999999939385842,1,"H3c4"
"ENSMUSG00000099632.4",44.5304155560165,-0.295237217830887,0.15113756050111,-1.95343379138846,0.99999844225403,1,"2900093K20Rik"
"ENSMUSG00000099647.2",256.562796223213,-0.0540705904148017,0.0705055971229214,-0.766897843876614,1,1,"Gm5776"
"ENSMUSG00000099655.3",32.9013234108286,-0.453764019768246,0.112778004590499,-4.02351523611256,0.99999936201935,1,"2310034G01Rik"
"ENSMUSG00000099681.3",348.229283790077,-0.791555821745008,0.073971034111492,-10.7008889527209,0.997583179118606,1,"1700052K11Rik"
"ENSMUSG00000099689.7",512.084021814304,0.134453877170793,0.0827629416082726,1.62456619542572,1,1,"Zfp383"
"ENSMUSG00000099764.2",58.4719406802959,0.538017102782289,0.154360707984037,3.48545371298717,0.99861820282616,1,"Rps10-ps2"
"ENSMUSG00000099779.2",8.66585072602366,0.164631454725823,0.14038254038859,1.17273454569286,0.99999999866467,1,"Gm8228"
"ENSMUSG00000099784.2",13.601860595982,-0.525090045206372,0.23020436769284,-2.28097342578225,0.980443344244109,1,"Dalir"
"ENSMUSG00000099803.3",14.4437858304711,0.430074392859316,0.164126271484398,2.62038727237034,0.999742165694287,1,"Gm28863"
"ENSMUSG00000099835.2",28.5259270275205,0.497081694362987,0.146832164452086,3.38537333572572,0.999692740061182,1,"Gm29668"
"ENSMUSG00000099843.4",65.8216842400235,-0.44290227945854,0.0907335481860512,-4.88135081580144,0.999999999587213,1,"Gm7160"
"ENSMUSG00000099858.2",8.9407022952642,0.0680817578431685,0.19939400587728,0.341443352540248,0.999998563663868,1,"Gm6652"
"ENSMUSG00000099881.4",347.930336232558,-1.08884182018223,0.0929797202080813,-11.7105301859964,0.169663274849401,1,"2810013P06Rik"
"ENSMUSG00000099908.2",112.760745766185,0.662382772006513,1.11965000055961,0.591598063390745,0.687305040782084,1,"Gm28539"
"ENSMUSG00000099927.2",79.5504801719406,0.436764329845752,0.211947914328835,2.06071539429313,0.996062993697847,1,"Gm8226"
"ENSMUSG00000099966.4",282.393851905073,0.165483318578334,0.0723746770001291,2.28648092727294,1,1,"2810402E24Rik"
"ENSMUSG00000099974.2",17.4635045826838,0.0220975690736189,0.42410522692937,0.0521039771983263,0.997415189838287,1,"Bcl2a1d"
"ENSMUSG00000099980.2",17.1759924901737,0.635927373333591,0.257606223730399,2.46860252102887,0.921214949958092,1,"Gm5619"
"ENSMUSG00000099998.2",17.1101713403522,-0.0667289148866446,0.150146833588018,-0.444424389725989,0.999999999745159,1,"Gm6501"
"ENSMUSG00000100002.5",14.8148695352776,-0.20094398884355,0.175589628099246,-1.1443955489784,0.999997326638158,1,"Gm29642"
"ENSMUSG00000100009.8",464.819596454171,-0.719789171424765,0.107013762540068,-6.72613647385086,0.995583565897537,1,"Gm7967"
"ENSMUSG00000100017.4",23.212231721123,0.655493627668842,0.150883798628351,4.344360584952,0.988792360003198,1,"2410022M11Rik"
"ENSMUSG00000100075.3",14.5274744757543,0.30950846611683,0.250354751768387,1.23627957500551,0.997092741017298,1,"1700018L02Rik"
"ENSMUSG00000100078.2",44.8743757379465,0.67118954304982,0.110859135950052,6.05443599481259,0.998491597529911,1,"Gm6170"
"ENSMUSG00000100084.4",8.35868327465352,-0.241080593653614,0.176324840982215,-1.36725257944756,0.999991616631421,1,"2310068J16Rik"
"ENSMUSG00000100113.2",11.1256243914113,0.519945705573489,0.19084498900053,2.72443991480461,0.99405537814471,1,"Gm28592"
"ENSMUSG00000100131.2",10389.1854413853,-0.529624155419556,0.472628557233992,-1.12059279388263,0.840793877958587,1,"Gm28439"
"ENSMUSG00000100147.5",49.7852553364283,-0.0686328232196994,0.34262477340397,-0.200314829945989,0.997626835436671,1,"1700047M11Rik"
"ENSMUSG00000100158.3",60.6648090905553,-0.569503489327485,0.135553069097497,-4.20133231301363,0.999253014729021,1,"Gm28119"
"ENSMUSG00000100164.3",173.621941597378,-0.443654322211625,0.109578618632969,-4.0487307446139,0.999999808417872,1,"2610306M01Rik"
"ENSMUSG00000100201.2",8.04603838663813,0.0105588105087663,0.171732326314291,0.0614841173783574,0.999999997828592,1,"Gm29093"
"ENSMUSG00000100213.2",36.7145214855447,-0.586551803770892,0.12132605398244,-4.83450820757579,0.999672489049212,1,"Gm28151"
"ENSMUSG00000100235.9",134.7291060682,0.464502291863663,0.125616317014849,3.69778626616441,0.999989913302141,1,"Gm28557"
"ENSMUSG00000100347.2",8.28037158382246,0.497281990092027,0.196585181452473,2.5296005854452,0.994724874612793,1,"Gm7895"
"ENSMUSG00000100417.5",16.5867440653343,-0.32971552538786,0.203790265234626,-1.61791597360283,0.999497440216252,1,"Gm28578"
"ENSMUSG00000100441.2",8.14673383185023,0.833732102259799,0.193731381402729,4.30354698460872,0.80461984827946,1,"Gm7266"
"ENSMUSG00000100454.2",16.4772697623366,-0.136010765257601,0.126338257086028,-1.07656040533301,0.999999999996004,1,"Gm28901"
"ENSMUSG00000100480.2",11.8605373026599,0.273539048585152,0.143445424630228,1.90692069328999,0.999999795125277,1,"Gm29156"
"ENSMUSG00000100586.3",24.0641657637911,-0.841296030045258,0.146392817894395,-5.74683951129457,0.860839035812441,1,"Vmn1r90"
"ENSMUSG00000100594.4",85.4332382927346,-0.192792663016037,0.105712205109874,-1.82375027382746,0.999999999999989,1,"2810414N06Rik"
"ENSMUSG00000100599.5",29.6293932606771,0.300633834192477,0.160730126842566,1.87042616153065,0.999993229745346,1,"1700120C14Rik"
"ENSMUSG00000100615.2",8.12871091159802,0.109606789727783,0.16151137322941,0.678632021610628,0.999999982353003,1,"Gm5511"
"ENSMUSG00000100621.3",12.9839271380139,-0.307890908587962,0.1818550273278,-1.69305689874043,0.999929334925521,1,"Gm28374"
"ENSMUSG00000100622.2",10.3621539288964,-0.19256202144506,0.189393022564801,-1.01673239508691,0.999989928354127,1,"Gm20379"
"ENSMUSG00000100632.2",9.23371670344219,-1.02930955956127,0.165744032514082,-6.21023601241159,0.429818492034971,1,"9430060I03Rik"
"ENSMUSG00000100635.2",13.3893837840494,0.739959766919561,0.249349879920077,2.96755613901534,0.851496419472342,1,"Gm29157"
"ENSMUSG00000100680.4",49.975683784891,0.699209708140236,0.135885705541757,5.14557219504867,0.986570248689246,1,"1810044D09Rik"
"ENSMUSG00000100691.4",191.681446018731,0.0307670209043249,0.0844267470393626,0.364422673894806,1,1,"2010320M18Rik"
"ENSMUSG00000100707.2",31.527971992598,-0.396844674539214,0.104131861080944,-3.81098225288356,0.999999996527031,1,"Gm28523"
"ENSMUSG00000100747.7",20.07100034016,0.185273118763998,0.273700193005076,0.676919941962049,0.998550652982235,1,"1700084E18Rik"
"ENSMUSG00000100755.2",558.129852100657,0.636061481133522,0.0929920197015929,6.83995769932316,0.999954544918445,1,"Rps23-ps1"
"ENSMUSG00000100774.2",78.6099502597641,0.204883735099995,0.129292067604499,1.58465819981105,0.999999999612019,1,"Gm7329"
"ENSMUSG00000100801.2",388.949490889224,-0.0949991221156128,0.0632437764642109,-1.50211020635954,1,1,"Gm15459"
"ENSMUSG00000100816.2",79.3995865946557,0.667528899469295,0.35717645577344,1.86890509908838,0.824031152899105,1,"Gm28321"
"ENSMUSG00000100862.2",248068.923704722,0.181078828613032,0.111059823130182,1.63046206548317,0.999999999999917,1,"Atp6-ps"
"ENSMUSG00000100863.2",95.1458356596584,0.127298585904265,0.0764804229645127,1.66445975283548,1,1,"Gm12669"
"ENSMUSG00000100876.2",42.0352519512714,-0.756020537002907,0.0977383205995487,-7.73514965640199,0.993724327243819,1,"2810454H06Rik"
"ENSMUSG00000100944.2",23.2290395143235,0.519235317337795,0.13369431963712,3.88375002578367,0.999838425679664,1,"Gm28900"
"ENSMUSG00000100954.8",68.6443520411058,-0.634013334835168,0.140215616451052,-4.52170272386527,0.995475144660745,1,"Gm10138"
"ENSMUSG00000101013.2",136.160360929708,-0.278713248296978,0.0736279837071812,-3.78542551708902,1,1,"A630072M18Rik"
"ENSMUSG00000101037.4",13.3892730843824,-0.140809501504055,0.16762215923217,-0.840041090921769,0.999999851832911,1,"Gm28424"
"ENSMUSG00000101111.2",179031.204153024,0.472033661870338,0.106464577400357,4.43371563947763,0.999999645860697,1,"Gm28437"
"ENSMUSG00000101122.2",8.32826102808559,-0.149264072506792,0.166777002392418,-0.894991937530936,0.999999831105446,1,"Gm17971"
"ENSMUSG00000101144.3",9.93720904178496,-0.613910692212011,0.158960282473465,-3.86203825672297,0.992426420659856,1,"Gm29054"
"ENSMUSG00000101162.5",15.5218017783167,-1.26197114642832,0.218284885708164,-5.78130337487276,0.115043621671141,1,"Gm26728"
"ENSMUSG00000101172.4",12.2105654960785,-0.179796345013401,0.259721334767431,-0.692266367622052,0.999208539744045,1,"Gm28535"
"ENSMUSG00000101188.2",207.488664054107,0.306192872468138,0.0619638378225471,4.94147688761658,1,1,"Eif4a-ps4"
"ENSMUSG00000101191.8",31.8017291335028,0.871484720838375,0.170401041208618,5.1143157028685,0.774633341659406,1,"Gm28809"
"ENSMUSG00000101224.3",8.19887864870405,-1.15623170231123,0.227524413405049,-5.08179181744712,0.246148797347677,1,"Gm28209"
"ENSMUSG00000101225.3",87.9445605051817,-0.712359778598502,0.086153669330993,-8.26847868616824,0.999579124743131,1,"1700008J07Rik"
"ENSMUSG00000101249.2",39576.6648982579,0.779370966732236,0.166377191286226,4.68436184495655,0.907592969445825,1,"Gm29216"
"ENSMUSG00000101304.4",32.089059000232,-0.973416543683508,0.176995022209436,-5.49968316358454,0.559693921491661,1,"Plet1os"
"ENSMUSG00000101309.2",14.0796890970781,1.38347975444772,0.576538203022377,2.39963240457462,0.252997662872482,1,"Gm29397"
"ENSMUSG00000101320.2",11.3573814324759,0.158981112128663,0.145123953766888,1.09548498371285,0.999999996587527,1,"Gm28529"
"ENSMUSG00000101330.2",102.472603329924,0.0614740415383052,0.100507667341152,0.611635342502225,1,1,"Gm10193"
"ENSMUSG00000101335.2",194.619458803749,0.089124005825765,0.125388617989964,0.710782264406952,0.999999999999813,1,"Gm28229"
"ENSMUSG00000101429.3",13.2762809362754,-0.0927582787507272,0.316570658093995,-0.293009716406458,0.998198862037486,1,"BC055402"
"ENSMUSG00000101431.2",52.1615553451292,0.454335922306241,0.140172621676411,3.2412600754167,0.999950453218204,1,"Gm7901"
"ENSMUSG00000101438.5",77.4931906867766,-0.194012782512656,0.129132965448638,-1.50242644733365,0.999999999783344,1,"Gm19412"
"ENSMUSG00000101450.2",21.0205372311521,-0.265790549854609,0.155506375431098,-1.70919391001031,0.999998828927154,1,"Gm28941"
"ENSMUSG00000101452.2",18.4392270674258,0.757230305299083,0.159171218824009,4.75733182728423,0.936396761774237,1,"Gm28530"
"ENSMUSG00000101493.4",16.9857362188126,-0.528671771111362,0.153097695690155,-3.45316608932708,0.998960159322696,1,"2810405F17Rik"
"ENSMUSG00000101502.2",16.7203929933228,0.438501736619987,0.179621429336376,2.4412551344239,0.999114020340372,1,"Rpl7a-ps10"
"ENSMUSG00000101523.3",173.925346645961,-0.30979731065596,0.154330081264575,-2.00736828567374,0.999996129954889,1,"Csnk2a1-ps3"
"ENSMUSG00000101567.2",8.22998499765872,1.13869522550139,0.220497157364439,5.1642172584536,0.264670796676129,1,"Txn-ps1"
"ENSMUSG00000101589.2",7.89393153730634,-0.202630074989334,0.150134553410592,-1.3496564940329,0.999999945497919,1,"Rbm6-ps1"
"ENSMUSG00000101609.5",651.981375869599,-0.503836776783189,0.125025937300238,-4.02985802516539,0.999963834090523,1,"Kcnq1ot1"
"ENSMUSG00000101655.4",64.2611812717423,0.0388583955023628,0.201994289691017,0.192373732751569,0.999999158848246,1,"2310040G24Rik"
"ENSMUSG00000101678.4",127.612409987912,-0.0312196407891595,0.105507847746738,-0.295898754982656,1,1,"Gm29609"
"ENSMUSG00000101792.2",9.36140273490066,0.844608535652264,0.182507846478904,4.62779300697022,0.802732921198869,1,"Gm28447"
"ENSMUSG00000101795.3",115.216093842823,0.640379453001788,0.0845104865152376,7.57751468968677,0.999989563251478,1,"Gm5835"
"ENSMUSG00000101807.2",7.76747026322461,-0.0288936283081236,0.473734957784275,-0.0609911255932287,0.994745109421796,1,"Gm9120"
"ENSMUSG00000101834.2",45.6395251726197,0.0816997434899879,0.174562435525604,0.468025914303909,0.999999928488902,1,"Gm5829"
"ENSMUSG00000101856.3",154.595059548989,-0.451874763687573,0.0944083176531425,-4.78638720528595,0.999999996798939,1,"1700096K18Rik"
"ENSMUSG00000101878.2",14.3509548218817,0.311295545344451,0.159527539088152,1.95135928958596,0.999992097193628,1,"Gm8203"
"ENSMUSG00000101892.2",728.574031646775,-0.101376119811338,0.0435158784426715,-2.32963514559158,1,1,"9130401M01Rik"
"ENSMUSG00000101942.3",10.7492534169281,-0.834168954432684,0.243068429058298,-3.43182764485064,0.752456449943815,1,"Gm19582"
"ENSMUSG00000101968.8",28.0783732555274,-0.721475904549944,0.265819048521453,-2.71416178999571,0.85263366218996,1,"Teshl"
"ENSMUSG00000101970.11",995.164761512936,0.366462171026732,0.117219683278709,3.1262852856837,0.999999967542461,1,"Chaserr"
"ENSMUSG00000102014.3",27.4339001274092,-0.513814650244257,0.139798860733904,-3.6753851036187,0.999747178426532,1,"2900009J06Rik"
"ENSMUSG00000102037.2",17.0492735123777,0.0774028368450616,0.472295716806552,0.163886383235538,0.985883927350715,1,"Bcl2a1a"
"ENSMUSG00000102062.3",24.9180829430609,0.245606403630996,0.136949043499967,1.79341452378274,0.999999981912134,1,"Gm29246"
"ENSMUSG00000102070.2",197038.366777716,0.436830460591254,0.112108317914341,3.89650356653306,0.999999746231115,1,"Gm28661"
"ENSMUSG00000102101.3",50.7216905377056,-0.357044380793766,0.108266587452377,-3.29782612711256,0.999999998562965,1,"Zbtb11os1"
"ENSMUSG00000102135.2",11.1723371815209,0.886511873009258,0.204314437903825,4.33895852933584,0.710709348342981,1,"Gm37108"
"ENSMUSG00000102143.2",33.7941259582733,0.168369812427553,0.167730522836262,1.00381140880313,0.999999644131884,1,"Gm38057"
"ENSMUSG00000102145.2",9.95023505949141,0.249144399611666,0.134056103174609,1.85850844319376,0.999999989347441,1,"Gm38056"
"ENSMUSG00000102158.3",32.7290467243003,-0.319153305241113,0.141317839786839,-2.25840775462261,0.999999274395474,1,"Gm34342"
"ENSMUSG00000102189.2",375.386456148916,0.206560005629304,0.122512567910734,1.68603114890065,0.999999999953031,1,"Gm37194"
"ENSMUSG00000102190.2",111.948445443078,-0.187784636991596,0.0849309249397683,-2.21102781024427,1,1,"Gm38166"
"ENSMUSG00000102224.7",24.2494473364789,0.345384863110361,0.372864058468277,0.926302375533861,0.960579207438608,1,"4930447F24Rik"
"ENSMUSG00000102246.2",22.6132986721551,-0.730863870028877,0.13451516444768,-5.43331952965905,0.977292300525475,1,"9430037O13Rik"
"ENSMUSG00000102263.3",14.2043237776407,-1.21362088615603,0.209934741866818,-5.78094352256353,0.154443903151547,1,"Gm31415"
"ENSMUSG00000102275.2",35.7313907751282,0.131590970913446,0.12362381577069,1.06444676612744,0.999999999998927,1,"Gm37144"
"ENSMUSG00000102277.3",20.4781760382831,-0.204132307731877,0.231148560372063,-0.883121691968579,0.999712551829747,1,"A130050O07Rik"
"ENSMUSG00000102302.2",102.426507492017,-0.264253994168608,0.102388776252597,-2.58088829498933,0.999999999999666,1,"Gm38190"
"ENSMUSG00000102324.2",8.53466971919172,-0.0359273534767183,0.225117014227465,-0.159594127525235,0.999992856407057,1,"Gm19721"
"ENSMUSG00000102326.2",10.7290697418804,0.292722994557028,0.204573444729797,1.43089439073414,0.99972721750079,1,"Gm37788"
"ENSMUSG00000102353.2",31.5023024374981,0.692414115921391,0.210609889398941,3.28766193219829,0.927917217753072,1,"Gm38345"
"ENSMUSG00000102374.2",38.7095718613108,-0.697550800063776,0.100385489702036,-6.94872139523597,0.998706083932617,1,"Gm38387"
"ENSMUSG00000102386.2",27.6791929651223,-0.240090540304476,0.24450812758945,-0.981932758929013,0.999058122547452,1,"2900022M07Rik"
"ENSMUSG00000102411.2",106.882019319093,0.159152866641376,0.0898124117514955,1.77205871145895,1,1,"Gm36936"
"ENSMUSG00000102425.2",11.2719046086561,-0.428451451672511,0.18486176043529,-2.31768566232219,0.999005138136926,1,"Gm26616"
"ENSMUSG00000102428.2",141.894599963346,-0.233103998873633,0.123828510433688,-1.88247438378469,0.999999999705245,1,"Pcdhga12"
"ENSMUSG00000102440.2",39.6875851299599,0.559787522696724,0.169766452383778,3.29739777698397,0.995243518647794,1,"Pcdhga9"
"ENSMUSG00000102465.2",14.6412132193748,-0.175317090513108,0.248941627718898,-0.70424979590426,0.999539264535881,1,"Gm38198"
"ENSMUSG00000102496.2",52.2038698202702,0.189182307411961,0.150491922520422,1.25709276779482,0.99999996433378,1,"Gm36989"
"ENSMUSG00000102516.2",15.8800551756403,1.01211363595265,0.234790881387422,4.31070248542826,0.479426379754826,1,"Gm38340"
"ENSMUSG00000102525.2",11.3800741931416,0.570529080683393,0.521281606614119,1.09447383802615,0.796288876292241,1,"Gm37784"
"ENSMUSG00000102526.2",20.4357397842249,-0.791602257619031,0.126453885099583,-6.26000740899056,0.950325075988048,1,"Gm37785"
"ENSMUSG00000102533.2",13.6057159143647,-0.415589809659781,0.147461446559538,-2.81829467536103,0.999963014637654,1,"Gm37226"
"ENSMUSG00000102543.6",278.482506666098,-0.163578074469529,0.173522904208541,-0.942688662431213,0.999999283079487,1,"Pcdhgc5"
"ENSMUSG00000102545.3",13.3498303052871,0.00767485622269388,0.26938565517811,0.0284902186704021,0.999976821539742,1,"6430573P05Rik"
"ENSMUSG00000102550.2",22.1765588715005,0.660675532460995,0.115662468870701,5.71209951604582,0.998325516822071,1,"Gm8276"
"ENSMUSG00000102553.2",32.995648917501,-0.533845462107535,0.105483180885262,-5.0609533920694,0.999995047362484,1,"D930036K23Rik"
"ENSMUSG00000102555.2",79.32061582168,-0.745555039378155,0.116962770581169,-6.37429359507827,0.98520125081544,1,"6430511E19Rik"
"ENSMUSG00000102559.2",54.6234818781023,-0.571295665565688,0.12868722210902,-4.43941252443622,0.999567896704399,1,"Gm37570"
"ENSMUSG00000102564.3",30.5836138688393,-0.178619761561089,0.11635086163679,-1.53518211251999,0.999999999999165,1,"Gm37035"
"ENSMUSG00000102570.2",14.0451616427536,0.0197143072640539,0.157583714243009,0.125103709851975,0.999999999801275,1,"Gm37968"
"ENSMUSG00000102573.2",12.5171159061617,0.52040687550668,0.144216990335625,3.60849907001649,0.999558694264447,1,"Gm7265"
"ENSMUSG00000102577.2",12.8634848654388,0.52048559059255,0.195651764281309,2.66026525497717,0.992874163273701,1,"Gm37969"
"ENSMUSG00000102602.2",139.490116519904,0.0748019690454166,0.121973328276622,0.613264966220929,0.999999999999983,1,"A930004J17Rik"
"ENSMUSG00000102605.2",10.2854688891438,-0.57041304101671,0.167036814696282,-3.41489414805877,0.994941580921219,1,"Gm37264"
"ENSMUSG00000102627.2",28.4332490501885,-1.25863411955827,0.346303863636778,-3.63447899870499,0.227579601180803,1,"Snurf"
"ENSMUSG00000102632.2",9.3500399921144,-0.00757587861497439,0.155839353463387,-0.0486133858143495,0.999999999954892,1,"Gm37786"
"ENSMUSG00000102672.2",15.3559629445433,0.638316614450521,0.219146889076932,2.91273408962898,0.950570991243733,1,"Gm37105"
"ENSMUSG00000102691.2",28.9676996521535,0.304836000976929,0.126643939017442,2.40703189858099,0.999999979803142,1,"Gm37780"
"ENSMUSG00000102697.2",1291.38313256306,-0.200116406938267,0.14072100127396,-1.42207918595373,0.999999993427936,1,"Pcdhac2"
"ENSMUSG00000102700.2",10.8417684984163,-0.591105424922546,0.264815196012547,-2.23214314670424,0.938714942168378,1,"Gm38312"
"ENSMUSG00000102721.2",10.1052870372343,-0.667710751346526,0.207961608707797,-3.21074046068144,0.944960636380082,1,"A630081D01Rik"
"ENSMUSG00000102742.2",49.80579074151,-0.100101501475084,0.235915566718816,-0.424310709408987,0.999933326146295,1,"Pcdhga11"
"ENSMUSG00000102747.2",30.3719267982109,-0.129454399320063,0.205261062931837,-0.630681715621108,0.999988900484844,1,"Gm37602"
"ENSMUSG00000102748.2",245.145880067484,-0.68308262778388,0.170900825048489,-3.99695336514656,0.968158555083498,1,"Pcdhgb2"
"ENSMUSG00000102752.2",512.970834769168,-0.204426807993489,0.085853882993193,-2.38110148156837,1,1,"Gm7694"
"ENSMUSG00000102758.4",73.7928513278135,0.608889683100352,0.165984927710656,3.66834321343782,0.990771002673744,1,"Naaladl2"
"ENSMUSG00000102776.2",36.0155215909125,-0.826915513763991,0.149985225993847,-5.51331311657267,0.875752014056949,1,"Gm38162"
"ENSMUSG00000102780.2",67.9401804296892,-0.397428461798692,0.0960464086664411,-4.13787946178101,0.999999999823777,1,"Gm38253"
"ENSMUSG00000102813.2",31.2063617214144,-0.153430080295668,0.141704948325919,-1.08274327825717,0.999999998843701,1,"Gm37795"
"ENSMUSG00000102824.2",16.6554320737688,0.22237702839204,0.117382810925445,1.89445990123104,0.999999999982599,1,"Pdcd5-ps"
"ENSMUSG00000102828.6",22.0629650852919,-0.398695182903572,0.345846737564292,-1.15280885895145,0.95897766054528,1,"Gm38182"
"ENSMUSG00000102840.3",40.995318030777,-0.856034863418728,0.128494747190609,-6.6620222393129,0.868727700724635,1,"Gm38037"
"ENSMUSG00000102869.5",20685.7809748827,-0.197053271728315,0.0747843108018384,-2.6349547066157,1,1,"Norad"
"ENSMUSG00000102909.3",10.1759755951288,-0.407375301039844,0.150125885561994,-2.71355802175515,0.999960517278292,1,"Gm2453"
"ENSMUSG00000102914.2",9.87529533584569,0.836781193488058,0.590387610310773,1.41734206286542,0.609834590488306,1,"Gm35106"
"ENSMUSG00000102918.2",31299.8364616544,0.27394151661061,0.0808183107803313,3.38959715893096,1,1,"Pcdhgc3"
"ENSMUSG00000102923.4",22.5071815584304,-0.0890217220803082,0.173226716293202,-0.513902958996409,0.999999927693909,1,"Gm31728"
"ENSMUSG00000102929.2",11.3633896708961,-0.266924544361137,0.162003843779717,-1.64764327890939,0.999996980935247,1,"Gm37154"
"ENSMUSG00000102964.2",15.0525429337554,-0.291583757078692,0.156535392645087,-1.86273373804862,0.999996988750212,1,"9430034N14Rik"
"ENSMUSG00000102972.2",21.6840265587802,-0.254578222019727,0.140828071572293,-1.80772355381605,0.999999939880948,1,"Gm37348"
"ENSMUSG00000102976.7",6427.95141346814,-0.257890774570479,0.0415698191072411,-6.2037983351618,1,1,"Zc3h11a"
"ENSMUSG00000103034.2",1361.39853395642,-0.138562453159031,0.117402236157164,-1.18023691621633,0.999999999999891,1,"Gm8797"
"ENSMUSG00000103037.2",109.603290568281,-1.05144731617489,0.327159704981824,-3.21386558357883,0.437522162731791,1,"Pcdhgb1"
"ENSMUSG00000103038.2",10.8343287715082,0.0435985067613461,0.198512175561192,0.219626361144315,0.999999347597925,1,"Gm37124"
"ENSMUSG00000103039.2",45.1078830604966,0.554619901820886,0.140824580993966,3.93837423769541,0.999218322736335,1,"Gm37123"
"ENSMUSG00000103041.3",153.475721278413,0.125698412172243,0.10844303125569,1.15911931561436,1,1,"Gm37305"
"ENSMUSG00000103046.2",35.8920144410859,0.21625109836142,0.105145649089747,2.05668137705668,0.999999999999955,1,"Gm37309"
"ENSMUSG00000103047.2",67.9743090254391,0.734392928074976,0.217439153891807,3.37746406261493,0.889056094242786,1,"Gm37310"
"ENSMUSG00000103062.2",8.6760717753671,-0.377655304148637,0.150679507047909,-2.50634815276215,0.999981881898126,1,"Gm37200"
"ENSMUSG00000103076.2",12.9143671369259,-0.206791777836238,0.164310410253081,-1.25854337237503,0.999999308705675,1,"Gm37902"
"ENSMUSG00000103081.4",792.451144537546,0.494872742920276,0.0895215553370876,5.52797302344519,0.999999991621096,1,"Pcdhgb8"
"ENSMUSG00000103088.2",64.0288518031654,0.20210833915688,0.188720148541007,1.0709420309351,0.999988206450147,1,"Pcdhgb6"
"ENSMUSG00000103098.2",13.1133797062969,0.820115420838365,0.172078856409099,4.76592788883154,0.852071994894089,1,"Gm37559"
"ENSMUSG00000103103.4",15.1304717710942,0.417232746301984,0.159544015812592,2.61515760510934,0.999870253950715,1,"4833445I07Rik"
"ENSMUSG00000103115.3",22.4664845324147,-0.611205967801245,0.146643197929742,-4.16798035251576,0.99599078341883,1,"Gm37584"
"ENSMUSG00000103133.2",33.8399639873151,0.171640725321911,0.10812271944119,1.58746215604825,0.999999999999991,1,"Gm37303"
"ENSMUSG00000103156.3",8.44855857150269,-0.524589847154645,0.200058400342173,-2.62218355368934,0.991257728213521,1,"Gm38293"
"ENSMUSG00000103183.2",122.81426258078,-0.0155647210885652,0.106477729649225,-0.146178183361355,1,1,"Gm37090"
"ENSMUSG00000103238.2",9.96010029789287,-0.0470221968963771,0.154771310235068,-0.303817269653912,0.999999999636756,1,"Gm36527"
"ENSMUSG00000103272.2",10.079497027685,-0.391157096623966,0.170664553799497,-2.29196448773723,0.999819786658956,1,"Gm37914"
"ENSMUSG00000103280.2",170.918337032442,-0.338996560960884,0.127782391649423,-2.652920770891,0.999999884745693,1,"Gm37277"
"ENSMUSG00000103285.2",25.3767616624084,-0.531316255717032,0.134268984795735,-3.95710339603244,0.999759061118082,1,"Gm37274"
"ENSMUSG00000103309.2",131.176244052237,-0.393992320272745,0.0791919782798935,-4.97515441374923,0.99999999999999,1,"BC037039"
"ENSMUSG00000103310.2",49.2501478917161,0.525716119712364,0.274619556365825,1.91434334345821,0.957921383024185,1,"Pcdha12"
"ENSMUSG00000103313.2",32.9883756376748,0.301658958546956,0.185215264663865,1.62869382874256,0.999918516483683,1,"Gm38357"
"ENSMUSG00000103332.2",38.9049922360957,-0.87550230951935,0.192565506908475,-4.54651678576822,0.741029077196238,1,"Pcdhga2"
"ENSMUSG00000103343.2",8.79311183801343,-0.0503351980898624,0.226186293495794,-0.222538675142128,0.999988282578543,1,"Gm37052"
"ENSMUSG00000103364.2",18.6160018090702,0.344276616977577,0.29336796315198,1.17353174245281,0.987298770435601,1,"Gm38157"
"ENSMUSG00000103373.2",8.28151773536486,0.236834530757585,0.217430799529261,1.08924095054764,0.999775888580952,1,"Gm37238"
"ENSMUSG00000103388.2",19.5074359194242,0.290233912484416,0.121284180112064,2.39300716891721,0.999999997572849,1,"Gm37581"
"ENSMUSG00000103408.3",24.6010836603951,-0.835717446130925,0.111716786202083,-7.48067926532727,0.92929046481262,1,"Gm37933"
"ENSMUSG00000103423.2",8.24215964260946,0.449306986222054,0.192981231123126,2.32824188967573,0.997838716443626,1,"Gm5845"
"ENSMUSG00000103427.2",29.006010374894,-0.306991273373462,0.105095372379654,-2.92107317784141,0.999999999978607,1,"Gm37534"
"ENSMUSG00000103436.2",122.732483780118,0.0154428304143941,0.092756067801263,0.166488627433857,1,1,"Gm36995"
"ENSMUSG00000103445.2",22.3130001782892,-0.0050336410823274,0.154627318911236,-0.0325533749001816,0.99999999997834,1,"Gm36948"
"ENSMUSG00000103473.2",19.8793609674024,0.353806923789651,0.120618404220082,2.93327478569597,0.999999957770545,1,"Gm37696"
"ENSMUSG00000103483.2",13.488410813791,0.88195146174007,0.184423695290606,4.78220252744818,0.738944321239593,1,"Gm20162"
"ENSMUSG00000103502.2",28.3377127452211,-0.139949541979483,0.140368206571457,-0.997017383051339,0.999999999552532,1,"9330121J05Rik"
"ENSMUSG00000103507.2",20.5358571223238,0.21916841071659,0.146105381908798,1.50007075614367,0.999999954617457,1,"Gm38375"
"ENSMUSG00000103509.2",94.6519209470033,-0.0119235984065379,0.127489823984756,-0.093525883351785,0.999999999999996,1,"Gm38372"
"ENSMUSG00000103520.2",18.108588257011,-0.846444574959947,0.129269636018841,-6.54789942192284,0.882557536089147,1,"1110025M09Rik"
"ENSMUSG00000103529.2",31.2111694041748,-1.05277589888131,0.174883597760693,-6.01986642750741,0.381410920601897,1,"A730089K16Rik"
"ENSMUSG00000103553.2",16.0538592856183,-0.228955426980795,0.168438988691013,-1.3592780908985,0.999997648179115,1,"Gm38218"
"ENSMUSG00000103558.2",22.8983833560409,0.409881541921003,0.139128938806318,2.94605525951436,0.999988899545017,1,"Gm38220"
"ENSMUSG00000103567.2",37.4974833356308,-0.410076612321383,0.22782596798745,-1.7999555359904,0.995192270942925,1,"Pcdhga5"
"ENSMUSG00000103569.2",12.022269811078,-0.376196618797404,0.162660493917296,-2.3127718952377,0.999937218460541,1,"Gm38067"
"ENSMUSG00000103585.2",41.7653121750808,-1.18853946749913,0.245970920680011,-4.83203243787231,0.221686092817127,1,"Pcdhgb4"
"ENSMUSG00000103621.2",12.73208603609,0.115409202188769,0.172969187315409,0.667224052907877,0.999999842480086,1,"Gm38366"
"ENSMUSG00000103622.2",113.847625875924,-0.802934488824543,0.0900335129907497,-8.91817349065385,0.985694373908887,1,"B430319G15Rik"
"ENSMUSG00000103651.2",97.3144689138671,0.155187060997343,0.10562800109085,1.46918486949183,0.999999999999999,1,"Gm37206"
"ENSMUSG00000103653.2",19.9768358983715,0.691343261002603,0.12454578467143,5.55091657920391,0.993398740596755,1,"Gstp-ps"
"ENSMUSG00000103672.2",12.0191140880228,-0.0261541714314696,0.160481276105115,-0.162973351572421,0.999999999434255,1,"Gm37621"
"ENSMUSG00000103677.2",41.4953479370711,-0.621892919882322,0.188350880921899,-3.30177866351576,0.977649709497619,1,"Pcdhga4"
"ENSMUSG00000103703.3",21.3046237464146,-0.082334695110108,0.10827787336102,-0.760401849005548,1,1,"Gm42568"
"ENSMUSG00000103706.2",11.4413952649353,-0.828240515723814,0.135999319651192,-6.09003425787767,0.896695293665063,1,"6820402A03Rik"
"ENSMUSG00000103711.2",13.2463322518297,-0.284905182954107,0.146877223460011,-1.9397506042295,0.999999438203721,1,"Tstd1"
"ENSMUSG00000103715.2",32.5980722577187,0.187249173538687,0.168684542922865,1.11005531564508,0.999999275596925,1,"4933431K14Rik"
"ENSMUSG00000103731.2",24.081518385473,0.200930607498164,0.121093523971177,1.65930101717075,0.999999999979272,1,"Gm17530"
"ENSMUSG00000103739.2",12.9189887800188,0.0658631697612918,0.188031855975551,0.350276656152646,0.99999966891645,1,"Gm37653"
"ENSMUSG00000103746.3",8.35793436787037,-0.357784584196589,0.5397857334588,-0.662827047880652,0.888874245235881,1,"1700001G17Rik"
"ENSMUSG00000103749.2",19.8885047172592,-0.775826145165713,0.232206917381205,-3.34109833555074,0.832829147314671,1,"Pcdhgb5"
"ENSMUSG00000103755.3",8.34969123949718,1.09594780162673,0.599842225677382,1.82706010799608,0.436696009392514,1,"Gm37805"
"ENSMUSG00000103756.2",39.823428992419,-0.83491876383794,0.12452133498283,-6.70502580102488,0.907534850213324,1,"Gm37285"
"ENSMUSG00000103793.2",137.511907097695,0.103138013669849,0.161421509152854,0.638936001844616,0.999999986204786,1,"Pcdhga6"
"ENSMUSG00000103827.4",17.1730146914809,0.0616350558841914,0.362501968438801,0.170026817094641,0.996883639893805,1,"Gm32950"
"ENSMUSG00000103839.2",69.8613251419766,0.251336286709267,0.118465307716551,2.12160244677398,0.999999999868953,1,"Gm37607"
"ENSMUSG00000103851.2",14.3937826940503,0.115170261046073,0.163715896875849,0.703476346792458,0.999999967540189,1,"Gm37606"
"ENSMUSG00000103857.2",12.3230301577768,0.0747589468374255,0.14105936365204,0.529982164259851,0.99999999997297,1,"Gm37249"
"ENSMUSG00000103869.2",9.57400250716081,0.606101965884262,0.211614904137315,2.8641742808955,0.968655495050452,1,"Gm37420"
"ENSMUSG00000103880.2",12.4109803367753,0.71220952506832,0.157821616464968,4.51275016072599,0.965887473288777,1,"Gm37009"
"ENSMUSG00000103891.2",15.0975532954069,-1.06516979474697,0.260463431619069,-4.08951762681524,0.401213605045615,1,"Gm37941"
"ENSMUSG00000103897.2",46.4003910151984,0.121891472352595,0.219597353586807,0.555068038670198,0.999968319194259,1,"Pcdhga8"
"ENSMUSG00000103898.2",13.3391545571159,0.118000183502789,0.509665866552431,0.23152459532161,0.972365834331701,1,"Gm30238"
"ENSMUSG00000103899.2",18.8565366279736,0.435572146131274,0.178751871111632,2.43674174386268,0.999204646099649,1,"Gm37940"
"ENSMUSG00000103901.2",72.6860297730877,0.197133287570368,0.107571897797069,1.83257236887512,0.999999999999958,1,"Gm37499"
"ENSMUSG00000103906.2",138.695396207845,-0.271008802133824,0.0633139420786225,-4.28039691158842,1,1,"Tigd5"
"ENSMUSG00000103928.2",43.5643656608633,-0.421538718187542,0.103334628484263,-4.07935582070379,0.999999989154451,1,"Gm37893"
"ENSMUSG00000103932.2",14.6210417851223,0.0698985210367895,0.335329780917826,0.208447101970697,0.997938715240431,1,"Gm36963"
"ENSMUSG00000103945.2",34.7414391868809,0.674983746647348,0.141636727545776,4.76559829038127,0.989125335525077,1,"Gm38228"
"ENSMUSG00000103947.2",9.75488956836312,-0.977619565854514,0.257252755572941,-3.80022971445809,0.534663385603643,1,"Gm37345"
"ENSMUSG00000103973.2",8.37797912820453,-0.973396223493173,0.167951812593391,-5.79568751573852,0.56292968428673,1,"BC055308"
"ENSMUSG00000103976.2",17.2101611996978,0.0258538536808076,0.180627191581265,0.143133785419987,0.999999972138276,1,"Gm37677"
"ENSMUSG00000104002.3",11.6115657043853,-0.0188897144700745,0.143392307318157,-0.131734503917021,0.999999999996698,1,"Gm38336"
"ENSMUSG00000104011.4",25.1259809432598,0.695698301766883,0.166348468973571,4.18217436000216,0.966322860451669,1,"Gm32391"
"ENSMUSG00000104018.2",13.8502469665323,-0.0629525174024858,0.148418856862379,-0.424154441917433,0.999999999864031,1,"4833412K13Rik"
"ENSMUSG00000104063.2",50.4423467566711,0.28932013540974,0.197493775962612,1.4649582448842,0.999839966471858,1,"Pcdhgb7"
"ENSMUSG00000104094.2",17.2260707383394,0.285640086713416,0.169484730115475,1.68534408096117,0.999987505138892,1,"Gm37314"
"ENSMUSG00000104126.2",8.64416708057753,-0.380447487674605,0.17347887159942,-2.19304797274158,0.999822422128793,1,"Gm37486"
"ENSMUSG00000104132.2",16.1192924289476,0.0419399577193211,0.217794499086312,0.192566652947007,0.99999541937846,1,"Gm36952"
"ENSMUSG00000104145.2",24.0311400893859,-0.287665311137518,0.225549947772636,-1.27539515738437,0.999206306978193,1,"D130019J16Rik"
"ENSMUSG00000104154.2",10.4243169737639,-0.617728546958255,0.189959111055232,-3.2519027043596,0.977910478609969,1,"Gm38104"
"ENSMUSG00000104156.4",20.5876476545903,-0.120718663798605,0.234768295451857,-0.514203434353256,0.999910820651996,1,"Gm38102"
"ENSMUSG00000104164.2",53.2333655943823,-0.521010233360465,0.126066977025834,-4.13280500296042,0.999927501870227,1,"Gm38248"
"ENSMUSG00000104167.2",13.5862004899098,-0.849051496101213,0.208658199760887,-4.0691019910753,0.765290511873114,1,"A030012G06Rik"
"ENSMUSG00000104168.4",30.0165708527032,0.295207803291925,0.149712273708273,1.97183434584102,0.999998747023255,1,"Gm38250"
"ENSMUSG00000104186.2",13.5220132198232,-0.615941700902225,0.260242776091474,-2.36679653573064,0.929997082613066,1,"Gm37819"
"ENSMUSG00000104195.2",24.7212427062005,-0.583503489603802,0.170950753076408,-3.41328411313286,0.992581916484244,1,"B230377A18Rik"
"ENSMUSG00000104204.2",40.1184870213587,-0.609695982978753,0.103370743532531,-5.89814837490146,0.999920242515711,1,"Gm37397"
"ENSMUSG00000104214.2",29.8589319836444,-0.283350180652897,0.133036039849503,-2.12987534034715,0.999999964155323,1,"Gm36638"
"ENSMUSG00000104253.2",19.5924252451787,-1.19005915930665,0.149839041986619,-7.94225018745731,0.10232361842994,1,"Gm37174"
"ENSMUSG00000104263.2",39.9457693653621,-0.456686460033907,0.117782617084858,-3.87736723242344,0.999998014074854,1,"9430062P05Rik"
"ENSMUSG00000104264.2",12.3747432714804,-0.753002200341251,0.182709089194708,-4.12131768408519,0.911790551624103,1,"Gm18529"
"ENSMUSG00000104273.2",11.9830875083168,0.759105296571034,0.138733161564842,5.47169319871829,0.958752441500203,1,"A530064N14Rik"
"ENSMUSG00000104279.2",47.309503302626,-0.984332866235448,0.10879307032432,-9.04775334771857,0.557253146242128,1,"Gm38300"
"ENSMUSG00000104282.2",9.78089387881674,0.531173399680306,0.251326869675039,2.11347636791523,0.968937728036599,1,"Gm37460"
"ENSMUSG00000104293.2",13.0154918998369,0.291051101492802,0.217018832827659,1.34113292243136,0.999456076075123,1,"Gm38043"
"ENSMUSG00000104309.2",10.4568100391894,-0.121815045596996,0.130156720193851,-0.935910534742794,0.99999999999246,1,"Gm5846"
"ENSMUSG00000104342.2",81.1068496538688,-0.202673619540595,0.133901297440565,-1.51360459842113,0.999999998696321,1,"Gm36401"
"ENSMUSG00000104344.2",67.644771985643,0.240688942849447,0.127122558219943,1.89336138463337,0.999999998835801,1,"Gm38077"
"ENSMUSG00000104348.2",37.4616411849369,-0.257945753037239,0.176111230455855,-1.46467520764893,0.999987430849271,1,"Gm37691"
"ENSMUSG00000104379.2",15.5173696020574,-0.163696122095598,0.154036367841579,-1.06271086750081,0.999999971706323,1,"Gm37509"
"ENSMUSG00000104394.3",144.584090716494,0.0335703917390483,0.0749719094459764,0.447772932383943,1,1,"Gm37254"
"ENSMUSG00000104399.2",17.3228612030235,-0.0691256168451515,0.115723149172006,-0.597336119348137,1,1,"Gm37963"
"ENSMUSG00000104420.2",16.2455971075007,1.01221541610217,0.218146153054313,4.64007914845126,0.477672306743527,1,"E230020A03Rik"
"ENSMUSG00000104432.2",24.049218088362,0.274637296382984,0.153060663678641,1.79430357730318,0.999998926406964,1,"A430027C01Rik"
"ENSMUSG00000104459.2",11.8626843848984,0.502852919663459,0.158247279960708,3.17764020833923,0.999159816233646,1,"Gm37824"
"ENSMUSG00000104467.2",47.287507615394,0.686212733668548,0.174619917066261,3.92975065615314,0.963830042381306,1,"Gm37660"
"ENSMUSG00000104496.2",8.60605966393891,-0.0410195138443259,0.183109324350275,-0.224016521222363,0.999999925016954,1,"Gm5837"
"ENSMUSG00000104503.2",12.6833058042414,0.208073701894709,0.148505558295809,1.40111726646787,0.999999951601769,1,"Gm37738"
"ENSMUSG00000104546.2",39.7194538892157,0.177428895054198,0.106758572876154,1.66196390860362,0.999999999999993,1,"Gm43858"
"ENSMUSG00000104548.2",17.6809255782988,-0.500874015784743,0.127103611484891,-3.94067493388481,0.999956980088407,1,"Gm43857"
"ENSMUSG00000104563.2",12.9676696256785,-0.192004001551066,0.170430206569267,-1.12658433863384,0.999998936252398,1,"Gm43041"
"ENSMUSG00000104569.2",10.0283701824307,-0.376155010094112,0.142564730069625,-2.63848575948909,0.99999395259712,1,"Gm43054"
"ENSMUSG00000104597.2",364.127772893629,0.253703327878739,0.227913987879931,1.11315382719026,0.999470710076827,1,"Lrrc7"
"ENSMUSG00000104605.2",13.0163818636583,0.484133363375787,0.13511691412192,3.58307001400978,0.999932711380796,1,"Gm42922"
"ENSMUSG00000104623.2",13.395301249788,0.642631886272701,0.127159636649423,5.05374113363051,0.997525921517775,1,"Gm6394"
"ENSMUSG00000104633.2",8.62813722967727,-0.116938757594838,0.22565791501549,-0.518212523530632,0.999954845075212,1,"Gm42421"
"ENSMUSG00000104649.2",31.7312937087141,0.568140818264845,0.118711437497695,4.78589789021698,0.999862559751164,1,"Gm43712"
"ENSMUSG00000104671.2",111.123495083766,-0.779288684995446,0.103462648655027,-7.53207747071904,0.983547737608056,1,"Gm43062"
"ENSMUSG00000104682.2",40.8767871082426,-0.3238376541901,0.139385341580869,-2.32332647405549,0.999999385887337,1,"Gm42636"
"ENSMUSG00000104684.2",25.1875629957514,1.13735325914561,0.142668398123164,7.97200553246382,0.167837802882793,1,"5430427N15Rik"
"ENSMUSG00000104720.2",8.47390928211938,0.176786250634625,0.16881457847739,1.04722146765484,0.999999459907251,1,"Gm43138"
"ENSMUSG00000104724.2",8.36070779438433,0.223492043218055,0.179246370280857,1.24684278330362,0.999992614331403,1,"Gm43162"
"ENSMUSG00000104728.2",28.9884182455569,-0.497435601972409,0.176310811380898,-2.82135620655593,0.997817099942829,1,"Gm42462"
"ENSMUSG00000104761.2",13.6177187636695,0.126607889704006,0.149104745180623,0.849120459249202,0.999999997651636,1,"Gm43511"
"ENSMUSG00000104784.3",9.0028039415336,0.091867283087248,0.170450511672418,0.53896748203258,0.999999950380456,1,"Gm42984"
"ENSMUSG00000104795.2",16.4003241220403,-0.23561026880951,0.119331081154011,-1.97442499079872,0.999999999925121,1,"Gm42783"
"ENSMUSG00000104802.2",18.0089203519878,0.571018860361314,0.141411412178697,4.03799701568453,0.998791598949818,1,"Gm5869"
"ENSMUSG00000104807.3",14.9226077724442,-0.309951033419705,0.185162535590596,-1.67394031644189,0.999903006210937,1,"Gm42865"
"ENSMUSG00000104814.2",59.6842230457425,0.224821464784451,0.118060257944267,1.90429420280094,0.99999999997415,1,"Gm42979"
"ENSMUSG00000104852.2",12.5320795677525,0.377514291181405,0.222042558907398,1.70018888738733,0.997472064272343,1,"Gm43201"
"ENSMUSG00000104861.3",25.5598185009333,1.03937614104398,0.190929410026909,5.44377181544475,0.41830405482485,1,"3110039M20Rik"
"ENSMUSG00000104871.2",10.9199530890452,0.409892400704127,0.283013120628391,1.44831589360245,0.981469712578405,1,"Gm42639"
"ENSMUSG00000104891.2",8.31664547286134,0.0614886406073098,0.196804066791086,0.31243582315086,0.999999107707151,1,"2510017J16Rik"
"ENSMUSG00000104901.2",13.7624305716782,-1.09207442659234,0.278037270138282,-3.92779869421534,0.370262353836977,1,"Gm42692"
"ENSMUSG00000104913.2",146.221534955677,0.773701942606496,0.0769714134263842,10.0518089530273,0.998359083391534,1,"Gm6560"
"ENSMUSG00000104923.2",8.68523578841009,0.0147267614837148,0.176852919741624,0.0832712375075858,0.999999992145366,1,"Gm5865"
"ENSMUSG00000104950.2",99.5980901130638,-0.00760014910458697,0.0934734733006963,-0.0813080849166472,1,1,"4833413G10Rik"
"ENSMUSG00000104960.4",651.339263321221,0.371429359594085,0.199194569681879,1.86465605055033,0.999199051518218,1,"Snhg8"
"ENSMUSG00000104965.2",47.1190793392865,-0.173474566583705,0.100629084117593,-1.72390087920293,1,1,"Gm43437"
"ENSMUSG00000104969.2",12.5206650363881,-0.631635465495693,0.174625389976037,-3.61708836030298,0.982547369533749,1,"Gm43445"
"ENSMUSG00000104973.3",20.0907196515319,-0.528867038133124,0.259991583793871,-2.03416983894534,0.96501528629,1,"A530041M06Rik"
"ENSMUSG00000105006.2",11.1052882729944,-0.23876340160867,0.134574831967488,-1.7742054596535,0.99999999228015,1,"Gm9484"
"ENSMUSG00000105008.2",39.674133345167,0.162404889631768,0.146007015649614,1.11230880865003,0.999999995172398,1,"Gm43652"
"ENSMUSG00000105053.2",16.0986711403172,-0.216214631319197,0.426994663278269,-0.506363779020563,0.968988116227254,1,"Gm43064"
"ENSMUSG00000105055.2",184.923292992892,0.189746570573232,0.089199022965326,2.127227006141,1,1,"Gm43079"
"ENSMUSG00000105081.2",26.5438079187674,-0.0205646965047928,0.20625443329855,-0.0997054762698154,0.999999350966213,1,"Gm43110"
"ENSMUSG00000105095.2",19.2684933558635,0.0782040061944802,0.120067780945608,0.651332152377394,0.999999999999992,1,"8430422M14Rik"
"ENSMUSG00000105107.2",32.8658205911774,0.349365419437704,0.17210274709555,2.02998165534069,0.99992174340545,1,"Gm43412"
"ENSMUSG00000105112.2",26.4171711354035,-0.610889700455231,0.168532996547329,-3.624748345845,0.989522875917838,1,"Gm42778"
"ENSMUSG00000105124.3",9.5936229087231,0.470885032010375,0.145252397355242,3.24184000115838,0.999865118049112,1,"Gm5297"
"ENSMUSG00000105135.2",80.5274709093166,-0.257285289904782,0.0760100401624339,-3.38488559346847,1,1,"Gm43667"
"ENSMUSG00000105139.3",18.7344896252953,-0.458995453069884,0.177726406022401,-2.58259570618915,0.998832841462581,1,"Gm19391"
"ENSMUSG00000105143.2",15.5912311119449,0.294838946112014,0.245572386366503,1.20061929793679,0.997957421881182,1,"Gm8069"
"ENSMUSG00000105161.2",122.915022833672,-0.174060630178611,0.0775015177340116,-2.24589963226261,1,1,"Gm42595"
"ENSMUSG00000105176.2",149.052250603795,0.201498653318308,0.0684449100982915,2.94395380210073,1,1,"Gm43668"
"ENSMUSG00000105201.2",23.0184122250096,0.234769566750777,0.159317777807375,1.47359302886228,0.999999219135625,1,"Gm43362"
"ENSMUSG00000105263.2",6362.85382013745,0.0211245231609238,0.222547425278478,0.0949214448762564,0.999996783851057,1,"Gm42427"
"ENSMUSG00000105272.2",54.8348660021118,-0.377867480329804,0.0864697240121425,-4.36993970602638,0.999999999999687,1,"Gm43071"
"ENSMUSG00000105284.2",11.0494616936867,0.532934371858166,0.472625153164394,1.12760475884531,0.839072151041666,1,"Gm42693"
"ENSMUSG00000105304.2",13.6736406877721,0.135370180374477,0.165504423843997,0.817924845936906,0.999999912553209,1,"Gm43696"
"ENSMUSG00000105322.2",17.1048431689463,0.790866068173337,0.190655982856625,4.14813139521603,0.863661325750278,1,"Gm43751"
"ENSMUSG00000105340.6",57.5903194576473,-0.445474492618663,0.130482362291669,-3.41405907123974,0.999989302498924,1,"Gm42878"
"ENSMUSG00000105345.4",18.7350980908217,-0.394145053615326,0.185960254808135,-2.11951233354668,0.999438960081244,1,"BC030343"
"ENSMUSG00000105355.3",15.6722764311611,-0.313385284617416,0.136091892266423,-2.30274764644987,0.999999773510344,1,"Gm40117"
"ENSMUSG00000105359.2",13.5854611330332,0.579303682043497,0.155629458724529,3.72232665197974,0.99656614751106,1,"Rpl21-ps10"
"ENSMUSG00000105368.2",19.4525267038867,0.340891044593306,0.16815491076513,2.02724406347814,0.999955661784205,1,"Gm43759"
"ENSMUSG00000105382.2",16.4382147901367,-0.312573129507814,0.180146840015625,-1.73510192840853,0.99993216320465,1,"Gm43339"
"ENSMUSG00000105388.2",210.246820221378,0.60640741492783,0.134050009005701,4.52374020282268,0.998338498031102,1,"Rpl36a-ps2"
"ENSMUSG00000105402.7",8.45380638645729,0.536781800607609,0.292003108696477,1.83827426702354,0.943669741089809,1,"Gm3716"
"ENSMUSG00000105419.2",121.681720153089,-0.198450096302023,0.0897568077147822,-2.2109754274309,1,1,"Gm43205"
"ENSMUSG00000105434.2",8.42143890012083,0.327516994983934,0.204164076187357,1.6041852273922,0.999505849504502,1,"Gm43359"
"ENSMUSG00000105437.3",39.5197223576398,-0.450238424868009,0.141434894703617,-3.18336168603584,0.999949260738571,1,"Gm42450"
"ENSMUSG00000105449.2",51.1952356160112,-0.541001924067601,0.082569047039955,-6.55211539265811,0.9999999864307,1,"Gm43379"
"ENSMUSG00000105452.2",17.5067015177031,0.570059335394297,0.124399211737,4.58249957885179,0.999726011194319,1,"Gm5276"
"ENSMUSG00000105509.3",191.502765083421,-0.641323969107147,0.0963600349327141,-6.65549747418594,0.999901271869539,1,"C130013H08Rik"
"ENSMUSG00000105518.2",16.7716774161827,-0.721720619523625,0.424567802192368,-1.69989484788255,0.743933290332599,1,"Gm42674"
"ENSMUSG00000105554.2",9.72235062586239,0.737733222389015,0.160969666321778,4.58305741228468,0.94837451413015,1,"Gm7118"
"ENSMUSG00000105556.2",23.8897167048746,0.300025771805624,0.128626219495079,2.33253976509122,0.999999973646053,1,"Gm43080"
"ENSMUSG00000105565.2",27.5830483215494,0.120004644035289,0.143076485042493,0.838744703573392,0.999999999613866,1,"Gm43566"
"ENSMUSG00000105572.2",84.8117991326665,0.108615170742155,0.130494735630141,0.832333735285696,0.999999999995778,1,"Gm43300"
"ENSMUSG00000105594.2",54.8013571499381,-1.22366056455194,0.188364365661615,-6.49624232404007,0.117538376040223,1,"Gm43398"
"ENSMUSG00000105617.5",8.33978410075603,-0.237889624354272,0.588512354197705,-0.404221971989996,0.920050503030193,1,"Gm43809"
"ENSMUSG00000105643.2",10.9140537809535,0.179217143684283,0.162786575085142,1.10093319176073,0.9999997697503,1,"Gm42611"
"ENSMUSG00000105655.2",34.1574965532507,-0.0642691140348281,0.118876907313523,-0.540635818067898,0.999999999999998,1,"Gm42659"
"ENSMUSG00000105677.2",31.5013327874717,0.1272681856358,0.0981981895958354,1.29603393056034,1,1,"Gm43328"
"ENSMUSG00000105692.2",256.710700919802,-0.361048361805361,0.0725986415154216,-4.97321098947376,1,1,"Gm43737"
"ENSMUSG00000105703.4",6238.55235876749,-0.0980414403561539,0.168888265225516,-0.580510672101695,0.999999953710765,1,"Gm43305"
"ENSMUSG00000105741.2",25.3560603320477,-0.871861257693552,0.10078307076106,-8.65087014227406,0.898212358549566,1,"Lmbr1"
"ENSMUSG00000105742.2",20.2280528087695,0.538913493378717,0.145687074697133,3.69911671642153,0.999224345854996,1,"Gm42748"
"ENSMUSG00000105748.2",10.5504936547317,0.0289282429922086,0.160454715488841,0.180289142042824,0.999999999356243,1,"Gm43088"
"ENSMUSG00000105775.2",11.0878658177636,0.490543540878865,0.148145611224796,3.31122560312984,0.999707947725614,1,"Gm10290"
"ENSMUSG00000105804.2",19.7418820110283,0.433610893671611,0.171888409942034,2.52263019838184,0.999508062687174,1,"Gm43654"
"ENSMUSG00000105813.2",31.3877343295365,-0.361139715508596,0.137032117799,-2.63543847463789,0.999998435162943,1,"Gm42928"
"ENSMUSG00000105814.3",466.084401015334,0.569936482491996,0.118679023881578,4.80233544101862,0.999854820776872,1,"Mir703"
"ENSMUSG00000105843.3",16.5186986559141,-0.448945834498283,0.633807077457192,-0.708331999540673,0.818819652650839,1,"Gm19439"
"ENSMUSG00000105845.3",11.9837344076784,0.648042463487644,0.310702213827609,2.08573494055374,0.87134692152134,1,"Gm42808"
"ENSMUSG00000105851.2",16.2223197202399,-0.343766524947395,0.141205870489513,-2.4345059008926,0.999998318889428,1,"9130604C24Rik"
"ENSMUSG00000105852.5",45.3732235290291,0.00827393289938806,0.117155235748986,0.0706236716309937,1,1,"Gm42890"
"ENSMUSG00000105867.3",145.455683698037,-1.1577394763252,0.135605961647765,-8.53752639085598,0.122370262175215,1,"Tmem217rt"
"ENSMUSG00000105879.2",15.5790811067426,0.789875793074801,0.131460732594133,6.00845421661718,0.945020784527632,1,"Gm6204"
"ENSMUSG00000105895.2",44.6115402486738,-0.403981654292697,0.118821491224943,-3.3999039241808,0.999999736320886,1,"Gm42829"
"ENSMUSG00000105923.6",16.9849748063814,1.175208972242,0.257963331089795,4.55572102933077,0.248505232574492,1,"A830019L24Rik"
"ENSMUSG00000105939.2",14.3307778144326,0.747326832186345,0.246448812489088,3.03238155071019,0.847378836678031,1,"Gm43322"
"ENSMUSG00000105940.2",12.2697613994131,0.460709475039591,0.136161662151391,3.38354767237898,0.999962629101308,1,"Gm42635"
"ENSMUSG00000105944.2",21.2731492672443,0.83115136918313,0.157504334752117,5.27700631535768,0.858145664406876,1,"Gm5075"
"ENSMUSG00000105945.2",10.1160421283079,-1.19581010254902,0.161547633615352,-7.40221367399457,0.112739165438101,1,"Gm43570"
"ENSMUSG00000105947.2",15.692703606051,-0.342225905200684,0.186444214183506,-1.83554049504508,0.999790639286045,1,"Gm43789"
"ENSMUSG00000105950.2",44.3946848052492,-0.913464407209507,0.172236857202097,-5.30353620037131,0.69231465987355,1,"Gm43679"
"ENSMUSG00000105957.2",62.1666723558278,-0.977470154760864,0.0875052381315718,-11.1704187730014,0.601591447915849,1,"Gm43254"
"ENSMUSG00000105987.7",15919.4412222391,0.0140842369587547,0.0817566598774922,0.172270209911451,1,1,"AI506816"
"ENSMUSG00000106019.4",191.286172774543,-0.771043543592768,0.110140788469176,-7.00052681944028,0.981180372167343,1,"Gm43672"
"ENSMUSG00000106022.2",25.2753778903012,0.328600262864752,0.154514061941647,2.12666898232764,0.99999304363263,1,"Gm42929"
"ENSMUSG00000106025.2",16.2119346392796,-0.190015545802019,0.141601753163676,-1.34190108213125,0.99999999467876,1,"Gm42940"
"ENSMUSG00000106032.2",40.6372402029155,-0.355891480244032,0.116659605037033,-3.0506830546105,0.999999983171552,1,"Gm42463"
"ENSMUSG00000106035.2",9.38545552691555,-0.745378787655429,0.148609281678035,-5.01569470788715,0.956676843161224,1,"Gm43545"
"ENSMUSG00000106037.2",159.512234646723,0.6762143148337,0.131289775896901,5.15054816884383,0.993172078361497,1,"Gm4332"
"ENSMUSG00000106052.3",16.5423041187475,0.93683212167295,0.275458948009369,3.4009863482129,0.590689376448434,1,"Gm43614"
"ENSMUSG00000106062.2",57.2370697569119,0.506743378137239,0.175730118694601,2.88364556913491,0.997498950673173,1,"Gm43820"
"ENSMUSG00000106087.2",17.2126077525601,0.350308932787448,0.151697023469782,2.3092670164173,0.999990773033035,1,"Gm43609"
"ENSMUSG00000106099.2",158.642364239289,0.0189436730686075,0.135604758773991,0.139697701171243,0.999999999999795,1,"Gm42664"
"ENSMUSG00000106102.2",8.48855798304825,-0.603112383402146,0.496177502373295,-1.21551739149269,0.788729798536068,1,"Gm43493"
"ENSMUSG00000106164.4",21.0294564131421,-0.926018032944842,0.215245685348911,-4.30214446084611,0.634467582335922,1,"9430085M18Rik"
"ENSMUSG00000106205.2",22.7358247787779,0.0781078189896365,0.145498796413112,0.536827938891441,0.999999999882222,1,"C230096K16Rik"
"ENSMUSG00000106209.4",12.0854338616284,-0.0681897135514697,0.214501515877423,-0.317898515880125,0.999993324890783,1,"Gm42918"
"ENSMUSG00000106219.3",14.4579167224335,0.702794597782531,0.182605045977425,3.84871400470179,0.948193641955493,1,"5830416I19Rik"
"ENSMUSG00000106237.2",12.2721445265103,0.108055875855671,0.152980449532242,0.70633781104753,0.999999997236234,1,"Gm8066"
"ENSMUSG00000106241.2",23.8298232948606,-0.248968979646045,0.116923487216115,-2.12933248548997,0.999999999933311,1,"Gm43143"
"ENSMUSG00000106247.2",16.2076027607134,1.04392292530287,0.330081120989055,3.1626253636526,0.447070172006135,1,"Gm43720"
"ENSMUSG00000106251.2",21.6229216659736,0.405471242925173,0.142172912804766,2.85195847033093,0.999985535040201,1,"Gm42658"
"ENSMUSG00000106252.3",113.509009250355,-0.178553672477081,0.424005727700945,-0.421111463388099,0.976370089137578,1,"Mir684-1"
"ENSMUSG00000106262.2",18.987449962902,-0.302909184811861,0.127276843757745,-2.37992376200347,0.999999978365859,1,"Gm43375"
"ENSMUSG00000106288.2",18.9680672613726,0.0681864086640865,0.107568324482675,0.633889288431454,1,1,"Gm43593"
"ENSMUSG00000106294.2",15.4478805404409,0.35580354218543,0.125179757246581,2.84234088651061,0.999999867071573,1,"Gm8539"
"ENSMUSG00000106317.2",71.9355005796448,-0.362168627062858,0.0806322371716949,-4.49161079695298,0.999999999999999,1,"Gm43848"
"ENSMUSG00000106334.2",3478.61461209166,-0.920520301528055,0.132013312438804,-6.97293541478836,0.726432304385502,1,"Gm43549"
"ENSMUSG00000106344.3",29.250568042264,-0.0479366650332007,0.125903620090133,-0.380740958829327,0.99999999999998,1,"Mir1892"
"ENSMUSG00000106357.4",18.9822758780091,1.16629111092744,0.172693455211843,6.7535339396432,0.167792195386692,1,"Gm8013"
"ENSMUSG00000106383.2",63.6832578332248,-0.690782731277659,0.115041000054181,-6.00466556229795,0.996404719361416,1,"E330034L11Rik"
"ENSMUSG00000106416.2",11.9409823660159,0.301578737609101,0.164756358014818,1.83045280463154,0.999988779900123,1,"Gm5857"
"ENSMUSG00000106446.2",13.0795808915167,0.434361453594518,0.28970172988958,1.49934021367451,0.974560097900338,1,"Gm42970"
"ENSMUSG00000106499.2",16.7241802680103,-0.240600172597905,0.116047623216828,-2.0732882408833,0.999999999970025,1,"Gm9403"
"ENSMUSG00000106547.2",38.4883487341835,-0.174187827003889,0.145039507841167,-1.20096813341813,0.999999993784411,1,"B230303O12Rik"
"ENSMUSG00000106550.3",9.10800485865918,0.232671481095293,0.191626045294319,1.2141954959094,0.999968899605616,1,"Gm43646"
"ENSMUSG00000106568.2",11.9388456587779,0.189339702924831,0.181283130799045,1.04444192954013,0.99999612166837,1,"Gm42814"
"ENSMUSG00000106617.2",12.5336587084463,0.240664719774615,0.154081588580196,1.56193041616619,0.999999584914415,1,"Gm36266"
"ENSMUSG00000106662.2",32.2277991584842,0.0316795812400028,0.112295340820613,0.28210948921389,1,1,"Gm43034"
"ENSMUSG00000106664.2",11.4544204400549,0.338164617463543,0.156597509547754,2.15945080123015,0.999988124207403,1,"Gm17936"
"ENSMUSG00000106665.2",22.5673375903312,0.326683512635224,0.120231851037484,2.71711289326633,0.999999989291724,1,"Gm43389"
"ENSMUSG00000106666.2",11.543534622543,0.390008646539356,0.710319327701432,0.549061008661288,0.829943444840387,1,"Gm43587"
"ENSMUSG00000106674.4",9.22187416498028,-0.332297332489127,0.198617541714153,-1.67305128047232,0.999612749992082,1,"Gm20005"
"ENSMUSG00000106678.2",22.1605003440088,-0.45557998668465,0.131418463546739,-3.46663607524694,0.999982833825966,1,"Gm43457"
"ENSMUSG00000106688.3",67.3279906896137,-1.0025746955624,0.10708046074409,-9.36281641483068,0.490408558689286,1,"Gm42851"
"ENSMUSG00000106709.3",20.9201258198036,-0.125225161517197,0.154235624748405,-0.81190815495103,0.999999992929881,1,"Gm30270"
"ENSMUSG00000106715.4",50.7747490474861,-0.161244720621821,0.153055461155849,-1.05350517651659,0.999999978742638,1,"Tmem265"
"ENSMUSG00000106717.2",11.7015221318492,-0.129027352765297,0.176420493375155,-0.731362611547188,0.999999603233826,1,"Gm42798"
"ENSMUSG00000106743.2",48.9912548358348,-0.313973751012638,0.153840024557475,-2.04091069223234,0.999995889537887,1,"Gm42847"
"ENSMUSG00000106746.2",45.0271569544153,-0.589817456604453,0.147486444959624,-3.99912993201458,0.997291699750147,1,"2900064F13Rik"
"ENSMUSG00000106755.2",46.6267117838846,0.693029271315818,0.171995479632106,4.0293458455896,0.962849909042404,1,"Tpi-rs11"
"ENSMUSG00000106825.2",14.9864825995088,0.341958421386001,0.133029771755051,2.57054054047129,0.999999622344428,1,"2510016D11Rik"
"ENSMUSG00000106827.2",9.62938660282916,0.453100926230507,0.166689944020098,2.71822591875054,0.999482684301298,1,"Gm7556"
"ENSMUSG00000106831.2",7.93565235900176,0.314459742348178,0.184466782896167,1.70469575828826,0.999898933005565,1,"Ube2n-ps1"
"ENSMUSG00000106847.2",1800.51207760032,-0.78266881465402,0.101927566174439,-7.67867657425041,0.983505291058448,1,"Peg13"
"ENSMUSG00000106858.2",19.1328081914756,-0.125685194498778,0.151243892488643,-0.831010048939438,0.999999996283338,1,"Gm43844"
"ENSMUSG00000106864.4",3719.63631547593,0.062184656973086,0.0405396318688271,1.53392258652706,1,1,"Gtf3c2"
"ENSMUSG00000106870.2",64.429582016042,-0.0154249899409209,0.0812798621584076,-0.189776280757698,1,1,"Gm43681"
"ENSMUSG00000106874.4",934.593247235201,-0.656555190711227,0.0720687282723443,-9.11012593742651,0.999999058153793,1,"Gm20186"
"ENSMUSG00000106904.2",14.3827767270583,0.111903529890209,0.146553069087138,0.76357001997463,0.999999999318972,1,"Gm43029"
"ENSMUSG00000106915.2",11.0970289781583,-0.380510512685733,0.246071385428437,-1.54634197724056,0.994090787110949,1,"Gm42655"
"ENSMUSG00000106918.4",646.188326179342,0.243353305198353,0.0917099191584854,2.6535112824362,1,1,"Mrpl33"
"ENSMUSG00000106926.2",23.0392833877517,0.61211441887091,0.13604877020079,4.49922787223663,0.997821432263855,1,"Rpl7-ps7"
"ENSMUSG00000106927.2",10.5868697543366,-0.205719922316702,0.177404140795615,-1.15961172830633,0.999996219210294,1,"Gm43598"
"ENSMUSG00000106928.2",26.109619043285,-0.36683178466649,0.121088053271876,-3.02946306224655,0.999999914780692,1,"Gm43860"
"ENSMUSG00000106943.5",99.5043122743003,-0.132502025578048,0.121839584495318,-1.08751212610332,0.99999999999946,1,"Dancr"
"ENSMUSG00000106944.2",56.5000640890162,-0.678759812419174,0.126789439449373,-5.35344122796761,0.99435594497727,1,"Gm43843"
"ENSMUSG00000106951.2",159.801759152461,-0.475492705185606,0.0911705146928539,-5.21542196824821,0.999999995617271,1,"5930430L01Rik"
"ENSMUSG00000106959.2",10.7471161836626,0.142513336193224,0.177057443588627,0.804898869568781,0.999999360542357,1,"Gm42548"
"ENSMUSG00000106978.3",53.8836134612527,-0.396032988633382,0.102289324918607,-3.87169422565367,0.999999998231378,1,"N4bp2os"
"ENSMUSG00000106988.2",12.5465888106784,0.0156641804122941,0.149575551730267,0.104724202793126,0.999999999982208,1,"Tsg101-ps"
"ENSMUSG00000106990.2",363.32687363847,0.234923797971586,0.0978995209635724,2.39964195594991,0.999999999999997,1,"Gm42547"
"ENSMUSG00000107000.2",89.5684543407796,0.148261946061467,0.0963385646924198,1.5389677699146,1,1,"Gm43481"
"ENSMUSG00000107002.2",842.643329969883,0.0412087975065045,0.0751690070275283,0.548215270309651,1,1,"Ncbp2as2"
"ENSMUSG00000107019.2",66.8746549487152,0.942243553830955,0.125081548803395,7.53303395141024,0.677869812283497,1,"Gm43682"
"ENSMUSG00000107023.3",1008.87516186654,-0.101989178624614,0.160248996013041,-0.636441919525748,0.99999998952076,1,"Gm42715"
"ENSMUSG00000107035.2",33.8180660147233,0.0810407947945317,0.0843699745954743,0.960540704001574,1,1,"Ybx1-ps2"
"ENSMUSG00000107061.4",44.7827234880669,0.671093044986117,0.17897291350951,3.74969056393251,0.966950160944631,1,"Gm19590"
"ENSMUSG00000107068.2",1061.61182157654,-0.0521370559077048,0.0661932979455605,-0.787648561499141,1,1,"Gm42742"
"ENSMUSG00000107092.2",23.1313884019631,0.892490875261811,0.155361055068343,5.74462419085146,0.755529869472064,1,"Gm7993"
"ENSMUSG00000107096.5",175.620392534988,-0.363349037130629,0.0979788554875547,-3.70844337099633,0.999999999959259,1,"Gm43597"
"ENSMUSG00000107108.4",20.0339945954931,0.182407513351369,0.197065488014744,0.925618763533683,0.999983292516743,1,"Gm9936"
"ENSMUSG00000107120.2",20.1017393679771,0.446500923885949,0.145154920611678,3.07603023035258,0.999931399652401,1,"Gm43059"
"ENSMUSG00000107121.4",28.7980619995825,-0.531905073168838,0.122722884864265,-4.33419629726877,0.999931699546377,1,"1110006O24Rik"
"ENSMUSG00000107143.3",16.5177541216235,-0.136587466177956,0.281889805861532,-0.484542056285105,0.998931791474836,1,"Gm6598"
"ENSMUSG00000107165.2",10.3629718798012,0.360141480281573,0.184343647993583,1.95364193017439,0.999740746995784,1,"Gm43747"
"ENSMUSG00000107171.2",9.48437628060624,-0.117871256616999,0.159760631247632,-0.737799141731586,0.999999983201652,1,"Gm42572"
"ENSMUSG00000107176.2",109.827463978319,0.603704920656478,0.112194955355047,5.38085619577121,0.999793941633823,1,"Gm9794"
"ENSMUSG00000107182.2",119.990345798908,-0.542621439167846,0.100334416606502,-5.40812871116729,0.999997424490618,1,"Gm43268"
"ENSMUSG00000107194.3",12.9283412454409,-0.329887116580532,0.246505759138012,-1.3382531821329,0.996720577824774,1,"Gm43173"
"ENSMUSG00000107195.2",17.8824450909081,-1.03207350362032,0.13335325891557,-7.73939468756259,0.404965388606859,1,"4930589O11Rik"
"ENSMUSG00000107200.2",19.3962901881182,0.0271471981527185,0.132963298553434,0.204170612853808,0.999999999999878,1,"Gm43039"
"ENSMUSG00000107201.2",36.4305426999735,-0.229868765095554,0.0904420506057513,-2.54161381299924,1,1,"5930420M18Rik"
"ENSMUSG00000107215.2",56.667807121207,-1.07482786191076,0.129951946338795,-8.27096393853613,0.282371204176815,1,"Gm43197"
"ENSMUSG00000107227.2",17.8669326861077,-0.319475093548253,0.126293054102661,-2.52963312842652,0.999999964467756,1,"Gm42559"
"ENSMUSG00000107230.4",11.9652959217436,-0.293700492264919,0.19832618848829,-1.48089616658094,0.999815490064527,1,"Gm19265"
"ENSMUSG00000107257.2",11.3446830265249,0.242274643759618,0.198068387667775,1.22318683265091,0.999934766420619,1,"Gm43028"
"ENSMUSG00000107276.2",11.5631638688172,-0.797956368490499,0.171844451972621,-4.64348053911938,0.880149716313667,1,"Gm42858"
"ENSMUSG00000107278.2",65.6382162188429,0.084624401362411,0.0702466867274282,1.20467463028927,1,1,"Gm42600"
"ENSMUSG00000107283.4",1131.13415628594,0.0218962982455923,0.058172861086645,0.376400572991916,1,1,"Mpv17"
"ENSMUSG00000107300.2",10.1132059579686,-1.16169356755114,0.255240828517244,-4.55136262603323,0.263205505246055,1,"Gm43279"
"ENSMUSG00000107320.2",37.4931785382649,0.269718994851566,0.117302800418927,2.29933977610347,0.999999999760151,1,"Gm42549"
"ENSMUSG00000107331.2",97.0837926646898,-0.158314921577586,0.109393779242911,-1.44720223282573,0.999999999999993,1,"Gm42732"
"ENSMUSG00000107369.2",8.58742926100762,0.920816896854367,0.219022581163906,4.20420986713362,0.641148135825343,1,"Gstm2-ps1"
"ENSMUSG00000107370.2",8.39153046015725,0.0886747298548367,0.180484980796148,0.491313623237115,0.999999779109853,1,"Gm43588"
"ENSMUSG00000107383.2",168.523622774162,0.523444308680415,0.0856953364153962,6.10820063933341,0.99999998659186,1,"Gm4366"
"ENSMUSG00000107402.3",22.3973905934981,-0.895556562257687,0.141658331818804,-6.32194768044562,0.769527350753369,1,"4732416N19Rik"
"ENSMUSG00000107451.2",14.3263965155838,-0.808373809200856,0.212926152461297,-3.79649845665525,0.815930693990036,1,"Gm44421"
"ENSMUSG00000107478.2",1643.32739736035,-0.0392446783268916,0.404093792396429,-0.0971177460909651,0.996344785329475,1,"Gm45234"
"ENSMUSG00000107479.3",9.36393470803547,1.1350705149688,0.298611784504654,3.80115780377418,0.325516301038255,1,"2610300M13Rik"
"ENSMUSG00000107491.2",9.65783079465724,0.345981036426689,0.175510357266835,1.97128558003378,0.999902876745742,1,"Gm17893"
"ENSMUSG00000107499.2",82.8283324076216,0.126228234974233,0.0920601054125193,1.37115023286805,1,1,"Ccdc142"
"ENSMUSG00000107528.3",429.438482427661,1.04590349751991,0.124802483619256,8.38047022133572,0.3565077666519,1,"Gm44442"
"ENSMUSG00000107531.2",9.9032261572202,0.169852505568788,0.1892352759199,0.897573165167596,0.999994250215541,1,"E330037G11Rik"
"ENSMUSG00000107539.2",17.32571883943,0.082512760085896,0.283231297200073,0.291326420849633,0.999467186298069,1,"Gm44790"
"ENSMUSG00000107610.2",10.9268536410932,0.292486255293483,0.141036564726908,2.07383280966769,0.999999736930668,1,"D530018E20Rik"
"ENSMUSG00000107667.4",56.5769557552531,0.990796492415874,0.165835399559591,5.97457777439034,0.522129077308312,1,"C530044C16Rik"
"ENSMUSG00000107689.4",20.9652501371052,0.739601290253334,0.234354963532213,3.15590196642741,0.86674369080503,1,"Gm44386"
"ENSMUSG00000107704.3",16.0667348181116,0.395657921042004,0.172309265235021,2.29620804489153,0.999773669605045,1,"Gm36355"
"ENSMUSG00000107705.2",1382.09420662293,-0.172935170636294,0.0957656680838727,-1.8058159473689,1,1,"Gm45062"
"ENSMUSG00000107709.2",183.522986030267,0.710312591611246,0.100077103430523,7.09765338186844,0.998102045414285,1,"9430018G01Rik"
"ENSMUSG00000107736.4",12.1501889690225,0.396148594153284,0.198911107144048,1.991586090094,0.998800449161128,1,"Gm44148"
"ENSMUSG00000107742.2",21.8892311411542,-0.0985706376859409,0.11607275954731,-0.84921421761981,0.999999999999996,1,"9530085L11Rik"
"ENSMUSG00000107747.2",10.3185629206643,-0.227479221234358,0.131618916868947,-1.72831707360774,0.999999997812795,1,"Gm5881"
"ENSMUSG00000107749.2",29.5810795293811,0.197520941338157,0.093518474291443,2.11210611416306,1,1,"Gm44321"
"ENSMUSG00000107756.2",15.5496594137475,-0.202036905254904,0.158312352049074,-1.27619167196933,0.999999767762387,1,"Gm44164"
"ENSMUSG00000107770.2",212.420590552072,0.511288183167825,0.11095162336615,4.60820822315082,0.999994704186347,1,"Gm44126"
"ENSMUSG00000107815.3",21.1098899771801,-0.104156145654834,0.213021833264029,-0.488945870284284,0.999987078453309,1,"Gm44257"
"ENSMUSG00000107838.2",87.6784606556935,-0.22571207689564,0.0596420136537137,-3.78444762455779,1,1,"Gm45769"
"ENSMUSG00000107859.3",33.7597856094355,-0.362188771116795,0.153694814974876,-2.3565451520014,0.999983365717701,1,"Gm30731"
"ENSMUSG00000107868.2",27.6405451215399,0.441232868546413,0.619629929637133,0.712090955330074,0.826422359054646,1,"Gm5112"
"ENSMUSG00000107877.3",340.531913963834,-0.275720405759859,0.301578945416612,-0.914256150670498,0.991850466124141,1,"4933427D14Rik"
"ENSMUSG00000107879.3",590.127464491214,0.0318055436260455,0.0960801323353255,0.331031430254928,1,1,"9330102E08Rik"
"ENSMUSG00000107928.2",40.525942812609,-0.153156343477575,0.325439790655703,-0.470613452549832,0.995565472514079,1,"Gm45140"
"ENSMUSG00000107946.3",17.7708327649198,-0.367314040024431,0.176814948762504,-2.07739245236444,0.999827040772383,1,"Gm44066"
"ENSMUSG00000107950.2",10.2167963497895,0.0533809109970277,0.166509547466315,0.320587688870073,0.999999993587792,1,"Gm6375"
"ENSMUSG00000107951.2",26.5277281437787,-0.0467862100761588,0.100072279440077,-0.467524176904297,1,1,"Gm6210"
"ENSMUSG00000107961.3",16.6096767856852,-0.103725967588913,0.169040684727278,-0.613615401264256,0.999999942800319,1,"Gm44036"
"ENSMUSG00000107994.3",26.196998794042,-0.401208107883195,0.140558645113586,-2.8543822940167,0.999989782579103,1,"D830050J10Rik"
"ENSMUSG00000107997.2",12.5354794386468,0.433070091715426,0.167898661766232,2.57935404106078,0.999633087664684,1,"Gm44243"
"ENSMUSG00000108030.3",17.3089458284604,0.419452900627048,0.196674085348486,2.13273090800865,0.99842048049775,1,"9530062K07Rik"
"ENSMUSG00000108037.3",84.2203988150833,-0.0515099581312494,0.138254987360458,-0.372572151751407,0.999999999996582,1,"Gm44597"
"ENSMUSG00000108042.2",10.3822418860061,0.199611240145331,0.170917686136698,1.16787937314857,0.999998585710984,1,"B130021K23Rik"
"ENSMUSG00000108046.2",9.65535860798387,0.982394385365474,0.175440981267037,5.59957188035891,0.539967022008582,1,"Gm43924"
"ENSMUSG00000108049.2",31.5036330916489,-0.534319443208427,0.165043893666768,-3.23743842524247,0.997610433934495,1,"Gm44168"
"ENSMUSG00000108053.2",11.519911303687,0.422115103936505,0.166942191521675,2.52851061848976,0.999731499595308,1,"Gm43890"
"ENSMUSG00000108095.2",11.6450629737079,0.0160713621887673,0.238523574692734,0.0673785063361992,0.999991698478004,1,"Gm44067"
"ENSMUSG00000108103.3",8.43230651457766,-0.788759568782261,0.140388086515891,-5.61842239151097,0.933797993656428,1,"Gm44081"
"ENSMUSG00000108118.3",29.2167489012615,0.709864726318584,0.261003163216495,2.71975526108766,0.866848339607187,1,"Gm34312"
"ENSMUSG00000108122.2",9.2187432535241,0.422952427569719,0.193414649439284,2.18676521554016,0.998575018627915,1,"Gm44116"
"ENSMUSG00000108137.2",17.3402589172257,-0.681047816652437,0.136633462269881,-4.98448773337251,0.990211654934119,1,"Gm44053"
"ENSMUSG00000108143.2",14.8689608937311,0.135921170238136,0.134193836933692,1.01287192723536,0.999999999939882,1,"Gm44414"
"ENSMUSG00000108176.2",46.392721141063,-0.671211527157807,0.127327478018056,-5.27153712306014,0.995091752722732,1,"Gm43965"
"ENSMUSG00000108181.2",143.911916495637,0.66092267815113,0.102614279081943,6.44084511497025,0.999524078835572,1,"C030015A19Rik"
"ENSMUSG00000108207.4",80.2587323443271,0.528443144246703,0.16224667159513,3.25703534655785,0.998172043991168,1,"1810059H22Rik"
"ENSMUSG00000108231.2",567.90666628629,0.207363557913141,0.122578992541852,1.69167288466938,0.999999999949795,1,"Gm4045"
"ENSMUSG00000108249.2",63.5617539113276,0.0126769516817673,0.127030763586505,0.0997943436995449,0.999999999999997,1,"Gm43960"
"ENSMUSG00000108267.2",11.8867758484342,0.464838607822099,0.180099773709041,2.5810060626343,0.998518119369539,1,"Gm44190"
"ENSMUSG00000108291.2",10.9989414190078,0.206883584745809,0.219646169090021,0.941894801092653,0.9998474408746,1,"Gm44292"
"ENSMUSG00000108314.2",8.11430985061888,-0.72314215730467,0.197418810121569,-3.66298508667621,0.919600347333001,1,"Prkcz2"
"ENSMUSG00000108322.5",45.165459576494,0.434696149091126,0.21974562045625,1.97817889698362,0.994952199238374,1,"5430431A17Rik"
"ENSMUSG00000108348.3",271.038311079578,0.406791552275891,0.173484816524598,2.34482510011597,0.999686166230338,1,"Pnma8c"
"ENSMUSG00000108350.2",379.496464828335,-0.262304675916837,0.0658854739406721,-3.98122165977033,1,1,"Gm44950"
"ENSMUSG00000108358.2",245.919558416639,-0.130309245004933,0.0910962603787712,-1.43045657926151,1,1,"Gm44509"
"ENSMUSG00000108368.2",20.9186467943175,0.157092385646139,0.144102135806307,1.0901461298068,0.999999997532902,1,"Gm45053"
"ENSMUSG00000108402.2",18.431213036665,-0.434760034322648,0.154878486395835,-2.80710410102729,0.999868660464069,1,"9430064I24Rik"
"ENSMUSG00000108413.2",39.7034697834513,-0.793503356762248,0.149292080359084,-5.31510683522984,0.916693951847178,1,"BC026762"
"ENSMUSG00000108414.4",1707.36384554694,0.713714776120017,0.113561831465267,6.28481213195568,0.994148299234903,1,"Snhg1"
"ENSMUSG00000108435.3",8.43289393003153,0.102821452214099,0.183159941156516,0.561375219738875,0.999999517602788,1,"Gm45051"
"ENSMUSG00000108443.2",55.8845841426416,0.732816082172081,0.172699559825265,4.24330023141655,0.939080732352835,1,"Gm44510"
"ENSMUSG00000108447.2",9.75101789600415,0.468676117491839,0.1646117516002,2.84716074603309,0.999376137678102,1,"Gm44567"
"ENSMUSG00000108456.2",32.6745751300562,-0.582720175452515,0.114974825330629,-5.06824145004621,0.999857912687265,1,"4732496C06Rik"
"ENSMUSG00000108461.4",14.8579886659883,-0.645045012885011,0.154152674416278,-4.18445554271161,0.989349875519989,1,"AV356131"
"ENSMUSG00000108465.2",34.4272685733859,-0.194173090043061,0.125585490135355,-1.54614270990847,0.999999999930306,1,"Gm45110"
"ENSMUSG00000108478.2",16.5720767614461,0.886831217461591,0.288213920519552,3.07698953563011,0.652713030932339,1,"Gm19514"
"ENSMUSG00000108551.2",9.45399155732844,0.0312721638755396,0.158611552738159,0.197161955328466,0.999999999533799,1,"Gm20274"
"ENSMUSG00000108591.2",108.714689564645,-0.626221439259652,0.0936540638050506,-6.6865378160545,0.999967110050046,1,"Particl"
"ENSMUSG00000108592.4",27.0763349598801,0.261257983591803,0.132641030887186,1.96966189002261,0.999999987225212,1,"Gm38973"
"ENSMUSG00000108607.3",16.5111557989147,-0.343773529378654,0.139455397433762,-2.46511455063572,0.999998734627254,1,"Gm44646"
"ENSMUSG00000108617.3",8.76287698811343,-0.917523604605492,0.165409700287174,-5.54697580016494,0.690976040294662,1,"Gm31749"
"ENSMUSG00000108621.4",1537.35205308496,-0.0128260156899887,0.0756917431734177,-0.169450658053983,1,1,"Gm33989"
"ENSMUSG00000108624.3",15.9337807690605,1.00460511649571,0.194555169072151,5.16360023373705,0.490557926845385,1,"Gm45091"
"ENSMUSG00000108634.4",43.4787047168437,0.606274291616224,0.150751459317037,4.02168107932676,0.9954960461018,1,"Gm38534"
"ENSMUSG00000108655.2",17.7599863934726,0.311912214997117,0.12960768683412,2.40658731450336,0.999999944887176,1,"Gm44949"
"ENSMUSG00000108659.3",16.1962250654097,0.373290236453691,0.17827409105252,2.09391187608814,0.999780477253688,1,"Gm34121"
"ENSMUSG00000108660.3",15.8277826561216,0.23506527145274,0.177477343030919,1.32448045163595,0.999991838809171,1,"Gm21284"
"ENSMUSG00000108668.4",13.1242976742698,0.296737456328294,0.266258871949714,1.11446974200483,0.995870808597061,1,"Gm32816"
"ENSMUSG00000108678.2",16.6290831380127,-0.369710048662266,0.166455570391712,-2.2210734539688,0.999923618905823,1,"Gm44758"
"ENSMUSG00000108701.2",31.979403747226,-0.471479913469546,0.0998250990552423,-4.72305981092624,0.999999940315996,1,"Gm44616"
"ENSMUSG00000108702.2",26.1035431553437,0.418042045971611,0.0915365041168032,4.56694353804661,0.999999999897575,1,"Gm9333"
"ENSMUSG00000108723.2",27.6919792766081,0.165766344143999,0.120124116818823,1.37995890029323,0.999999999998105,1,"Gm44837"
"ENSMUSG00000108732.2",12.252867404904,-0.561544802333935,0.173587220884326,-3.23494321455917,0.99422905455522,1,"2310043P16Rik"
"ENSMUSG00000108738.3",55.8288543610781,-0.358093682875537,0.13394276674475,-2.67348279849963,0.999999175979784,1,"Gm44777"
"ENSMUSG00000108799.2",14.0571071702884,0.929574380363165,0.136233433076526,6.82339393033573,0.69740381888259,1,"Glud-ps"
"ENSMUSG00000108801.4",452.865732049397,-0.791024848772511,0.140127625225621,-5.64503143116051,0.932061269593008,1,"Gm39090"
"ENSMUSG00000108802.2",11.724472311898,-0.371717272251341,0.185325784397662,-2.00575043272841,0.999650731622252,1,"Gm44769"
"ENSMUSG00000108811.3",86.3672939481287,0.964492210754715,0.257249236763773,3.74925198180622,0.55489115003517,1,"4933432K03Rik"
"ENSMUSG00000108813.2",11.1905188119253,0.39698701593692,0.158501944374408,2.50461921778809,0.999928940666985,1,"Rpl19-ps9"
"ENSMUSG00000108815.2",74.5333937248001,-0.0836213149180411,0.884822029988406,-0.0945063663470684,0.960169078963285,1,"Gm49388"
"ENSMUSG00000108825.2",19.3223773625997,0.891004756835714,0.131452255120191,6.7781625809389,0.796493688945942,1,"Gm45838"
"ENSMUSG00000108852.2",7.23355454839562,-0.448937689846142,0.56983253700442,-0.787841445850361,0.838742309670349,1,"Gm44911"
"ENSMUSG00000108875.3",94.0673445515933,0.582365887157725,0.170561687489648,3.41440035994643,0.992828991725587,1,"Gm45064"
"ENSMUSG00000108878.2",19.159405357857,0.128761603789547,0.119722230118939,1.07550288414797,0.99999999999983,1,"Gm49493"
"ENSMUSG00000108883.2",22.6063224292756,-0.0368972893365493,0.162394134157759,-0.227208264189549,0.999999998576969,1,"Gm44623"
"ENSMUSG00000108900.2",20.8166526597192,1.14570705789277,0.20153691256222,5.68484970483536,0.234846236988792,1,"Ccdc194"
"ENSMUSG00000108940.2",8.58197594388666,-0.194426773777053,0.193006655561961,-1.00735787173223,0.999985022963716,1,"Gm45719"
"ENSMUSG00000108954.2",17.7409739458426,0.49775731661431,0.145933162507029,3.41085814946508,0.999710851151346,1,"Gm44901"
"ENSMUSG00000108993.2",18.8366980263703,-0.288889543329319,0.229654176768364,-1.25793289455694,0.999020713623216,1,"Gm44846"
"ENSMUSG00000109005.2",43.7700149150247,-0.0169725341806744,0.176929967988424,-0.0959279785874649,0.999999990719115,1,"Gm45221"
"ENSMUSG00000109008.4",13.8242690070726,-0.0954390374465977,0.219158107313768,-0.435480296012768,0.999981947485581,1,"Gm44899"
"ENSMUSG00000109015.2",13.1181454897419,-0.168521457062188,0.153523001871918,-1.09769516624475,0.999999969524205,1,"Gm31024"
"ENSMUSG00000109056.3",10.9577422634632,0.189841632978467,0.203908352034695,0.931014502761346,0.99996453843683,1,"Leat1"
"ENSMUSG00000109061.2",46.5889648119488,0.122269495406011,0.253719443001072,0.481908260398848,0.99973422411399,1,"Gm49320"
"ENSMUSG00000109084.3",71.7245858851332,0.517570397784338,0.246320523321039,2.10120695915285,0.97491689826523,1,"Gm44955"
"ENSMUSG00000109108.2",33.5521252406835,-0.276908869891155,0.106309848499804,-2.60473393386187,0.999999999994832,1,"Gm36371"
"ENSMUSG00000109118.4",43.0372077520556,0.189584491920415,0.163817698860019,1.15728943355757,0.999999623280763,1,"Gm32031"
"ENSMUSG00000109157.2",27.0581454224022,0.342927581896238,0.19996252452038,1.71495925408407,0.999491854928136,1,"Gm44829"
"ENSMUSG00000109179.3",39.3215987016184,0.413867724467388,0.120883359775966,3.42369475198581,0.999999378766888,1,"Wdr97"
"ENSMUSG00000109198.2",30.6877648003389,-0.492208580325552,0.181401736771443,-2.71336200571062,0.997439040881196,1,"D7Bwg0826e"
"ENSMUSG00000109206.2",18.3545506381439,0.458760909765681,0.151149413750363,3.03514845597328,0.999828742285447,1,"Gm45137"
"ENSMUSG00000109216.2",7.91106353301382,-0.0172330762015948,0.178925033619883,-0.0963145058740386,0.999999986730274,1,"Gm44907"
"ENSMUSG00000109222.2",180.654735160567,-0.227403463544245,0.0795515200596977,-2.85856842677042,1,1,"Gm10297"
"ENSMUSG00000109224.3",105.507645416031,0.0426823874555487,0.210142389520915,0.203111745102245,0.999997737002409,1,"Tmem147os"
"ENSMUSG00000109231.2",12.3976794185826,0.245070160843101,0.14375088932766,1.70482535439832,0.99999992463002,1,"Gm45737"
"ENSMUSG00000109274.3",18.2938883189502,-0.272925611513742,0.248378716134436,-1.09882849771242,0.998290451937988,1,"Gm45133"
"ENSMUSG00000109279.2",10.4633859489278,0.431693422553451,0.156932682854052,2.75081910729155,0.999853459391933,1,"Gm45220"
"ENSMUSG00000109321.3",236.157685766222,-1.19569545035613,0.166592746125242,-7.17735602639759,0.120058639152801,1,"A330076H08Rik"
"ENSMUSG00000109324.3",5565.50545356689,0.081792267516677,0.068715969825757,1.1902948866774,1,1,"Prmt1"
"ENSMUSG00000109336.3",4551.41200478237,0.0144899893057906,0.0399084270272533,0.363080942676478,1,1,"Samd4b"
"ENSMUSG00000109372.2",31.1048762404728,-0.815209636875301,0.284945559264864,-2.86093118621843,0.741672788878346,1,"Gm19410"
"ENSMUSG00000109378.2",164.659773951533,0.012803389430217,0.0881675984377324,0.145216492873618,1,1,"Gm49396"
"ENSMUSG00000109379.2",12.7899160673967,0.154156088497576,0.134300578439003,1.14784381638082,0.999999999849381,1,"Gm44550"
"ENSMUSG00000109383.3",10.2423956191037,-0.0596323374192728,0.181106302550537,-0.329267046919213,0.999999898617812,1,"Gm36584"
"ENSMUSG00000109390.2",29.3319391489194,-0.653070108900969,0.154159775278629,-4.23631980340273,0.987790013743258,1,"Gm45718"
"ENSMUSG00000109401.2",13.4844084836868,-1.23706573729886,0.224696769260727,-5.50548964886733,0.14570182840662,1,"Cpeb1os1"
"ENSMUSG00000109408.3",114.028163546933,-0.34144196643588,0.0960507215166637,-3.55480897014025,0.999999999996468,1,"A930037H05Rik"
"ENSMUSG00000109419.3",9.55805242092067,-0.681204049817599,0.25060572335917,-2.71823021711795,0.898331494663607,1,"Gm45163"
"ENSMUSG00000109441.3",40.082725343082,0.35931979340086,0.0964304024656765,3.72620858373744,0.999999999984732,1,"Gm44983"
"ENSMUSG00000109489.2",32.1247215679926,-0.971951995258699,0.138598899550662,-7.01269633748732,0.580185542271401,1,"Gm7451"
"ENSMUSG00000109498.2",10.585931696816,0.696837411671512,0.20940782063334,3.32765705485102,0.926151443278488,1,"Gm45222"
"ENSMUSG00000109510.2",15.0464237764157,1.41091494651355,0.883545861168064,1.59687799866811,0.324118340477222,1,"Gm42417"
"ENSMUSG00000109511.2",2208.76902917741,0.204988732044637,0.0731159510770954,2.80361164732018,1,1,"Nup62"
"ENSMUSG00000109517.2",34.9264594632431,1.14883096775026,0.140886293722829,8.15431322233796,0.145394880921451,1,"Gm44763"
"ENSMUSG00000109523.3",37.6669656965865,0.0802343034453941,1.34564483981823,0.0596251708260795,0.963914396944514,1,"Gdf1"
"ENSMUSG00000109536.2",63.0340068036233,-0.661787414018711,0.150077417327093,-4.40964020973489,0.987888933577046,1,"9330162G02Rik"
"ENSMUSG00000109539.2",33.0993234682981,0.633420026304745,0.144772057748176,4.37529200148933,0.994331213001801,1,"Gm44667"
"ENSMUSG00000109587.3",16.2038237897831,0.182550792451815,0.157833525372141,1.15660340235952,0.999999888572027,1,"Gm31105"
"ENSMUSG00000109599.3",30.0829708202503,0.0984964785427827,0.142954694708563,0.689004853905527,0.99999999985704,1,"Gm31812"
"ENSMUSG00000109604.3",11.7902651701104,-0.397803551226669,0.186382385231669,-2.13434091817319,0.999383151970124,1,"Gm45346"
"ENSMUSG00000109608.2",10.2004512063574,-0.869844193270021,0.32451662198801,-2.68043032107662,0.655817894200669,1,"Gm45597"
"ENSMUSG00000109704.3",95.2999732439494,0.408573462762411,0.190031109424789,2.15003461274911,0.999071700711057,1,"Gm38414"
"ENSMUSG00000109708.3",16.3819431940887,0.501312668648392,0.209915942829291,2.38815909783505,0.991241023714814,1,"Gm45809"
"ENSMUSG00000109713.2",12.7565725086827,-0.0297617372555391,0.158620095456476,-0.187629046432553,0.999999999564814,1,"Pvrig"
"ENSMUSG00000109714.4",255.14773529312,0.0981057373701509,0.188005272075461,0.521824395066823,0.999999198003665,1,"Gm35021"
"ENSMUSG00000109727.2",8.99240036216706,-0.399698435174624,0.152645215607457,-2.61847994111057,0.999957994294247,1,"Gm45464"
"ENSMUSG00000109731.3",27.9743627522708,-0.337632867825436,0.164355861061623,-2.05427944975351,0.999972120965087,1,"Gm45425"
"ENSMUSG00000109754.4",83.0254238006593,-0.377270167589589,0.0929007692570262,-4.06100154613149,0.999999999989803,1,"Gm39214"
"ENSMUSG00000109770.4",31.8535703141382,0.352765085581093,0.190593912434777,1.85087278536146,0.999657963914589,1,"Gm30085"
"ENSMUSG00000109771.3",137.261496538479,-0.239510145799324,0.0760632825581598,-3.14882736774066,1,1,"Gm35315"
"ENSMUSG00000109780.3",30.9437615351734,-0.883715163460015,0.127438960895263,-6.93441909171173,0.819240577463085,1,"Gm45447"
"ENSMUSG00000109783.2",60.4323885101814,-0.20691788146225,0.198266927208586,-1.04363286593211,0.999968339057322,1,"Gm45338"
"ENSMUSG00000109784.2",10.3000119271706,0.491138985844783,0.155485814354917,3.15873822883735,0.999467403992398,1,"Gm45493"
"ENSMUSG00000109810.2",21.4532357001979,-1.12885584930286,0.129803676182025,-8.6966400529354,0.160428575765808,1,"Gm45592"
"ENSMUSG00000109812.2",27.2338184488448,-0.384228056294829,0.132129931323334,-2.90795622495699,0.999998421651967,1,"Gm45640"
"ENSMUSG00000109814.3",363.159414479444,0.484700051396998,0.128607528849711,3.76883107647151,0.999969221773836,1,"Gm45847"
"ENSMUSG00000109829.2",28.5913259474613,-0.823363412838865,0.119121837842267,-6.9119435004781,0.930939262830662,1,"Gm45605"
"ENSMUSG00000109841.5",22.3309302491352,0.963357254948186,0.16781533376065,5.74057944146029,0.586422409712107,1,"E330011O21Rik"
"ENSMUSG00000109864.2",12.7751794412473,0.485676596325681,0.188798115789786,2.57246527219821,0.996777105112004,1,"Eid3"
"ENSMUSG00000109865.2",2222.41255697565,-0.0570348795888031,0.0438504965847121,-1.30066667497416,1,1,"Hspa14"
"ENSMUSG00000109901.3",1276.09990232454,-0.154371574275866,0.0477514419862652,-3.23281492358426,1,1,"Chmp1b"
"ENSMUSG00000109930.3",28.8883608965961,-0.33556039451816,0.126947770447765,-2.64329490257754,0.999999917042001,1,"Gm34730"
"ENSMUSG00000109933.2",16.7061600907878,0.528496144544109,0.154755724302671,3.41503454509041,0.998843395950236,1,"Gm7600"
"ENSMUSG00000109946.2",206.79187248774,0.0208821319486338,0.0977776407832996,0.213567557790783,1,1,"Brd3os"
"ENSMUSG00000109956.2",16.2984157828481,-0.263906102307409,0.122789179588838,-2.14926187463018,0.999999998981183,1,"Gm45428"
"ENSMUSG00000110010.2",54.7316892187738,-0.389952400569439,0.0748320338187261,-5.21103571117769,1,1,"Gm45629"
"ENSMUSG00000110016.3",17.5626587643141,0.777007548626512,0.230805507505133,3.36650349909537,0.833015121949274,1,"Gm20751"
"ENSMUSG00000110020.3",29.0493796811061,0.343079038169196,0.117463162561933,2.9207372821101,0.999999988813356,1,"Gm45441"
"ENSMUSG00000110027.4",17.7944916183648,1.32554532864235,0.29917373785049,4.43068745995606,0.138264870396396,1,"C030029H02Rik"
"ENSMUSG00000110030.2",11.8210924918184,0.687730543201932,0.168843436800798,4.07318493530381,0.967804407867233,1,"Gm45546"
"ENSMUSG00000110040.2",110.499832410765,-0.00666731748660001,0.310449189130871,-0.0214763565827494,0.999904247302752,1,"Gm49369"
"ENSMUSG00000110057.2",30.5120728377408,0.682259675068089,0.224603081503708,3.03762384068994,0.921418070470947,1,"Gm2225"
"ENSMUSG00000110077.2",10.9756613428791,0.0441003006327104,0.171575201227482,0.257031903895251,0.999999987939977,1,"Gm45632"
"ENSMUSG00000110080.4",329.620516310853,0.872844244201922,0.188391192240861,4.63314783360986,0.750148123520048,1,"Gm6145"
"ENSMUSG00000110105.2",187.268544203835,-0.247969327204514,0.100441406078872,-2.46879585705715,0.999999999999965,1,"Gm45844"
"ENSMUSG00000110110.3",10.1162948533008,0.0742070682347768,0.184716572668812,0.40173476132987,0.999999733638314,1,"Gm30978"
"ENSMUSG00000110148.4",87.2443230085165,0.244876750882383,0.10043057415104,2.43826895297948,0.999999999999972,1,"5830408C22Rik"
"ENSMUSG00000110156.5",28.3196122859055,-0.547928255160901,0.113622187401787,-4.82237024027125,0.999965357482071,1,"Gm42067"
"ENSMUSG00000110159.2",27.2770666685805,0.264334631357986,0.143492762748119,1.84214608664263,0.999999852682229,1,"Gm45501"
"ENSMUSG00000110161.3",10.1249076581567,0.826375022736583,0.212233650560562,3.89370404058886,0.793345419424986,1,"Gm45494"
"ENSMUSG00000110185.3",1422.17385509966,-0.00642256042464508,0.0873183289985658,-0.0735534050903628,1,1,"Igip"
"ENSMUSG00000110195.3",1930.91952353899,0.591111940841517,0.194524535927719,3.0387526078518,0.982222795731162,1,"Pde2a"
"ENSMUSG00000110206.2",149.409745819149,0.799893465421469,0.229890420689333,3.47945539889381,0.807970854076724,1,"Flt3l"
"ENSMUSG00000110216.3",19.23804134533,-0.279425094137079,0.333169872944728,-0.838686558503552,0.984782629356759,1,"Gm36325"
"ENSMUSG00000110218.3",35.9853356873746,-0.688084913081328,0.163031289865594,-4.22056964432164,0.972140195185094,1,"Tincr"
"ENSMUSG00000110221.2",18.2268079439247,0.771904690976933,0.119951742442131,6.43512695406927,0.971385580361742,1,"Gm36210"
"ENSMUSG00000110234.3",102.986062130917,0.696824422427826,0.11374736064651,6.12607113226415,0.996154492823367,1,"Gm45799"
"ENSMUSG00000110239.4",30.2445942065831,0.127686640235077,0.114040474007609,1.11966072875633,0.99999999999999,1,"Gm45620"
"ENSMUSG00000110256.2",8.02531946094989,0.0995508948966109,0.180711369072576,0.550883408207871,0.999999687234872,1,"Gm45412"
"ENSMUSG00000110275.2",74.5635653378068,0.51838040987915,0.145475719509669,3.56334659575061,0.999534606813698,1,"Gm5905"
"ENSMUSG00000110277.3",125.390894124448,-0.354722451586909,0.0983768064998365,-3.60575286195632,0.99999999997296,1,"Gm45871"
"ENSMUSG00000110279.3",13.9161206561753,0.673498420767999,0.224231376684659,3.00358687854444,0.927316445975756,1,"Gm45552"
"ENSMUSG00000110316.2",24.7513578155021,0.0882219003508389,0.135391560429097,0.651605610211132,0.999999999991769,1,"Gm45311"
"ENSMUSG00000110317.2",42.9597007236192,-0.603157390774813,0.11383148443364,-5.29868685957826,0.999755059169924,1,"Gm45250"
"ENSMUSG00000110341.2",30.4471655328483,0.134029733576104,0.171729246739739,0.780471213381784,0.999999770454237,1,"Gm45424"
"ENSMUSG00000110344.2",54.3826810488488,-0.550805846106278,0.152941922311527,-3.60140527712437,0.998343109721647,1,"Smim36"
"ENSMUSG00000110357.4",412.24089246529,-0.132537012894785,0.0673419200477882,-1.96812049315986,1,1,"A030001D20Rik"
"ENSMUSG00000110360.2",33.829842525434,-0.273900719837628,0.0943689636195006,-2.90244492820761,0.999999999999993,1,"Gm45380"
"ENSMUSG00000110371.2",21.5304416652861,0.578347181986744,0.149272328637507,3.87444335641874,0.997633916678087,1,"Gm9619"
"ENSMUSG00000110386.2",56.3259829221075,-0.140767453616447,0.235411119764019,-0.597964334724526,0.999869471067831,1,"Gm42031"
"ENSMUSG00000110393.5",59.3394917601699,-0.0219506318201753,0.0874774446995138,-0.250929046859747,1,1,"Gm36445"
"ENSMUSG00000110404.2",17.0375355149254,-0.304535275497775,0.140628692904672,-2.16552731315089,0.999999620055913,1,"Rnf223"
"ENSMUSG00000110419.4",21.605209466614,-0.165307852121154,0.121802913654837,-1.35717485863762,0.999999999996379,1,"AW046200"
"ENSMUSG00000110424.4",50.5449068178078,0.33603551901664,0.121504980560969,2.7656110676716,0.999999976789885,1,"Zbed5-ps"
"ENSMUSG00000110444.4",501.808188815955,-0.238609009684076,0.108107788449277,-2.20713986574638,0.999999999999059,1,"Gm10033"
"ENSMUSG00000110528.2",18.485218930751,-0.191757947381819,0.145702379590816,-1.31609344967696,0.999999985487001,1,"Gm1943"
"ENSMUSG00000110529.2",19.8178279824472,-0.518590126183459,0.162478925421881,-3.19173778898971,0.998476254675238,1,"Gm45694"
"ENSMUSG00000110537.3",26.4010984456892,-0.977259274908122,0.164433043830302,-5.94320491881592,0.554997460434372,1,"Gm4316"
"ENSMUSG00000110545.2",18.3345061516479,-0.0408487613565086,0.127390269654685,-0.32065841031059,0.999999999999975,1,"Gm7730"
"ENSMUSG00000110588.3",23.6105401879693,-0.527301300009677,0.182404314325469,-2.8908378727753,0.995221914528407,1,"Gm45774"
"ENSMUSG00000110605.4",297.015867762117,-0.319571671995394,0.101447362074716,-3.15012303385502,0.999999999990081,1,"Gm32856"
"ENSMUSG00000110611.4",28.5387639346078,-0.372696706040139,0.150536372634675,-2.47579172738941,0.999984576467409,1,"Gm20163"
"ENSMUSG00000110615.3",11.4812561497632,0.344576385961161,0.161661421091344,2.13146948501995,0.999974857484786,1,"Gm45890"
"ENSMUSG00000110617.2",8.11918378442799,0.497188266406128,0.151880661837634,3.27354556130155,0.999534471064442,1,"Gm5910"
"ENSMUSG00000110630.3",19.2911158239995,-0.0695962920613371,0.148690517240454,-0.468061402656834,0.999999999804488,1,"K230015D01Rik"
"ENSMUSG00000110631.3",29510.5605056306,-0.136445701381839,0.0723321205369916,-1.88637773051405,1,1,"Gm42047"
"ENSMUSG00000110635.2",15.3463975813741,0.554240929982367,0.166964954056543,3.31950458174997,0.996204909698483,1,"Gm45853"
"ENSMUSG00000110644.2",9.73802050954439,-0.343692206125333,0.174507221403892,-1.96950133845675,0.999915355398575,1,"Gm7390"
"ENSMUSG00000110661.3",12.5897946831466,0.448486594464137,0.142574027108995,3.14564022324542,0.999945192623168,1,"Gm31805"
"ENSMUSG00000110669.2",9.46436203363544,-0.451771184891969,0.266718816965523,-1.69381069559246,0.980082539571765,1,"Gm10060"
"ENSMUSG00000110686.2",45.2940911662434,0.541751634431124,0.111629226077674,4.85313437588611,0.999979792395834,1,"Gm45855"
"ENSMUSG00000110697.4",22.3880491421238,0.706281442435871,0.245496611353633,2.87694986314287,0.88423484281462,1,"Gm31718"
"ENSMUSG00000110702.2",117.762231542261,-0.615912267348505,0.106410172983465,-5.78809572506013,0.999846607298147,1,"Gm45767"
"ENSMUSG00000110710.2",15.7082443618259,-0.476233030067787,0.238824338750903,-1.99407243230977,0.985850110752549,1,"C78859"
"ENSMUSG00000110726.2",21.4252985674688,-0.136593984433784,0.0883269500501223,-1.54645874624078,1,1,"Gm18101"
"ENSMUSG00000110744.2",13.5226276757459,0.0351627424033001,0.104319715516698,0.337067084866347,1,1,"Gm5171"
"ENSMUSG00000110830.4",18.9404508935946,-0.134520732368541,0.129259667898259,-1.04070151622564,0.999999999989265,1,"Gm46218"
"ENSMUSG00000110834.4",683.095598737563,-0.315449095759946,0.0789494409770859,-3.99558365272658,1,1,"Gm39469"
"ENSMUSG00000110945.2",43.0509152817903,-0.434642136879651,0.0876429164258565,-4.95923863108032,0.999999999944331,1,"Gm9856"
"ENSMUSG00000110949.2",225.059373964334,0.864588505745032,0.0933564320953383,9.26115626250679,0.926537429795057,1,"Nudt8"
"ENSMUSG00000110980.4",55.9135142191076,-0.282342414666784,0.121312486756847,-2.32739779898089,0.999999998348435,1,"Gm47204"
"ENSMUSG00000110981.3",25.5510210180452,0.450326123687744,0.260126885991342,1.73117869754813,0.982703866957253,1,"Gm35940"
"ENSMUSG00000110993.2",25.9482434915637,-0.121125281415927,0.146051857653666,-0.829330645715936,0.999999999114639,1,"Gm47963"
"ENSMUSG00000110997.2",8.69184162083402,0.0264572406955033,0.173615252776229,0.152390070989925,0.999999991422172,1,"2610028D06Rik"
"ENSMUSG00000111012.2",10.0852570663399,0.21891801078195,0.146303784383611,1.49632500419773,0.999999953209898,1,"Gm7588"
"ENSMUSG00000111055.2",183.120714529325,-0.173677930553126,0.173658536445157,-1.00011167955441,0.999999023929914,1,"D030034A15Rik"
"ENSMUSG00000111063.4",337.844507143637,-1.02584087790031,0.1004323332427,-10.2142491842873,0.398474985221918,1,"Zfp660"
"ENSMUSG00000111067.2",8.36813455606589,0.278731793817591,0.187181111514674,1.48910214049958,0.999941735881765,1,"Gm48714"
"ENSMUSG00000111079.3",12.2737388757138,-0.186299334316907,0.241297669866472,-0.772072662036065,0.999627570802642,1,"Gm47112"
"ENSMUSG00000111080.2",715.95408076016,-0.412198588883442,0.0955995727928602,-4.31171998829504,0.999999999609096,1,"Gm20300"
"ENSMUSG00000111088.3",22.176296129121,0.874695356835226,0.29727032923072,2.9424240189015,0.663311379104712,1,"9430081H08Rik"
"ENSMUSG00000111128.2",397.382194640392,-0.20692032770912,0.0584383792277257,-3.54082933927347,1,1,"Gm49338"
"ENSMUSG00000111162.2",21.5176483162457,0.343866012185663,0.146376955262132,2.34918134189816,0.999996311233502,1,"Gm7293"
"ENSMUSG00000111197.2",8.30371308675015,0.224769465595629,0.265201661976803,0.847541693065596,0.998269519268367,1,"Gm10608"
"ENSMUSG00000111212.2",21.7670053010013,0.586406811646516,0.207940145769811,2.82007502435661,0.976649461794093,1,"5330432J10Rik"
"ENSMUSG00000111229.3",32.4930414317,-0.305336670975599,0.21996960388923,-1.38808574265268,0.999205715263557,1,"Gm39323"
"ENSMUSG00000111243.4",11.1512043762195,0.49296869716783,0.19176189775639,2.5707333048721,0.995904177835543,1,"Gm4668"
"ENSMUSG00000111264.2",24.2627365737524,0.360097038858333,0.135804592124878,2.65158219780379,0.999998773146139,1,"E030022I16Rik"
"ENSMUSG00000111291.2",199.06064274854,-0.0303314676497537,0.0595774663944865,-0.50910972697155,1,1,"Gm48604"
"ENSMUSG00000111293.3",35.548505473388,0.90205273911968,0.226917604403835,3.97524353163159,0.666999333888219,1,"Gm34006"
"ENSMUSG00000111325.2",22.4487852051243,-0.360949351557894,0.124752282797153,-2.89332863066559,0.999999849289833,1,"Gm47140"
"ENSMUSG00000111334.3",13.9458278400316,0.1167242030565,0.181598062761957,0.642761278844174,0.99999942492911,1,"Gm30015"
"ENSMUSG00000111343.2",7.59859430863286,0.00989048076950659,0.460514990240463,0.0214770007038037,0.998377756819049,1,"Gm47175"
"ENSMUSG00000111348.3",21.8471749774421,-0.254902784726948,0.115047344951787,-2.21563378827883,0.999999999953044,1,"Gm19531"
"ENSMUSG00000111375.6",913.543637109571,-0.625134601043329,0.127727847854049,-4.89427021237882,0.998331595133307,1,"Btbd8"
"ENSMUSG00000111388.2",10.3238891142199,0.504584157724086,0.167706853312283,3.00872711972307,0.998431876857172,1,"Gm7183"
"ENSMUSG00000111390.2",33.8198977196809,-0.72802494667686,0.183613519660162,-3.96498551971724,0.930728222931479,1,"Gm48796"
"ENSMUSG00000111394.2",1208.7035422155,0.682976161038794,0.120684642200583,5.65918039433433,0.995691389611177,1,"Gm49759"
"ENSMUSG00000111409.2",42.5096973551289,-0.068954001572661,0.152639041177297,-0.451745510459332,0.999999999469774,1,"Gm49380"
"ENSMUSG00000111415.3",16.475884478186,-0.410451450248707,0.122477789951588,-3.35123168380933,0.999999258503757,1,"Gm39325"
"ENSMUSG00000111481.2",11.5693027934345,0.585183445273058,0.15789236392457,3.70621751887011,0.995695603249296,1,"Gm47652"
"ENSMUSG00000111496.2",21.3784446886425,0.532676495627793,0.144948472032987,3.67493694936342,0.999368079635443,1,"Gm47483"
"ENSMUSG00000111497.2",98.3870583467668,-0.0618004556420047,0.129500842650702,-0.477220490438789,0.999999999999784,1,"Gm38431"
"ENSMUSG00000111521.3",46.5685339057023,0.0132048376426036,0.153018449110285,0.0862957226359447,0.999999999961438,1,"Gm48529"
"ENSMUSG00000111530.2",18.0861502431594,0.435464792222276,0.150466180902093,2.8941041077239,0.999912252926132,1,"Gm9487"
"ENSMUSG00000111547.2",22.4091840588876,-0.600694765377808,0.118744419966343,-5.0587199427819,0.999614118747214,1,"Gm48069"
"ENSMUSG00000111594.2",26.1014047617359,-0.0437911842806905,0.1630810804711,-0.268524001399726,0.999999997809977,1,"Gm3365"
"ENSMUSG00000111596.2",8.12960093944249,0.639951062755937,0.1694996303554,3.77553072779045,0.98317275147315,1,"Gm8058"
"ENSMUSG00000111605.2",13.8485934147945,0.904928829293982,0.181824347622,4.97693978352814,0.699468928643909,1,"4632418H02Rik"
"ENSMUSG00000111613.2",25.4218360329528,0.485274151261452,0.107616995395779,4.5092705801419,0.999999136260145,1,"Gm4977"
"ENSMUSG00000111664.2",17.875240387001,0.0774562088085692,0.115718198966832,0.669352007723267,0.999999999999999,1,"Gm48865"
"ENSMUSG00000111686.2",24.8923369447331,0.238393970690257,0.121952077378201,1.95481680849882,0.99999999978827,1,"Rab7-ps1"
"ENSMUSG00000111692.2",11.7026501668983,-0.512896581546283,0.199797718520274,-2.56707927069867,0.992615263392515,1,"Gm49373"
"ENSMUSG00000111740.2",51.6479477635755,0.0791325054908189,0.127087221129094,0.622662961608363,0.999999999999785,1,"Gm49783"
"ENSMUSG00000111828.3",11.7428890069119,0.00868305566349492,0.149911008830593,0.0579214010447172,0.9999999999897,1,"D830035M03Rik"
"ENSMUSG00000111857.2",56.9773848841457,-1.05364820182169,0.139149660140129,-7.57205012761532,0.34991751236312,1,"1190001M18Rik"
"ENSMUSG00000111868.3",27.3463420379991,0.824528572133613,0.161027402163758,5.12042398408131,0.862077160956393,1,"Gm47398"
"ENSMUSG00000111875.2",21.2444252388276,-0.190974621636454,0.146936242349649,-1.29971080369683,0.999999981642122,1,"Gm5425"
"ENSMUSG00000111877.2",75.72915395917,0.50446307308798,0.0921775010233991,5.4727354016673,0.99999996189923,1,"Gm6477"
"ENSMUSG00000111888.3",15.5077926690868,1.00488783670549,0.203593821266421,4.93574819930566,0.490423199449241,1,"Gm46212"
"ENSMUSG00000111904.2",51.7533579566419,-0.541700827435678,0.383169866102554,-1.41373546136505,0.884194648979289,1,"Gm2395"
"ENSMUSG00000111905.2",9.09187484375046,-0.711234598196506,0.166584649548172,-4.26950862594836,0.958491736842719,1,"Gm48045"
"ENSMUSG00000111942.2",47.3821113916725,-0.136999836745188,0.218962971920758,-0.62567581880816,0.999959584142427,1,"Gm5182"
"ENSMUSG00000111947.3",75.5184619202815,0.454782303763421,0.111287677079254,4.08654682799735,0.999999518798107,1,"Gm47438"
"ENSMUSG00000111960.2",10.3398354703992,-0.792284598171269,0.200897519839921,-3.94372513310555,0.849417218448626,1,"Gm46349"
"ENSMUSG00000111973.2",9.15910522857016,-0.720092375238234,0.210781988818136,-3.41628987977495,0.907902438700821,1,"Gm48827"
"ENSMUSG00000112000.2",13.5935963826073,-0.275512834650103,0.132719845708357,-2.07589779192121,0.999999976027837,1,"Gm47956"
"ENSMUSG00000112008.2",23.0061625729136,0.804573968896827,0.158906356749855,5.06319561629216,0.890617523963289,1,"Gm47218"
"ENSMUSG00000112023.2",371.414469439908,0.0894508357661419,0.406095494612187,0.220270446121461,0.991176949697904,1,"Lilrb4b"
"ENSMUSG00000112035.3",10.9115918786865,0.234712451484555,0.200056672376811,1.17322980881372,0.999934708126859,1,"Gm30539"
"ENSMUSG00000112054.3",102.713241189151,-0.665169536055577,0.134903697560809,-4.93069906965111,0.993467566465869,1,"Gm33680"
"ENSMUSG00000112096.2",68.0181474924588,-0.0589950700544167,0.0842479494693077,-0.700255263493494,1,1,"A430103D13Rik"
"ENSMUSG00000112099.2",29.2753587504601,0.401337069379685,0.109064845688181,3.67980229419768,0.999999979795504,1,"Gm8960"
"ENSMUSG00000112110.4",59.2767718760155,-0.0167890895572363,0.0970570548701009,-0.172981650635355,1,1,"Gm15608"
"ENSMUSG00000112148.2",286.546906296711,0.06278809771627,0.418272816045394,0.15011278597999,0.993004739445879,1,"Lilrb4a"
"ENSMUSG00000112150.2",30.9513856539588,0.479848765372959,0.121229798730218,3.95817505595965,0.999991091329246,1,"9530018F02Rik"
"ENSMUSG00000112160.2",15.7261204107884,-0.422984337146126,0.197801097484894,-2.13843271106435,0.998233776233457,1,"BC024063"
"ENSMUSG00000112169.2",11.6937205892882,-0.216242982068096,0.22370874387513,-0.966627313364195,0.999770408502587,1,"Gm48536"
"ENSMUSG00000112229.2",12.5916075902748,0.500206814784519,0.182126702092248,2.74647709005987,0.996967126797114,1,"Gm48086"
"ENSMUSG00000112234.3",12.2641718742379,-0.279733425906836,0.213406551100655,-1.31080055632827,0.999631044852946,1,"Gm48427"
"ENSMUSG00000112241.2",33.7807689850622,0.401920387449021,0.320336038122878,1.25468364347707,0.969057904239162,1,"Gm49325"
"ENSMUSG00000112254.2",18.3469397342132,-0.105445776274896,0.128338795739931,-0.821620427922465,0.999999999998418,1,"Gm47690"
"ENSMUSG00000112278.4",68.140710307438,0.482509597644603,0.137923523836912,3.49838507762568,0.999912288670149,1,"Gm30025"
"ENSMUSG00000112280.2",248.737170020684,-0.978374786848306,0.127028343082212,-7.70201958955814,0.567589017614623,1,"A830082N09Rik"
"ENSMUSG00000112300.2",32.6361142813414,0.541339281149646,0.144355522988239,3.75004204857303,0.999256732605081,1,"Gm47976"
"ENSMUSG00000112302.2",196.320765430053,-0.539430636798883,0.0732293049139585,-7.36632195857509,0.999999999840666,1,"Gm48226"
"ENSMUSG00000112311.2",27.8835500441633,-0.375739786430239,0.2312059346222,-1.62513037152015,0.996533216386877,1,"Gm8153"
"ENSMUSG00000112332.2",93.828223172745,-0.241526707661834,0.100273995831849,-2.40866742826179,0.99999999999998,1,"4930466K18Rik"
"ENSMUSG00000112346.3",173.005818705957,0.578319851925699,0.108110834757437,5.34932371231106,0.999951991583311,1,"Gm48768"
"ENSMUSG00000112358.2",327.746058604414,0.263253844058569,0.127861366794375,2.05890059412496,0.999999995845576,1,"Gm33869"
"ENSMUSG00000112368.2",24.7138846322853,-0.055980157195001,0.100957061644042,-0.554494715707734,1,1,"Gm49376"
"ENSMUSG00000112375.3",75.6232096469064,0.47107235972484,0.11615934438115,4.0553978867092,0.999997361541454,1,"Gm38560"
"ENSMUSG00000112381.2",25.4848280848189,-0.613472697461686,0.108973861075656,-5.62953988604456,0.99980515746283,1,"Gm8170"
"ENSMUSG00000112429.2",7.9446482865974,0.713909768834338,0.212546674402754,3.35883763338284,0.910850568105543,1,"Gm47093"
"ENSMUSG00000112433.3",23.7283481678256,0.612806441772976,0.23134894940712,2.64884039172609,0.952898762447493,1,"Gm30122"
"ENSMUSG00000112449.2",981.908560471284,0.040545659469479,0.151078584856147,0.268374631044402,0.99999999989567,1,"Srp54b"
"ENSMUSG00000112478.2",3256.47183648967,-0.81896393004876,0.0885614027297244,-9.24741371303829,0.979532462518901,1,"Gm47761"
"ENSMUSG00000112546.2",28.2981301872843,0.64802497945103,0.107021672175897,6.05508180049698,0.999496958359399,1,"Gm6992"
"ENSMUSG00000112547.3",11.7812538818913,0.367299007325544,0.251352039267959,1.46129312654582,0.994085286008438,1,"Gm47096"
"ENSMUSG00000112550.2",19.259239665018,0.0515883667753065,0.106651736071725,0.483708645310869,1,1,"Gm6627"
"ENSMUSG00000112596.2",52.7906251610792,0.400904781531414,0.115276760808518,3.47775890578105,0.999999898743758,1,"Gm48804"
"ENSMUSG00000112621.2",20.7643560800309,-0.0146379956768384,0.232177236998682,-0.063046644305279,0.999995231315782,1,"Gm5173"
"ENSMUSG00000112627.4",143.871180756955,0.0126486595194323,0.14173987356418,0.0892385410073403,0.999999999998821,1,"4933412E12Rik"
"ENSMUSG00000112639.3",150.079513708658,0.226980375956508,0.135752170033577,1.67202024026847,0.99999999380766,1,"A730063M14Rik"
"ENSMUSG00000112640.2",351.062743787412,-0.243235119431826,0.0872264758404114,-2.78854690721252,1,1,"Gm32687"
"ENSMUSG00000112690.3",323.978395030526,0.0361384296729794,0.235513885342184,0.15344500652466,0.999984096391564,1,"Gm2446"
"ENSMUSG00000112693.3",53.5012205037333,0.751815556902672,0.529891641658032,1.4188099939645,0.680712590686124,1,"Gm5512"
"ENSMUSG00000112714.2",46.1781471837604,0.764289571956011,0.169301388900955,4.51437272261917,0.918077155682645,1,"Gm4798"
"ENSMUSG00000112727.2",18.4091098281656,0.494726561694118,0.143482838191129,3.44798421839906,0.999785435903343,1,"Gm17794"
"ENSMUSG00000112739.3",27.6125334406861,0.926471131156808,0.232233324089617,3.98939788158607,0.624232638276161,1,"Gm20597"
"ENSMUSG00000112742.4",53.2923892620838,0.144818694737822,0.1348850154016,1.07364553658274,0.999999999885174,1,"Gm31793"
"ENSMUSG00000112743.2",37.8884444845572,-0.235920430400856,1.07925171420455,-0.218596298987339,0.886589126604483,1,"Gm49358"
"ENSMUSG00000112763.4",9.56560776994877,-0.881532598224444,0.340508853908923,-2.5888683601168,0.636047194686464,1,"Gm34304"
"ENSMUSG00000112790.2",83.7659836303264,-0.550114155906572,0.0870074984238721,-6.32260627959438,0.999999883363181,1,"Gm10777"
"ENSMUSG00000112806.2",28.4185955691049,0.38420461201872,0.140977216444532,2.72529577266754,0.999993731931152,1,"Gm48146"
"ENSMUSG00000112808.2",643.567512369144,-0.0645419057779315,0.139213157506914,-0.463619293849621,0.9999999999909,1,"Gm4739"
"ENSMUSG00000112825.2",40.6905991244322,0.460647614532531,0.105253760327958,4.37654306218808,0.999999850681497,1,"Gm9118"
"ENSMUSG00000112847.2",14.5730654399462,-0.560220580989207,0.1774895528286,-3.15635806198806,0.99338980101189,1,"Gm47573"
"ENSMUSG00000112880.4",60.281232927669,-0.00141363594978818,0.11969285260093,-0.0118105293596887,1,1,"Gm20337"
"ENSMUSG00000112907.2",3208.56123343554,-0.0622648633403027,0.117390051759482,-0.530410050997133,0.999999999999999,1,"Gm47015"
"ENSMUSG00000112909.2",255.651698153507,0.0287705542576193,0.0756097519973336,0.380513802751713,1,1,"Gm10120"
"ENSMUSG00000112922.2",43.6881542416166,-0.523102743529992,0.122806608112585,-4.2595651127375,0.999948479916981,1,"Gm47572"
"ENSMUSG00000112926.2",13.1335049485036,-0.227360983345061,0.129458809700134,-1.75624188011382,0.999999998800741,1,"Gm7172"
"ENSMUSG00000112941.4",95.1059228184752,0.496152310018488,0.118651064651988,4.18160858036747,0.999989141555176,1,"Gm48623"
"ENSMUSG00000112945.3",97.7800213591512,0.555047456471786,0.161359147234342,3.43982641198326,0.997087998508711,1,"Gm32151"
"ENSMUSG00000112959.3",42.4041757252796,-0.14631781372798,0.150148565153505,-0.974486926188016,0.999999993481668,1,"Gm32834"
"ENSMUSG00000112964.4",1002.41663787713,-0.0793498860839059,0.0672252573236094,-1.18035823502959,1,1,"E430024I08Rik"
"ENSMUSG00000112980.3",522.10072000082,-0.37442133514319,0.0982908018460789,-3.80932221643206,0.999999999902081,1,"D430020J02Rik"
"ENSMUSG00000113019.4",204.742288251762,0.429633352005789,0.0985879828913713,4.35786735264863,0.999999996382069,1,"Gm47467"
"ENSMUSG00000113031.4",39.1713679009336,-0.694249684221613,0.173738236861007,-3.99595216784099,0.960781953178703,1,"Gm34552"
"ENSMUSG00000113047.4",431.301380507671,0.0448255675917217,0.0710094003887016,0.631262443371567,1,1,"Gm47469"
"ENSMUSG00000113052.3",18.3719745891406,-0.207795418592497,0.171455085384229,-1.21195249547035,0.999998085723294,1,"Gm31513"
"ENSMUSG00000113061.2",76.3390499289706,0.508284599468951,0.140272272919365,3.62355716415271,0.999772069500811,1,"Rps18-ps5"
"ENSMUSG00000113070.2",44.9322319542378,-0.242501580691002,0.0861362647418837,-2.81532501342707,1,1,"Gm48420"
"ENSMUSG00000113078.2",12.9535879488051,0.0287582238608804,0.138901548982239,0.207040339518154,0.999999999998713,1,"Gm48734"
"ENSMUSG00000113149.2",421.492812840153,-0.0139421765499186,0.0822203179322866,-0.16957093940455,1,1,"Gm49383"
"ENSMUSG00000113165.3",65.9581192521251,-0.108240292704913,0.100265327297663,-1.07953861641099,1,1,"Gm47863"
"ENSMUSG00000113170.3",34.3424786243799,-0.578174390809635,0.147931951501038,-3.90838074495069,0.997824216947824,1,"Gm36839"
"ENSMUSG00000113188.2",17.1157044977446,0.622561984301922,0.131404378200578,4.73775678426507,0.997962776522156,1,"Gm35638"
"ENSMUSG00000113204.4",785.987280285394,-0.128633802570037,0.0720089497615885,-1.78635854287453,1,1,"Gm46430"
"ENSMUSG00000113255.2",15.9870726128719,-0.145499445082548,0.149924586292854,-0.970484219301682,0.999999993993308,1,"Tes3-ps"
"ENSMUSG00000113262.2",60.9963619621641,0.239756445355377,0.131944929090599,1.81709480620321,0.999999995839531,1,"Gm48551"
"ENSMUSG00000113275.2",24.2388146483258,-1.02132273926071,0.135165167450123,-7.55610900743036,0.437325634313344,1,"Tubb2a-ps2"
"ENSMUSG00000113288.2",74.6353757639921,-0.295001348185345,0.126634352601411,-2.32955230650469,0.999999987056671,1,"Gm47982"
"ENSMUSG00000113328.2",55.7413204952742,-0.439629677561215,0.103085875824856,-4.26469362600315,0.999999972748353,1,"Gm47260"
"ENSMUSG00000113334.3",81.6442696726015,1.43669124870724,0.388917214548677,3.69407985803473,0.130753030918697,1,"D030007L05Rik"
"ENSMUSG00000113361.3",10.187462439017,-0.459644649411479,0.2299286828482,-1.99907485972482,0.990615810949027,1,"B930059L03Rik"
"ENSMUSG00000113389.2",61.8693066455902,0.525649071893412,0.103696094591896,5.069130847812,0.999997612453104,1,"Gm9512"
"ENSMUSG00000113416.2",16.9389583837838,-0.206456021033601,0.161795270316931,-1.27603248617334,0.999999531953135,1,"Gm49328"
"ENSMUSG00000113425.2",59.6644816725488,-0.858883179542209,0.134739948981626,-6.3743766123834,0.852525664297992,1,"Gm48653"
"ENSMUSG00000113427.3",13.7770257086849,0.0558908340535408,0.193022297090548,0.289556361601696,0.999999521328079,1,"Gm46378"
"ENSMUSG00000113432.2",11.0603237749331,-0.27722017283509,0.135463381859743,-2.04645837885636,0.999999952388162,1,"8430406P12Rik"
"ENSMUSG00000113440.3",111.88665796576,-0.356081941864208,0.174937065524564,-2.0354859663186,0.999883773636453,1,"Gm46404"
"ENSMUSG00000113450.2",466.741800356475,-0.187174198600551,0.0728571453436663,-2.56905754017197,1,1,"Zfp935"
"ENSMUSG00000113465.3",95.0626113173418,0.65434329816204,0.14477470978,4.51973482907603,0.991519427349518,1,"Gm40271"
"ENSMUSG00000113471.3",8.72461648787211,-0.251395049954571,0.715029972541483,-0.351586730079327,0.892488058723572,1,"Gm48116"
"ENSMUSG00000113473.2",35.801464843287,-0.792955110945209,0.113440932012926,-6.99002641176166,0.966009586124602,1,"Gm7045"
"ENSMUSG00000113529.2",37.2529033154316,-1.04546508370274,0.128827489299218,-8.11523293196,0.362076285320245,1,"Gm47484"
"ENSMUSG00000113555.2",129.452437964251,0.543364473173448,0.105792549523243,5.13613175617879,0.999992067752578,1,"Gm10095"
"ENSMUSG00000113585.4",185.182151055876,-0.38722272665562,0.0922587840787691,-4.19713667941922,0.999999999984521,1,"Gm19605"
"ENSMUSG00000113587.3",14.7985822330973,-0.166870725808157,0.165383819782199,-1.0089906378261,0.999999764236751,1,"Gm36287"
"ENSMUSG00000113591.3",17.6369897467017,0.203740479730448,0.18640903163826,1.09297536680423,0.999990295042714,1,"4930447K03Rik"
"ENSMUSG00000113601.2",9.11619490008279,-0.220484468564796,0.162531521888811,-1.3565643513486,0.99999919103014,1,"Gm48735"
"ENSMUSG00000113621.4",20.298653701636,-0.549964711478315,0.179338981968795,-3.0666211296661,0.993953372819007,1,"2900060N12Rik"
"ENSMUSG00000113622.2",24.811525837339,-0.440863329055915,0.41246783919972,-1.06884291854436,0.912623506016105,1,"Gm49749"
"ENSMUSG00000113637.2",13.5833302910875,-0.129543313701333,0.134739957828463,-0.961432048733855,0.999999999947742,1,"Gm7049"
"ENSMUSG00000113640.2",36.8888885967832,0.0391984410800553,0.240167570470526,0.163212880920015,0.999975960476539,1,"Adat3"
"ENSMUSG00000113647.2",13.337150299172,-0.999521545811309,0.134615243693389,-7.42502497033624,0.501417931565492,1,"Gm47210"
"ENSMUSG00000113662.2",10.3088249624668,-0.104963182471117,0.198394212153719,-0.529063732916715,0.999996792803403,1,"Gm35558"
"ENSMUSG00000113679.3",23.2566605234859,0.252931624118908,0.215771891553381,1.17221767069847,0.999732219535201,1,"Gm10432"
"ENSMUSG00000113680.2",9.3767078428788,1.21250026814099,0.256958231626887,4.71866676721836,0.20412315125665,1,"Gm47405"
"ENSMUSG00000113688.2",8.13385550535496,0.220406977336135,0.211809836874028,1.04058895747708,0.999883673629166,1,"A930027P06Rik"
"ENSMUSG00000113722.4",46.4248885425038,-0.186245965303044,0.105692374947638,-1.76215138883305,0.999999999999993,1,"Snhg10"
"ENSMUSG00000113752.2",11.3405310592008,0.425997704586373,0.15762899417593,2.702533926664,0.999864460621391,1,"Gm47817"
"ENSMUSG00000113753.2",14.953466196977,0.111659935642908,0.136550674422575,0.81771793596098,0.999999999961301,1,"Gm5791"
"ENSMUSG00000113775.2",22.9347645025746,-0.00915800619951006,0.125848223441296,-0.0727702461670585,0.999999999999999,1,"Gm48027"
"ENSMUSG00000113780.3",42.295237747234,-0.87620397695269,0.172899135569094,-5.06771751095622,0.763004757633086,1,"Gm33195"
"ENSMUSG00000113784.3",10.1486566613526,-0.0264019823105895,0.165502563692415,-0.159526122868147,0.999999998260807,1,"Gm46400"
"ENSMUSG00000113786.2",230.878591153314,-0.144452258214478,0.0726441908462842,-1.98849015360554,1,1,"Gm49384"
"ENSMUSG00000113811.3",28.3724405262961,-0.0959276619856633,0.118382411765189,-0.810320220337591,0.999999999999989,1,"Gm47882"
"ENSMUSG00000113831.2",295.388299933008,-0.51720759193364,0.0611602579890893,-8.45659598142813,0.999999999999999,1,"Gm49602"
"ENSMUSG00000113841.2",51.4890413724236,-0.535918380767275,0.0813246559883049,-6.58986348302961,0.999999994234883,1,"Gm48701"
"ENSMUSG00000113852.2",17.8612336073786,-0.154406533128822,0.141620995861349,-1.09027995594657,0.999999998819679,1,"Gm48062"
"ENSMUSG00000113883.3",33.1156824913621,-0.765230123051785,0.188555384374153,-4.05838383025609,0.893452081763082,1,"Gm36500"
"ENSMUSG00000113894.2",18.7362818444693,0.404262977355504,0.148641545890124,2.71971725626653,0.999969366484655,1,"Gm48838"
"ENSMUSG00000113902.2",1733.71970760896,0.169862518796696,0.0795493579561057,2.13530973927438,1,1,"Ndufb1"
"ENSMUSG00000113948.2",67.3637790782137,0.87398253856386,0.122599667086192,7.12875131993157,0.847996315132469,1,"Rpl17-ps3"
"ENSMUSG00000113949.2",1295.4989607454,0.39436572269609,0.0695683173594289,5.66875465247457,1,1,"Scamp4"
"ENSMUSG00000113965.2",19.7195510290886,-0.151171063481133,0.159489223335595,-0.947845003690564,0.999999948732236,1,"A730091E23Rik"
"ENSMUSG00000113974.3",16.539037522743,0.44041427446441,0.239283858036967,1.84055154441872,0.990321549076449,1,"4930442G10Rik"
"ENSMUSG00000113975.4",13.0639242400003,-0.145243561692658,0.232537876464683,-0.624601737578511,0.999881856679904,1,"Gm36372"
"ENSMUSG00000114003.2",100.527531547009,0.555238344741344,0.0892084099677709,6.22405830282077,0.999999691226219,1,"Gm9616"
"ENSMUSG00000114004.2",8.25914706684294,-0.772209845039734,0.365503676525602,-2.11272798232891,0.733431498320222,1,"Gm48552"
"ENSMUSG00000114016.2",11.3392242743034,-0.232962299830027,0.165288183963798,-1.40943105697774,0.999998263073838,1,"Gm47258"
"ENSMUSG00000114019.2",340.312913725811,-0.144493388843406,0.0903277474687891,-1.5996567266701,1,1,"Gm47155"
"ENSMUSG00000114023.2",12.440238344598,0.176129734872985,0.162979990133475,1.08068318527165,0.99999978484926,1,"Gm6474"
"ENSMUSG00000114025.2",8.71834392354956,0.076372292534867,0.201976660026172,0.37812434627333,0.999997644717842,1,"Gm49331"
"ENSMUSG00000114036.2",9.32959332358155,0.734428508393553,0.198406534795375,3.70163467221984,0.909636816627472,1,"Gm48228"
"ENSMUSG00000114045.2",49.0663019358495,-0.839956499387213,0.100065580792422,-8.39406010274036,0.945132582331704,1,"Gm34220"
"ENSMUSG00000114064.2",13.0994185992074,-0.169819051349024,0.15491601285505,-1.09620076207305,0.999999958137215,1,"Gm9370"
"ENSMUSG00000114133.2",815.668837693534,0.0143425738004152,0.0631447495982659,0.227138026386426,1,1,"Btf3l4b"
"ENSMUSG00000114172.2",83.2395312871115,-0.314583819775035,0.178011421703456,-1.76721143376458,0.999941038819353,1,"Gm36298"
"ENSMUSG00000114184.2",8.61004231926748,0.761510221404557,0.252897103425399,3.01114647455498,0.827167446530189,1,"Gm7143"
"ENSMUSG00000114196.3",40.5394082173816,-0.0562876599083303,0.192590597448434,-0.292265877223842,0.99999954176694,1,"Gm47547"
"ENSMUSG00000114210.5",20.8644700325986,-0.758274669043366,0.205620198370519,-3.68774407890117,0.880120897356512,1,"A330084C13Rik"
"ENSMUSG00000114220.3",17.385565455493,-0.0724072053940733,0.124591307397848,-0.581157762177265,0.999999999999952,1,"Gm10353"
"ENSMUSG00000114251.2",36.7651702882716,0.0897223105482833,0.113357441825794,0.791499076753754,1,1,"Tmed10-ps"
"ENSMUSG00000114253.3",26.5312052150687,-0.0195477072993727,0.117657779130856,-0.166140372899885,1,1,"Gm47798"
"ENSMUSG00000114278.3",11.0429505589586,-0.812383627330165,0.367889867007297,-2.20822507001546,0.694967585115029,1,"Gm49027"
"ENSMUSG00000114309.3",14.6587788123058,-0.0753672953300561,0.158324802621911,-0.47602961811383,0.999999997397051,1,"Gm48295"
"ENSMUSG00000114369.4",13.5436377043241,-0.352319780674911,0.14903572146788,-2.36399553882016,0.999993061717285,1,"Gm41077"
"ENSMUSG00000114419.2",24.5876835113471,0.554425924919595,0.113638791793485,4.87884388921656,0.999955903026717,1,"5430414B19Rik"
"ENSMUSG00000114424.3",16.8884399471915,-0.398147195531973,0.339935115299088,-1.17124468056696,0.961697019532262,1,"Gm47414"
"ENSMUSG00000114433.2",12.1675626781194,0.724920133953891,0.239081390950979,3.03210605840305,0.87504540100918,1,"Gm48488"
"ENSMUSG00000114456.2",18.1098975415801,-0.462097593542599,0.151441554046341,-3.05132627865928,0.999808756234116,1,"H2bc9"
"ENSMUSG00000114470.2",65.2960408126421,0.442100743238234,0.290664446819783,1.52100041155823,0.97253303146271,1,"Gm49395"
"ENSMUSG00000114501.2",10.5546609695431,0.330124549660541,0.270397967057893,1.22088399277743,0.993382679108787,1,"Gm48582"
"ENSMUSG00000114515.4",108.385330824722,0.364567217733455,0.0780670962269095,4.66992158480963,1,1,"Gm57854"
"ENSMUSG00000114522.3",32.5668204273995,0.0666598891917838,0.255890108767924,0.26050201593466,0.999882894743498,1,"Gm32067"
"ENSMUSG00000114535.2",11.9624143821331,0.171740713157749,0.122198540972089,1.40542359828155,0.999999999993907,1,"Gm47246"
"ENSMUSG00000114540.2",19.459633892621,-0.268558041173661,0.144081567960866,-1.86393058442148,0.999999807857954,1,"Gm6421"
"ENSMUSG00000114547.2",29.872668041303,-0.206544790751518,0.226422320393161,-0.912210379227951,0.999771157978812,1,"Gm3226"
"ENSMUSG00000114575.3",111.023598449574,0.511912811464972,0.0803651619136627,6.36983487963263,0.999999999373725,1,"Gm47814"
"ENSMUSG00000114579.2",161.745725718658,-0.0595621697299787,0.0690862169984275,-0.862142585276227,1,1,"Gm4130"
"ENSMUSG00000114584.2",62.3995590435868,0.626142407014613,0.11010949954298,5.68654302865307,0.999657264746677,1,"Gm47694"
"ENSMUSG00000114602.2",15.1874358695217,-0.336129633761886,0.180383602579399,-1.86341568166614,0.999883531774613,1,"Gm49223"
"ENSMUSG00000114603.2",8.04536072686583,0.0753883032413652,0.172844771967451,0.436161894763943,0.999999956116926,1,"Gm17938"
"ENSMUSG00000114605.2",14.2058662787883,0.123836905804011,0.186258399098769,0.664866155852347,0.999998725355057,1,"C130051F05Rik"
"ENSMUSG00000114608.5",26.2585121133806,-0.830206184622084,0.325051041241821,-2.55407944995461,0.69929032290014,1,"Gm36161"
"ENSMUSG00000114639.3",33.6802794536242,0.0786488479748096,0.157889719663442,0.498125198666876,0.999999997321264,1,"Gm31946"
"ENSMUSG00000114664.2",8.62161422206406,0.162908169910119,0.147838520860593,1.10193316979772,0.999999992527941,1,"Gm48639"
"ENSMUSG00000114665.3",7.5004082001694,0.534367219951447,0.260923962834556,2.0479806229613,0.962833120030888,1,"Lncbate6"
"ENSMUSG00000114687.2",27.3850779875374,0.59800824958683,0.120708355767817,4.95415786076235,0.999566195273064,1,"Gm5452"
"ENSMUSG00000114707.2",9.74263921329896,0.172290714031946,0.211301448644399,0.815378764023033,0.999955222081513,1,"Gm47558"
"ENSMUSG00000114733.2",9.95689770097609,0.18362915397727,0.135954601588787,1.35066523553709,0.999999999041755,1,"Gm4815"
"ENSMUSG00000114759.2",19.528517650854,-0.87955024438672,0.490602282272984,-1.79279688694419,0.597034570298493,1,"Gm10257"
"ENSMUSG00000114771.2",33.441782611291,-0.792614789567535,0.121458994136414,-6.52578094527382,0.956130817066694,1,"Gm49064"
"ENSMUSG00000114797.2",3797.9514663189,0.654559208058335,0.0989395317733116,6.61575000736863,0.999759781942348,1,"Gm49336"
"ENSMUSG00000114807.3",51.2759594284671,0.702096807085294,0.192518837891319,3.64689925814763,0.9391163034508,1,"Gm32090"
"ENSMUSG00000114826.4",8.78194613758452,-0.473405497535524,0.2562821559451,-1.84720428853008,0.980048188484314,1,"Gscdt"
"ENSMUSG00000114835.2",13.6003213051036,0.226899476334888,0.139617213386317,1.62515402529245,0.999999984640317,1,"Gm48194"
"ENSMUSG00000114842.2",11.5890237040643,0.629737584460049,0.157618187767764,3.99533577551285,0.990590819465594,1,"Gm47797"
"ENSMUSG00000114886.2",10.9027562309294,0.819408469460532,0.284762185731525,2.87751854185118,0.737019521230802,1,"Gm48432"
"ENSMUSG00000114951.2",39.1004968395426,-0.0736024779230814,0.247592468429544,-0.297272685190851,0.999915831364597,1,"Gm20784"
"ENSMUSG00000114995.2",61.6815687161181,-0.309032242106348,0.0883978973599693,-3.49592299518079,0.999999999999997,1,"Gm49284"
"ENSMUSG00000115007.4",22.5661628655469,0.326240964366021,0.139655270291217,2.3360447742912,0.999999298028346,1,"5830448L01Rik"
"ENSMUSG00000115017.2",8.13842029860569,0.209950108629292,0.146550136577813,1.43261626042782,0.999999964964142,1,"Gm2573"
"ENSMUSG00000115018.3",30.1930904227105,-0.758996661592043,0.867016126592589,-0.875412392356452,0.630721468832251,1,"Ndor1"
"ENSMUSG00000115124.2",34.399570051692,0.319793387595606,0.0860527486308449,3.71624837885747,0.999999999999999,1,"Gm49201"
"ENSMUSG00000115138.3",25.4862321575983,0.372560156920169,0.163752140937789,2.27514678456454,0.999936354978566,1,"Gm36899"
"ENSMUSG00000115148.2",25.5192764904236,0.704722259191853,0.161607815740888,4.36069416544657,0.966159539544035,1,"Gm49125"
"ENSMUSG00000115149.4",4407.34048479088,0.885373059903984,0.152056986230584,5.822639800064,0.774527944520286,1,"9330188P03Rik"
"ENSMUSG00000115154.3",8.74159149259286,0.322341926440301,0.161984221916363,1.98995879121323,0.99998564610729,1,"Gm49067"
"ENSMUSG00000115205.2",18.7638932227024,0.33974724439103,0.151558988092304,2.24168324602506,0.999993389282159,1,"Gm16374"
"ENSMUSG00000115210.2",11.9418654146564,0.250533760220793,0.181399919014421,1.3811128559593,0.999981985209271,1,"Gm49308"
"ENSMUSG00000115219.3",158.377349506897,0.296007946274481,0.0849818755648672,3.48318914247234,1,1,"Eef1akmt4"
"ENSMUSG00000115220.2",58.771274983852,0.551822878127113,0.09355349228296,5.89847438787299,0.999999168572823,1,"Gm49768"
"ENSMUSG00000115222.3",74.1415507997502,0.325769884948256,0.0967787764413986,3.36612940281918,0.999999999998378,1,"Gm49747"
"ENSMUSG00000115232.2",158.362144519135,0.784167283814084,0.34614881936271,2.26540505109278,0.733530597398649,1,"Gm49378"
"ENSMUSG00000115275.2",14.4531100454849,0.899358230746486,0.213206806428704,4.21824352520016,0.681550259027361,1,"9630050E16Rik"
"ENSMUSG00000115276.2",47.9321675160333,0.304333989820462,0.149453269467346,2.03631537071831,0.999998378045732,1,"9930017N22Rik"
"ENSMUSG00000115289.2",32.0931062061151,0.0343964424798744,0.121539103994034,0.283007207964632,0.999999999999999,1,"Gm49164"
"ENSMUSG00000115317.4",64.2597011032986,-0.122101576278601,0.129746631596227,-0.941077042050561,0.999999999993392,1,"Gm32618"
"ENSMUSG00000115324.3",66.4654461045689,1.30294018312106,0.240171405720914,5.42504291553805,0.103591401713659,1,"4930527F14Rik"
"ENSMUSG00000115333.3",11.1969337971452,-0.204687885933215,0.181466848388425,-1.12796297368369,0.99999413875026,1,"Gm34590"
"ENSMUSG00000115338.4",899.492190023287,0.83109071730792,0.0696508486336284,11.9322410797829,0.99234761503358,1,"Pnp"
"ENSMUSG00000115420.2",13.1162868961914,0.406542592158425,0.499455539184554,0.813971535528816,0.885054533109227,1,"Rmrp"
"ENSMUSG00000115423.3",128.560599808212,-0.254805339998798,0.149430771695763,-1.70517315213747,0.999999693203407,1,"Gm56450"
"ENSMUSG00000115424.4",37.5130702022036,-0.541865761506745,0.35279469722265,-1.53592377031895,0.902963169582786,1,"D130079A08Rik"
"ENSMUSG00000115431.2",56.5808019011559,0.32563237816111,0.136167978616498,2.3914020129374,0.999999633610353,1,"Gm3219"
"ENSMUSG00000115463.2",17.3014080523247,-0.61003912518717,0.520749545457207,-1.1714635768939,0.774019614637447,1,"Gm49356"
"ENSMUSG00000115497.2",12.5569517921413,0.0506369127740932,0.310496600988284,0.163083629942873,0.999241818756072,1,"Gm49207"
"ENSMUSG00000115503.2",24.2674621342225,0.592475700544314,0.115420564884653,5.13319009603195,0.999792829703146,1,"Gm6392"
"ENSMUSG00000115505.2",16.7972322264303,0.600735739609947,0.149143996470497,4.0278908559942,0.996286197984955,1,"Gm9247"
"ENSMUSG00000115518.3",23.0820886290133,-1.1228420365105,0.240470481658009,-4.6693549610275,0.304731409484358,1,"Gm10791"
"ENSMUSG00000115548.3",13.9327332567708,0.961704954177413,0.252435998076158,3.80969814727959,0.560289010236255,1,"5430440P10Rik"
"ENSMUSG00000115602.2",69.1969688712423,1.02034232043322,0.185543617511039,5.49920462972816,0.45634890038103,1,"Gm7908"
"ENSMUSG00000115624.2",119.445444742498,0.669256078735962,0.0827581659274346,8.0868887225315,0.999967858553297,1,"Gm49204"
"ENSMUSG00000115643.2",15.9439046382699,0.422947443797786,0.479047297055186,0.882892871743023,0.88730517917567,1,"Gm49011"
"ENSMUSG00000115725.3",11.4546996688237,-0.000114326062077857,0.15481149704082,-0.000738485605159622,0.999999999999487,1,"4930572G02Rik"
"ENSMUSG00000115730.2",29.8685529335778,0.336223384219964,0.315961109962031,1.06412901341044,0.982183236001952,1,"Gm7459"
"ENSMUSG00000115756.2",29.0950739084108,0.555770882596875,0.244272921410099,2.27520463336096,0.965512005629357,1,"Gm49519"
"ENSMUSG00000115771.4",11.1625270172452,-0.141380467742919,0.199552277277019,-0.708488370426633,0.999991570008622,1,"Gm49312"
"ENSMUSG00000115773.3",13.3994430900759,-0.0653625226143694,0.193209993618893,-0.338297835376451,0.99999935985357,1,"Gm31458"
"ENSMUSG00000115783.4",10346.9139163252,0.508248928610688,0.196289246241355,2.58928565034965,0.9938815306955,1,"Bc1"
"ENSMUSG00000115793.2",12.9746147515218,-0.92353487616172,0.133763804247504,-6.90422107353422,0.716218024236806,1,"Gm48961"
"ENSMUSG00000115801.3",25.7081016091322,0.0943278603957055,0.14932042004946,0.631714405601463,0.999999999341551,1,"Gm55330"
"ENSMUSG00000115810.4",16.6638668715024,0.0518285976716254,0.164030290270156,0.315969676004745,0.999999996346906,1,"Gm49066"
"ENSMUSG00000115821.3",9.03189340126661,-0.443970071898022,0.159826256070369,-2.77782939307888,0.999748322704144,1,"6330576A10Rik"
"ENSMUSG00000115837.2",10.3838487150199,0.229672507900045,0.189762892180665,1.21031306627317,0.999975402784471,1,"9130002K18Rik"
"ENSMUSG00000115842.2",8.77503314224961,-0.975154392609786,0.186993257505323,-5.2149174019391,0.552851508595605,1,"Gm49092"
"ENSMUSG00000115987.2",1560.49309453374,-0.118298605634656,0.0681519928992494,-1.73580552236439,1,1,"Vps28"
"ENSMUSG00000116009.2",12.3420499706136,-1.03777896691389,0.17231668440296,-6.02251006923427,0.413230967995961,1,"Gm49503"
"ENSMUSG00000116056.4",80.6914097403911,-0.306117027626798,0.185433856786785,-1.65081519055485,0.999908698629687,1,"Gm4544"
"ENSMUSG00000116069.2",31.8464406562165,1.06908443109193,0.367069293338274,2.91248668982701,0.425357819988641,1,"Gm49510"
"ENSMUSG00000116075.3",11.2991728184006,-0.816803479845415,0.240985168442454,-3.38943464913055,0.776431975420958,1,"Gm49476"
"ENSMUSG00000116097.4",19.2029012689549,0.989156225641075,0.197820069538186,5.00028246855981,0.521857613097451,1,"Gm36738"
"ENSMUSG00000116121.2",46.7700273931296,-1.16643142432989,0.182096520631736,-6.40556678558856,0.180365341894281,1,"Gm49486"
"ENSMUSG00000116138.2",238.924506256249,-0.0535802472283889,0.0679673767497362,-0.788323013049004,1,1,"C030006K11Rik"
"ENSMUSG00000116165.2",1547.65488324574,0.179586070315527,0.104964128091094,1.71092804352809,0.999999999999997,1,"Pdxp"
"ENSMUSG00000116180.2",43.0054670130794,-0.215101461030315,0.102731536637082,-2.09382111931414,0.999999999999989,1,"Gm49492"
"ENSMUSG00000116207.2",2610.09721725496,0.168305456628006,0.186459565372362,0.902637825481881,0.999995910898366,1,"Nnt"
"ENSMUSG00000116223.3",37.1779948369616,-0.161305024832047,0.112403033864854,-1.43505935103131,0.999999999999957,1,"Gm41396"
"ENSMUSG00000116226.2",14.4660142488537,-0.214449016616658,0.142808419253829,-1.50165527870941,0.99999998108922,1,"Gm49502"
"ENSMUSG00000116227.2",55.2871234541548,0.0857448484077351,0.113243706159464,0.757170983851356,1,1,"Gm49513"
"ENSMUSG00000116305.4",172.478942735185,0.772070385375588,0.134895940671297,5.72345158448396,0.95445444042763,1,"Lncppara"
"ENSMUSG00000116307.4",12.0555332977012,-0.0769182323349441,0.372120309172675,-0.206702591712756,0.995343740313448,1,"Gm49490"
"ENSMUSG00000116378.2",9.47987657320611,0.122255931652535,0.600782888230657,0.203494363850119,0.958874130554417,1,"Gcat"
"ENSMUSG00000116398.2",14.3945973725587,0.616729480061191,0.168078991766011,3.66928355281761,0.988705048215947,1,"Gm5216"
"ENSMUSG00000116429.2",12.7194963535663,1.04555624066655,0.251046850038666,4.16478533988979,0.428001263942898,1,"Ddit3"
"ENSMUSG00000116438.2",12.5994549716808,-0.172593563477212,0.21546727930819,-0.801019830163382,0.99993852322509,1,"Gm18911"
"ENSMUSG00000116504.4",21.14371025083,-0.575261757148383,0.254499848935933,-2.26036188058091,0.952432742013902,1,"I730030J21Rik"
"ENSMUSG00000116506.2",31.119594994738,-0.785353779773725,0.123416418207168,-6.36344654286939,0.95900048001162,1,"5730414N17Rik"
"ENSMUSG00000116508.4",140.783543369005,-0.104201383926523,0.0668676785076623,-1.55832214086186,1,1,"Gm49463"
"ENSMUSG00000116518.4",26.5875470743091,0.343132548261512,0.155446360258683,2.20740162516829,0.999988089282358,1,"Gm49494"
"ENSMUSG00000116563.2",19.3616708789368,-0.414028992617946,0.160280965337336,-2.58314511487099,0.999871858832623,1,"Gm56451"
"ENSMUSG00000116564.2",1455.84322696375,0.0622844273470602,0.0575168921463149,1.08288930473881,1,1,"Riok2"
"ENSMUSG00000116581.4",9.01286016550297,0.424110856543732,0.207255513532341,2.04631881350434,0.997270678461384,1,"Gm46565"
"ENSMUSG00000116590.3",9.60761636908416,-0.0751152968254398,0.208197278741403,-0.360789042390601,0.999995671781149,1,"Gm53028"
"ENSMUSG00000116597.3",10.4588921891156,0.170654242466877,0.266797207351909,0.639640287695297,0.99906560594192,1,"Gm536"
"ENSMUSG00000116604.2",14.3795224124982,-0.204262131146917,0.239769892439093,-0.851909007711649,0.999548158591895,1,"Gm49745"
"ENSMUSG00000116617.3",17.0308508579444,0.839324981334359,0.182754351955635,4.59264018806025,0.810349710292504,1,"Gm49767"
"ENSMUSG00000116627.3",33.097383386315,0.294322204058229,0.118890124205998,2.47558160127971,0.999999998535654,1,"Gm30124"
"ENSMUSG00000116632.4",21.6239827772093,-0.621478979031545,0.293517158159893,-2.11735144523645,0.901405994294545,1,"Magef1"
"ENSMUSG00000116655.2",9.15410778632958,-1.10868762633681,0.239615550999866,-4.62694354231388,0.325061362447446,1,"Gm35455"
"ENSMUSG00000116656.3",181.559920948694,-0.0939173861783995,0.150074951912886,-0.625803206873028,0.99999999921772,1,"Gm49708"
"ENSMUSG00000116673.2",353.984577919192,-0.152776291670725,0.0645340407835715,-2.36737526142354,1,1,"A630089N07Rik"
"ENSMUSG00000116679.2",43.149851196594,-0.313060331108662,0.197023703390356,-1.58894755159691,0.999755384048679,1,"Gm49739"
"ENSMUSG00000116704.2",16.5690309813543,0.821295105385891,0.231229412517424,3.55186261316995,0.780193452074587,1,"Gm5491"
"ENSMUSG00000116733.4",21.4703998289986,-0.348681948361395,0.115647074313292,-3.01505204893298,0.999999991090614,1,"6330408M09Rik"
"ENSMUSG00000116743.2",13.6963456807487,0.429022693891006,0.174545576898618,2.45794079411246,0.999464580661895,1,"Gm49573"
"ENSMUSG00000116763.3",20.527577041809,0.337082972557125,0.205654715349476,1.63907242284383,0.999366710852544,1,"Gm41492"
"ENSMUSG00000116793.3",12.3414552372629,0.037060506821865,0.225369832144585,0.164443068840238,0.999992440685515,1,"Gm34256"
"ENSMUSG00000116802.3",229.006371026209,-0.129518382046309,0.0593837493697381,-2.181040830546,1,1,"Gm5165"
"ENSMUSG00000116811.2",12.3772142908561,-0.17397069973515,0.145231814433791,-1.19788284965937,0.999999993560435,1,"Gm16385"
"ENSMUSG00000116838.2",42.5435547262619,-0.752826334264634,0.110842852196349,-6.79183474033188,0.987124513192159,1,"Gm6475"
"ENSMUSG00000116852.4",28.8017783014747,-0.688591212771698,0.132201640975697,-5.20864346077433,0.990752574269638,1,"1700102H20Rik"
"ENSMUSG00000116858.3",442.756967682465,0.0688545418111491,0.0887686775929739,0.77566258367466,1,1,"Gm49797"
"ENSMUSG00000116864.2",15.2481656330146,-1.03516832403011,0.37426246932478,-2.76588867138533,0.462567709686072,1,"Gm3320"
"ENSMUSG00000116875.2",371.430931503138,0.127796992852314,0.154874085281859,0.825167055028822,0.99999999107761,1,"Morf4l1-ps1"
"ENSMUSG00000116882.2",44.612162720713,-0.758587904598525,0.115578289385438,-6.56341176731503,0.981634081996465,1,"Gm49614"
"ENSMUSG00000116883.4",11.8930792267517,-0.0391574284527595,0.154059958638128,-0.25417005689802,0.99999999978435,1,"Gm49700"
"ENSMUSG00000116895.2",110.005209337475,-0.232299061441971,0.0896846886160183,-2.59017525763568,1,1,"Ermardl1"
"ENSMUSG00000116898.4",13.8349360644327,0.0139518746143069,0.162925567250811,0.0856334266605872,0.999999999528562,1,"Gm49785"
"ENSMUSG00000116903.3",18.1554022950359,-0.0606883442646218,0.164565504624997,-0.368779255427285,0.999999994336317,1,"Gm19522"
"ENSMUSG00000116908.2",100.359844473946,0.844231193416153,0.0983880831562327,8.58062446521677,0.94331297537884,1,"Gm49599"
"ENSMUSG00000116912.2",13.0576361063147,-0.0988967014560807,0.160019394156383,-0.618029470599242,0.999999991055946,1,"Gm5487"
"ENSMUSG00000116953.2",333.976552426834,-0.133768286385652,0.0636598010959239,-2.10129915712566,1,1,"Ermardl2"
"ENSMUSG00000117003.2",18.7255001996848,-0.91704164683047,0.183704282859503,-4.9919448395867,0.674216510263445,1,"Gm49937"
"ENSMUSG00000117013.3",33.0341585289241,-0.673318401089815,0.180022725813238,-3.74018556850617,0.965212578095168,1,"Gm30531"
"ENSMUSG00000117042.3",78.4145392716482,-0.849055387297423,0.123465924811453,-6.87683981304179,0.889252206451891,1,"2700054A10Rik"
"ENSMUSG00000117079.3",12.2550061112498,0.670356142275173,0.336631429296013,1.99136528540151,0.836270302583861,1,"Gm41611"
"ENSMUSG00000117098.2",145.032381501475,-0.115494648527771,0.910225362961365,-0.126885772718985,0.944601512124838,1,"Gm49909"
"ENSMUSG00000117113.2",113.406088071011,-0.46282650222808,0.0850156394226619,-5.44401601130236,0.999999999867965,1,"Gm49883"
"ENSMUSG00000117114.2",9.7561914377119,0.166449766336509,0.463584932248269,0.359049129421162,0.969847901963124,1,"Gm49867"
"ENSMUSG00000117171.2",27.5524159436219,-0.361038962880604,0.156456661164721,-2.30759726171387,0.999977861631276,1,"C230013L11Rik"
"ENSMUSG00000117183.2",348.890348338347,-0.75659624305602,0.0962470470725581,-7.86098136066078,0.994279747782194,1,"Gm20008"
"ENSMUSG00000117231.3",12.3383644914683,0.887943931897426,0.305097061424167,2.91036540225127,0.643294938539136,1,"Gm41609"
"ENSMUSG00000117250.3",13.8305630253406,-0.141815701087835,0.141624049871655,-1.00135323920164,0.999999999317674,1,"Gm49871"
"ENSMUSG00000117252.2",10.2922428876029,0.105791557492843,0.140093533692473,0.755149468390678,0.999999999913141,1,"Gm9514"
"ENSMUSG00000117284.2",1043.76840114307,-0.143730696060334,0.0595850629297626,-2.41219340877025,1,1,"Gm7072"
"ENSMUSG00000117310.3",14984.0211358927,-0.165575927176513,0.0629327964525126,-2.63099586399997,1,1,"Ptp4a1"
"ENSMUSG00000117322.3",17.4433846730659,-0.494779209535145,0.146557009781922,-3.3760187265787,0.999716853159718,1,"6330415G19Rik"
"ENSMUSG00000117333.2",73.891883448771,-0.484414873517547,0.112571997566728,-4.30315606001756,0.999997675651302,1,"Gm16386"
"ENSMUSG00000117335.3",25.1769594982146,0.315842511534015,0.12948540455051,2.43921322739359,0.999999936687614,1,"Gm49870"
"ENSMUSG00000117341.3",15.3079605303452,0.967518552844238,0.171302951549885,5.64799697898077,0.575194213361626,1,"Gm34684"
"ENSMUSG00000117345.2",7.98855994754124,1.22999904693991,0.663140266489592,1.85480977267608,0.364744124796478,1,"Gm7926"
"ENSMUSG00000117358.4",22.1068781667201,0.608759495989206,0.182203359264209,3.34109918965027,0.984114255771903,1,"Gm31645"
"ENSMUSG00000117393.4",11.4474937539081,-0.0788139331280509,0.170981686231603,-0.460949560535352,0.999999964443531,1,"Gm36279"
"ENSMUSG00000117399.3",10.2149689877089,0.176920098379029,0.251114651976444,0.704539129782142,0.999478115243104,1,"Gm19689"
"ENSMUSG00000117401.3",10.2067836696818,0.251751599164005,0.210888731151322,1.19376506174416,0.999805970396985,1,"4833419F23Rik"
"ENSMUSG00000117405.2",8.37231220992873,0.335029369931252,0.173920832003847,1.92633260818256,0.999934190648095,1,"Rpl19-ps7"
"ENSMUSG00000117406.2",613.883470352848,-0.0313968308902127,0.0763016676267193,-0.411482892402972,1,1,"Ntn3"
"ENSMUSG00000117416.2",22.9233350467049,-0.0109377999786774,0.11092438530447,-0.098605910221228,1,1,"Gm5064"
"ENSMUSG00000117417.2",11.6359218108135,-0.55264777142547,0.187501077825688,-2.94743783787335,0.991480493938471,1,"Gm49991"
"ENSMUSG00000117422.2",16.2001044941553,-0.092360889094983,0.158381743392764,-0.583153633218577,0.999999995001963,1,"CJ186046Rik"
"ENSMUSG00000117438.2",9.0274068290334,0.650758242001827,0.189044017422522,3.44236358745675,0.967656110272926,1,"Rpsa-ps7"
"ENSMUSG00000117439.2",34.3008527364673,0.187530654176886,0.294282002283206,0.637248125002266,0.997144729551416,1,"Gm50083"
"ENSMUSG00000117458.2",18.0347289445777,0.311561794209473,0.1447781203461,2.15199502151753,0.999999008386616,1,"Gm6552"
"ENSMUSG00000117465.3",363.472307116098,-0.153239589501336,0.139822904863315,-1.09595484124105,0.99999999930204,1,"Gm49980"
"ENSMUSG00000117468.2",19.9051479334558,0.632496742740864,0.124259652397009,5.09012161662934,0.998449492211188,1,"Gm7059"
"ENSMUSG00000117499.2",163.756162235362,-0.0513906958031514,0.0879828514503099,-0.584099002885527,1,1,"Gm50010"
"ENSMUSG00000117505.2",9.21115006965719,-0.421603245021318,0.148466303312528,-2.83972346326846,0.999951064788381,1,"Gm9993"
"ENSMUSG00000117508.3",7.67875893147147,0.717684160070868,0.255882272419266,2.80474357713587,0.865052334559014,1,"Gm34804"
"ENSMUSG00000117526.2",10.1179990390919,0.368584054228009,0.15815490001643,2.33052566938943,0.99996729457763,1,"Gm41780"
"ENSMUSG00000117548.2",10.5417157000275,-0.539396629750159,0.147469412522665,-3.65768480746649,0.999106073575475,1,"Gm41662"
"ENSMUSG00000117585.2",19.7210895196741,0.547281188352174,0.166777725227587,3.28150049777539,0.996681245627154,1,"Gm5047"
"ENSMUSG00000117621.2",45.6302542383511,0.454678472159491,0.0986057285925416,4.6110756306899,0.999999984017915,1,"Hspe1-rs1"
"ENSMUSG00000117627.2",17.0954617774633,0.535513734719711,0.150496868182054,3.55830484174532,0.998986855030074,1,"Tpi-rs10"
"ENSMUSG00000117628.2",126.306373708261,0.724362222106368,0.169922125714999,4.26290701730805,0.947613501939584,1,"Gm50012"
"ENSMUSG00000117637.3",14.8229367019105,0.511484158872878,0.150876175978568,3.39009227636798,0.999397849227182,1,"Gm30091"
"ENSMUSG00000117648.3",14.0121932891826,0.809737841048089,0.223432177928761,3.62408784873532,0.802766170667246,1,"Gm32282"
"ENSMUSG00000117653.2",8.31386013992217,-0.14329706539957,0.163323701045241,-0.877380713775744,0.999999922041877,1,"Gm50009"
"ENSMUSG00000117654.4",9.97013246817412,0.663845945646707,0.156562604470118,4.24013095523976,0.984106954565236,1,"Gm50050"
"ENSMUSG00000117662.4",12.998138872439,0.463297900807089,0.191118627161119,2.42413786499479,0.997509148328352,1,"Gm4013"
"ENSMUSG00000117673.2",10.7786860247021,0.514592828288236,0.214638009221328,2.3974916192854,0.988136321134195,1,"Gm6974"
"ENSMUSG00000117679.2",355.893450644502,-0.0704821477145359,0.117910989479852,-0.597757240656347,0.999999999999998,1,"Apbb3"
"ENSMUSG00000117694.2",71.3224341017849,-0.0382048702796704,0.202737349207264,-0.18844515048193,0.99999910455105,1,"Snhg4"
"ENSMUSG00000117698.4",19.6553929024675,0.327890193342271,0.138565777802835,2.36631438542368,0.999999384168438,1,"BC037704"
"ENSMUSG00000117710.3",11.3866295550414,-0.701640069137682,0.14558312453786,-4.81951511457783,0.979789120688154,1,"Gm10817"
"ENSMUSG00000117725.3",233.58328537635,-0.718611424670922,0.087246559697893,-8.23655886443253,0.99937060100409,1,"Gm50240"
"ENSMUSG00000117748.2",1295.19859131663,-0.193342819630169,0.104147585908466,-1.85643112073759,0.999999999999995,1,"Derpc"
"ENSMUSG00000117770.3",12.4954520332237,-0.0339233397158865,0.247299119966908,-0.13717533536078,0.999967701095912,1,"Gm50285"
"ENSMUSG00000117771.2",12.1790593308194,-0.106554103487716,0.169014976827033,-0.630441783847133,0.999999937585492,1,"Gm25432"
"ENSMUSG00000117775.2",166.848822920492,0.17259845499144,0.09831460096738,1.75557295959231,1,1,"Gm50462"
"ENSMUSG00000117789.2",147.904838806957,0.227067853208225,0.115053859686377,1.9735787554384,0.999999999990788,1,"Gm50388"
"ENSMUSG00000117804.2",10.4109660287786,0.601983909276994,0.218970300696371,2.74915779611464,0.96544282740232,1,"Gm6252"
"ENSMUSG00000117809.2",33.2385335217196,0.235264571835005,0.739161854264789,0.318285596689797,0.896915796961869,1,"Asdurf"
"ENSMUSG00000117814.2",172.447593743478,0.411368221320704,0.060972009999119,6.74683713603419,1,1,"Gm50431"
"ENSMUSG00000117819.2",35.4751947552907,0.150980812899542,0.200738038823824,0.752128564093668,0.999988293739026,1,"Gm50253"
"ENSMUSG00000117822.2",143.060411890574,0.525107891223705,0.0867153289241552,6.05553709751809,0.999999978302758,1,"Eef1a1-ps1"
"ENSMUSG00000117829.3",16.2940186442379,0.125415920982097,0.173521225093259,0.722769914255114,0.999999767538156,1,"Gm50336"
"ENSMUSG00000117864.4",15.9774729898875,-0.0938963565245715,0.253547430693051,-0.370330538423968,0.999832020158024,1,"Gm19500"
"ENSMUSG00000117869.2",254.197448646232,-0.142182416430027,0.0957072447700372,-1.48559721650811,1,1,"Snhg4"
"ENSMUSG00000117875.2",31.98824021235,0.562431030279566,0.111295685097691,5.05348459633349,0.999957807001517,1,"Gm6789"
"ENSMUSG00000117900.3",18.5534088594999,1.12447192590803,0.186783665548339,6.02018341703988,0.252578943723082,1,"Gm50323"
"ENSMUSG00000117916.4",147.013895812082,-0.360013079438628,0.196542956054275,-1.83172720440416,0.999435466990856,1,"9630028I04Rik"
"ENSMUSG00000117924.2",73.0518395903471,-0.338753863390935,0.115586737528288,-2.93073297711194,0.999999994698151,1,"Tmem223"
"ENSMUSG00000117942.2",454.685519322874,0.0330088275006653,0.0441511767577499,0.74763188491621,1,1,"Maskbp3"
"ENSMUSG00000117959.3",45.1703103948346,-0.0470722636929486,0.0834607589164601,-0.564004740719713,1,1,"D330050I16Rik"
"ENSMUSG00000117975.2",623.252576335067,0.582372821413417,0.10484542857413,5.55458477621325,0.999966012628911,1,"Itprip"
"ENSMUSG00000117992.2",54.9712724122144,-0.277337177762967,0.0888246069962645,-3.12230120843237,1,1,"Gm41760"
"ENSMUSG00000117994.2",21.1427842337795,0.132151778545281,0.325171678277971,0.406406176716016,0.996444025086805,1,"Gm5820"
"ENSMUSG00000118012.2",14139.0575486068,-0.161353286161104,0.165670734031384,-0.973939586279239,0.999999792701597,1,"Gm46620"
"ENSMUSG00000118030.3",19.992833602072,-0.351105533083096,0.135160191100879,-2.59769929461733,0.999999210343288,1,"Gm50163"
"ENSMUSG00000118057.2",132.700668897414,-0.361301220027696,0.112050039505556,-3.22446312042382,0.999999994013878,1,"B020010K11Rik"
"ENSMUSG00000118071.2",34.8021244248342,-0.226488949134245,0.10739560614774,-2.10892193133743,0.999999999999704,1,"Gm50455"
"ENSMUSG00000118084.3",88.4559179209789,-0.556476310245251,0.115365402069867,-4.82359789209801,0.999939603749307,1,"AA388235"
"ENSMUSG00000118087.4",89.3732489914973,-0.039208556585969,0.106801790554597,-0.367115161481546,1,1,"4833438C02Rik"
"ENSMUSG00000118099.3",8.94331116396964,0.739584374582204,0.270548356061696,2.73364948635485,0.832112655594071,1,"Gm31356"
"ENSMUSG00000118100.4",49.0317101619574,0.184110154896269,0.153944942784859,1.19594805497162,0.999999942060849,1,"Gm50340"
"ENSMUSG00000118106.2",46.4176348142099,-0.31167657089426,0.100129121075431,-3.11274649718997,0.999999999996886,1,"Gm54639"
"ENSMUSG00000118124.2",26.9385912995501,-0.434510319491385,0.296155918391822,-1.46716743616286,0.971897464212964,1,"Gm50139"
"ENSMUSG00000118125.2",248.071820601896,-0.203526947193643,0.0754491231596864,-2.69753893312825,1,1,"Gm50387"
"ENSMUSG00000118134.4",54.6838556436927,-0.411341996292632,0.0918279085903313,-4.4794878006831,0.999999999927453,1,"4930549G23Rik"
"ENSMUSG00000118138.2",290.463629758115,-0.3479268214491,0.143874218437412,-2.41827080089721,0.999997081991972,1,"Gm50322"
"ENSMUSG00000118161.2",20.8931493887387,0.680050742000523,0.143580266326912,4.73638027980909,0.987071911601896,1,"Rps2-ps8"
"ENSMUSG00000118171.2",109.911656464478,-0.0319939092111597,0.112681643224177,-0.28393186588084,1,1,"Gm50390"
"ENSMUSG00000118181.2",217.413631061467,0.325939037390178,0.129642875139827,2.51412996694678,0.999999900016139,1,"Gm53015"
"ENSMUSG00000118220.2",230.176076701088,0.477544038236622,0.0966019520221115,4.9434201715439,0.99999996819377,1,"Gm6192"
"ENSMUSG00000118239.2",122.464757248527,-0.258004186814111,0.097800066077534,-2.63807783738684,0.999999999999984,1,"Gm50107"
"ENSMUSG00000118240.2",8.38670698562201,-0.036618580398844,0.239955591992267,-0.15260565546655,0.999978055864185,1,"Gm1859"
"ENSMUSG00000118243.3",15.0261948090699,0.175257883205561,0.258910490760516,0.676905299166378,0.999280135895395,1,"Gm50203"
"ENSMUSG00000118245.4",8.55349361706205,0.314370682070389,0.213681150001099,1.47121391881676,0.999333215823814,1,"Gm30082"
"ENSMUSG00000118249.3",16.9994080761596,0.594144759692479,0.174948412239135,3.396114043495,0.989825683769438,1,"Gm36608"
"ENSMUSG00000118254.3",28.3915725356307,-0.0414058916813126,0.273070385750548,-0.151630838941053,0.999844761077977,1,"Gm46614"
"ENSMUSG00000118257.3",64.4865300569666,0.148923947498049,0.127372130450581,1.16920355317312,0.999999999988199,1,"9630014M24Rik"
"ENSMUSG00000118332.3",514.157409058226,-0.364617964789803,0.0530735045086439,-6.87005631464226,1,1,"Smim10l3"
"ENSMUSG00000118345.2",10.3648157883335,0.540892271846332,0.159761686187769,3.38561944827384,0.997971552328172,1,"Gm7105"
"ENSMUSG00000118346.2",389.986253777685,0.533403323318797,0.0935912374906911,5.69928700186117,0.999999690949468,1,"Tmem179b"
"ENSMUSG00000118353.2",199.440850207743,0.916786384421025,0.160071169380038,5.72736732024747,0.698417282479887,1,"Nsa2-ps1"
"ENSMUSG00000118423.3",14.1604574121027,1.01371213775744,0.26352244513314,3.8467772156762,0.4792507846089,1,"Lrrc70"
"ENSMUSG00000118449.3",26.814513475671,0.471627979539943,0.183109840658872,2.5756561080656,0.998046328376788,1,"Gm3625"
"ENSMUSG00000118504.2",242.059234842325,-0.393566434487337,0.110737517535772,-3.55404783532555,0.999999978286324,1,"Gm53012"
"ENSMUSG00000118506.3",29.2532903487484,-0.242949687391925,0.536546252704586,-0.452802877976094,0.931136617444934,1,"Cfap141"
"ENSMUSG00000118537.2",143.501505026432,-0.0977452823214326,0.0773956244224249,-1.26293034071202,1,1,"Shld3"
"ENSMUSG00000118552.2",51.0922256395302,0.634519263616398,0.125551287565479,5.05386504527463,0.998198672997536,1,"Rplp2-ps1"
"ENSMUSG00000118651.3",11.8760234784319,-0.102041837674515,0.248596798538506,-0.41047124610782,0.999852785714281,1,"Gm17315"
"ENSMUSG00000118653.2",99.0856509581758,0.361343957645608,0.165505332636627,2.18327682793733,0.99994303315634,1,"Ube2srt"
"ENSMUSG00000118660.1",12.8581887584112,-1.33581040928467,0.695075259319917,-1.92182125801984,0.314891368774693,1,"Gm56127"
"ENSMUSG00000118662.2",243.180007771855,0.423170609691896,0.0936469003871639,4.518789281251,0.999999999635403,1,"Tctn2"
"ENSMUSG00000118663.1",735.502708212874,-0.140699406394346,0.058524104493224,-2.40412745504951,1,1,"Afg2b"
"ENSMUSG00000118664.1",2641.01381315607,0.261872853857424,0.055283659567591,4.73689433560837,1,1,"Tusc3"
"ENSMUSG00000118665.1",1118.33937936943,-0.109180771411256,0.0802752733774601,-1.36007972091083,1,1,"Lin54"
"ENSMUSG00000118668.1",1131.06509305112,0.391425325754248,0.0854494520101046,4.58078216473479,0.999999999999468,1,"Rps6ka4"
"ENSMUSG00000118669.2",116.773004557132,1.10550989276921,0.242986036208055,4.54968487087308,0.3320636042239,1,"Arvcf"
"ENSMUSG00000119584.1",708626.928355613,-0.0253716607141743,0.118022225645642,-0.214973582944893,1,1,"Rn18s-rs5"
"ENSMUSG00000119945.2",9.04776701601929,0.163291963285486,0.193092683065357,0.845666240135136,0.99999265276983,1,"Gm57301"
"ENSMUSG00000119947.2",46.5204759837605,-0.820465796588499,0.129369786972714,-6.34202015623281,0.917394916282244,1,"Gm56494"
"ENSMUSG00000119948.2",47.1917193049852,0.456465757916202,0.210706127168646,2.16636205149769,0.995054036087807,1,"1700087I21Rik"
"ENSMUSG00000119952.2",14.0203557650657,-0.752873226384288,0.206665908379958,-3.64294833282381,0.884108612731432,1,"Gm31005"
"ENSMUSG00000119955.2",16.5465352829223,-0.168147221488733,0.151006328776285,-1.11351108825274,0.999999981928202,1,"Gm9054"
"ENSMUSG00000119956.2",35.6477497069076,0.652783611040706,0.138473372866457,4.71414538064476,0.993919876017924,1,"Gm57370"
"ENSMUSG00000119959.2",131.165132282583,0.233961276551386,0.124596475870652,1.87775195820361,0.999999999608058,1,"Lppos"
"ENSMUSG00000119961.2",21.244165132495,-0.31739410181721,0.126740859979701,-2.50427606273183,0.999999963946306,1,"B430105G09Rik"
"ENSMUSG00000119963.2",7.53725658695857,0.505716522652759,0.191604597904784,2.63937571531592,0.995055772947823,1,"Gm57068"
"ENSMUSG00000119968.2",61.5370031299027,-0.0540874680019775,0.0845664807805113,-0.639585182010342,1,1,"D530017H19Rik"
"ENSMUSG00000119977.2",109.955624347549,-0.403658816068311,0.0781766477857013,-5.16341935221916,0.999999999999988,1,"Gm56496"
"ENSMUSG00000119979.2",19.725862171678,0.315541257731542,0.228198203564723,1.38275084028892,0.998647464988363,1,"Gm57253"
"ENSMUSG00000119984.2",72.1684822136901,0.307802125824868,0.105285534500473,2.92349872454213,0.999999999975589,1,"Gm35612"
"ENSMUSG00000119990.2",41.8948281091062,0.454989404740306,0.195649888599627,2.32552856532101,0.997328910246631,1,"Gm53610"
"ENSMUSG00000119991.2",28.4942920038003,-0.134061380999214,0.119911595750792,-1.11800180924811,0.999999999999743,1,"Gm56635"
"ENSMUSG00000119992.2",29.7239532439493,-0.652977343145623,0.186470549192507,-3.50177197403707,0.96862827698506,1,"Gm34632"
"ENSMUSG00000119993.2",68.2848159859429,-0.407999950855503,0.139101744779466,-2.9331044804819,0.999989588486164,1,"Gm32085"
"ENSMUSG00000119994.2",215.247377771239,-0.121379629842916,0.119218003965678,-1.01813170666622,0.999999999999915,1,"A430046D13Rik"
"ENSMUSG00000119995.2",47.5576757648801,1.18364934766826,0.267035768461254,4.43254982090537,0.24581042317984,1,"Gm53435"
"ENSMUSG00000119996.2",27.3703410511537,0.159779469815229,0.13735913975498,1.16322415894743,0.999999999523117,1,"Gm57286"
"ENSMUSG00000119997.2",74.9689218528302,0.188256505437921,0.186154063109199,1.01129409852037,0.999993514786202,1,"Gm31616"
"ENSMUSG00000120002.2",21.0623352081153,-0.156945446105982,0.137307967030548,-1.14301776874364,0.999999999587083,1,"Gm57146"
"ENSMUSG00000120003.2",11.8572810646832,-0.786958012644835,0.141457599767173,-5.56320773108055,0.93397262128454,1,"Gm57201"
"ENSMUSG00000120006.2",83.1120122273436,-0.123361400512711,0.123527696012316,-0.998653779638305,0.999999999999361,1,"Gm57352"
"ENSMUSG00000120008.2",129.283667166188,0.0686349774764181,0.340365826064805,0.201650613018212,0.997739596056355,1,"Gm56822"
"ENSMUSG00000120010.2",38.2740585757293,-0.49793500804702,0.36293941300324,-1.37195077251799,0.916736511968297,1,"Gm57327"
"ENSMUSG00000120012.2",130.976205278183,-0.402993786927903,0.241018891580599,-1.67204232118518,0.993375594079632,1,"Gm36220"
"ENSMUSG00000120013.2",66.1164148997322,0.232665722959723,0.182785627218817,1.27288850058869,0.999986535945715,1,"Gm57273"
"ENSMUSG00000120022.2",13.2955475363705,-0.552902025286207,0.151380038144811,-3.65241039744816,0.998428937164411,1,"Gm56489"
"ENSMUSG00000120025.1",7.9686786986276,0.301431327130673,0.171185365608139,1.76084752373448,0.999977556943302,1,"Gm56824"
"ENSMUSG00000120026.2",13.7450373920261,-0.848532698245357,0.190480756803731,-4.45468987252961,0.786746840059826,1,"Gm57421"
"ENSMUSG00000120027.2",30.4889020136836,0.186540007490344,0.210480575349234,0.886257590187754,0.999944412732852,1,"Gm57071"
"ENSMUSG00000120036.2",51.8575542267426,-0.31417672662279,0.0896584947202797,-3.50414902238736,0.99999999999999,1,"Gm57017"
"ENSMUSG00000120039.2",14.5297882850517,0.980991994164584,0.169586826541926,5.78460022024211,0.544621682270582,1,"Gm56759"
"ENSMUSG00000120043.2",17.1997902697247,-0.631454026350762,0.175561648914943,-3.59676518336127,0.982102109605427,1,"Gm19497"
"ENSMUSG00000120046.2",57.2264161591585,0.305239876220851,0.101536195974633,3.00621737195188,0.999999999996109,1,"Gm33318"
"ENSMUSG00000120048.2",16.9804674316936,-0.388858972798741,0.172510396075811,-2.25411906554231,0.999801923222041,1,"Gm57084"
"ENSMUSG00000120051.2",17.3619616450195,-0.511437651755636,0.138559023335608,-3.69111761503159,0.999789075093678,1,"6230426M11Rik"
"ENSMUSG00000120052.2",9.00239009814372,-0.488545752295378,0.158322333820575,-3.08576648983107,0.999382047855988,1,"Gm33046"
"ENSMUSG00000120053.2",25.5561139380259,0.176385734766115,0.288651454493407,0.611068234787445,0.9978596942269,1,"1700064N11Rik"
"ENSMUSG00000120055.2",9.53111472207105,0.752389752385221,0.199577958834566,3.76990403538945,0.892636031136806,1,"Gm39150"
"ENSMUSG00000120056.2",12.9519288899284,-0.0514412540870306,0.276034844100156,-0.18635782831955,0.999774960805558,1,"Gm30788"
"ENSMUSG00000120059.2",11.0122429452081,0.0519584756372294,0.208081676223873,0.249702311996602,0.999997609052877,1,"Gm46732"
"ENSMUSG00000120060.2",10.6239479936101,-0.259814685262259,0.167543972526107,-1.55072534896339,0.99999501578369,1,"Gm56964"
"ENSMUSG00000120062.2",17.262174636735,-0.135982911147644,0.146469428947606,-0.928404733497574,0.999999998170989,1,"Gm56833"
"ENSMUSG00000120068.2",12.398616504368,0.136863008134994,0.158948018115066,0.861055140907239,0.999999971872284,1,"Gm56647"
"ENSMUSG00000120070.2",51.9257800726305,0.250106497220035,0.119070497300893,2.10049090991879,0.999999999849143,1,"Gm56719"
"ENSMUSG00000120071.2",9.68237293137146,-0.353823146437986,0.18430065935017,-1.91981487036205,0.999772639273624,1,"Gm56598"
"ENSMUSG00000120076.2",23.596669650075,0.022433119263106,0.145180784156417,0.154518515611107,0.99999999999266,1,"Gm31223"
"ENSMUSG00000120081.1",271.56566821946,0.257188164998685,0.138178853095602,1.8612700803121,0.999999961862923,1,"Gm57354"
"ENSMUSG00000120083.2",32.6585282428385,1.15244114267771,0.267836297200492,4.30278179142775,0.284624496401367,1,"4930517G24Rik"
"ENSMUSG00000120086.2",13.622886935509,-0.607708659724096,0.198441877268075,-3.06240128389404,0.975971137667556,1,"Gm56796"
"ENSMUSG00000120091.2",99.9201405781462,-0.37519705238771,0.217390139987961,-1.72591568508346,0.997974154301558,1,"Gm56529"
"ENSMUSG00000120095.2",36.5559687670414,0.34321172267784,0.147051495596039,2.3339560151137,0.999996022340293,1,"Gm26664"
"ENSMUSG00000120104.2",13.2618890724647,-0.974985404683535,0.226905879420979,-4.29687149214252,0.543891338251085,1,"4122401K19Rik"
"ENSMUSG00000120105.2",27.2487021525165,0.170740097057004,0.181263494891533,0.941944196536506,0.999997617660849,1,"Gm57117"
"ENSMUSG00000120108.2",8.75163612116729,-0.286214926307459,0.242048160001962,-1.18247098554742,0.998405715173786,1,"Gm31870"
"ENSMUSG00000120111.2",9.22188931068777,-0.460280541139108,0.245186673291692,-1.87726573781408,0.986141167124047,1,"Gm10690"
"ENSMUSG00000120113.2",507.257413144738,-0.445289507169622,0.068830508228393,-6.46936247647722,1,1,"Fam120aos"
"ENSMUSG00000120121.2",12.6249383794105,-0.317725921371643,0.25311509396182,-1.25526264119029,0.996486040203727,1,"Gm56779"
"ENSMUSG00000120129.2",13.8935475408868,0.12247584962241,0.195535916705068,0.626359861074236,0.999996406430531,1,"Gm56848"
"ENSMUSG00000120138.2",18.9103996533603,-0.540261007597198,0.123909366440696,-4.36013049792949,0.9998964867386,1,"Gm56696"
"ENSMUSG00000120142.2",15.026585367043,-0.0149461465369372,0.180646884996586,-0.0827368074308042,0.999999984862758,1,"Gm57349"
"ENSMUSG00000120144.1",2136.34704734889,0.37605845716621,0.0795436395468997,4.72769990546488,0.999999999999998,1,"Gm56517"
"ENSMUSG00000120153.2",17.8802142628783,0.0231057485285588,0.290492283869216,0.0795399733886264,0.999828522221812,1,"Gm56804"
"ENSMUSG00000120154.2",17.2983793343187,0.352659168318801,0.169078673291809,2.08576966836116,0.99993557250111,1,"Gm32655"
"ENSMUSG00000120160.2",14.0151010320883,-0.0298919074288594,0.160745454660707,-0.185958025948253,0.999999999279689,1,"Gm56773"
"ENSMUSG00000120162.2",82.3620934636916,-0.044630391315411,0.117240942242436,-0.380672403869992,1,1,"Gm5817"
"ENSMUSG00000120166.1",390.045230841876,-0.0755388820020616,0.0427478856916626,-1.76707878716898,1,1,"Zfp33b"
"ENSMUSG00000120169.2",91.2370923468598,-0.649708786591974,0.0882315285293455,-7.36368050538626,0.999964084268805,1,"9130004C02Rik"
"ENSMUSG00000120175.2",83.9402223210767,-0.243837797489076,0.108617441352574,-2.24492304783331,0.999999999998319,1,"Gm56912"
"ENSMUSG00000120179.2",30.1988433224196,-0.514219088854157,0.193537916441476,-2.65694236203918,0.993963507358963,1,"Gm57255"
"ENSMUSG00000120180.2",23.5758557755956,0.616547716085264,0.13882964463273,4.44103791892808,0.997127880587856,1,"Gm56852"
"ENSMUSG00000120183.2",140.979969252906,-0.206727983345531,0.0703641977203042,-2.93797115640071,1,1,"1700085D22Rik"
"ENSMUSG00000120187.2",31.1703090945038,0.448707186399632,0.140609531971029,3.19115766982342,0.999955860480654,1,"Gm54266"
"ENSMUSG00000120191.1",23.3629147380193,-0.148605316562644,0.115619388443262,-1.28529754882391,0.999999999999911,1,"Gm57198"
"ENSMUSG00000120193.2",19.4884239764395,-0.360777623330121,0.155125785373125,-2.32571021292392,0.99998111149925,1,"Gm36457"
"ENSMUSG00000120196.2",22.1466109278625,-0.738607158543902,0.120905237238316,-6.1089757186286,0.984689547089474,1,"Gm57367"
"ENSMUSG00000120199.2",19.2983389838198,-0.0908256972051217,0.171748892766649,-0.528828429354269,0.999999940149294,1,"Gm57202"
"ENSMUSG00000120210.2",79.5472486921836,-0.552693619548122,0.0838166997622851,-6.59407517971516,0.999999952678871,1,"Gm57411"
"ENSMUSG00000120219.2",25.522582698474,0.202147821114354,0.222265795885746,0.909486861479426,0.999834458531271,1,"Gm56637"
"ENSMUSG00000120221.2",15.2377253710192,-0.178839006800567,0.167796993668841,-1.06580578644644,0.999999505405339,1,"Gm34917"
"ENSMUSG00000120224.2",217.351180544535,0.332470524026618,0.130196144061171,2.55361267742624,0.999999852885329,1,"2810001A02Rik"
"ENSMUSG00000120227.2",125.902932475425,-0.310656210109075,0.0855776733256802,-3.63010815831392,1,1,"Gm57295"
"ENSMUSG00000120231.2",8.47788636397509,-0.427751868505816,0.165169869539744,-2.58976936712351,0.999734493259459,1,"Gm56783"
"ENSMUSG00000120232.2",33.1661868336964,-1.16718650225511,0.146425509140306,-7.97119647463001,0.126771625162528,1,"Gm56557"
"ENSMUSG00000120240.2",11.3000484195692,0.882907962086933,0.170945826355222,5.16484070369911,0.753317236257495,1,"Gm56968"
"ENSMUSG00000120241.2",256.281730078951,-0.215049830711598,0.0834014300763077,-2.57849092653255,1,1,"Gm57315"
"ENSMUSG00000120242.2",12.4129200578495,-0.562108826664057,0.236094827256013,-2.38086040764682,0.968182305553971,1,"Gm56680"
"ENSMUSG00000120244.2",8.81776733391596,-0.408267301715739,0.167962996471428,-2.43069789353983,0.999786649823005,1,"Gm9744"
"ENSMUSG00000120250.2",42.0074339696534,0.254228814408998,0.113108879846732,2.24764682272064,0.999999999978506,1,"2010004M13Rik"
"ENSMUSG00000120258.2",16.4164275368975,-0.415016773264391,0.16412058923477,-2.52873070465718,0.999817620533127,1,"Gm56596"
"ENSMUSG00000120261.2",210.660120162507,-0.338467834525985,0.150310247391827,-2.25179480706775,0.999994615113135,1,"Gm57009"
"ENSMUSG00000120274.2",9.38994998796605,-0.60945983081928,0.187130519682567,-3.25687029487824,0.981555636758323,1,"Gm56882"
"ENSMUSG00000120276.2",15.6491303721374,-0.607733998277193,0.23829900686678,-2.55030017232486,0.950129280416172,1,"Gm56938"
"ENSMUSG00000120288.2",12.8571499609944,-0.33658271101933,0.164483656850293,-2.04629880843223,0.999972504315895,1,"Gm56613"
"ENSMUSG00000120289.2",100.559492686594,-0.513872147016339,0.096738194081522,-5.31198821618786,0.999999748533463,1,"6820445E23Rik"
"ENSMUSG00000120298.2",37.4192845706955,-0.318516858168514,0.102249982025377,-3.11507984509439,0.999999999986755,1,"Gm57450"
"ENSMUSG00000120300.2",60.0377744972396,-0.272778317043257,0.114679957724629,-2.37860496686138,0.999999999886094,1,"Gm56828"
"ENSMUSG00000120308.2",86.2812771240432,-0.661490486656975,0.0993883790457471,-6.65561198409827,0.999670300347494,1,"Gm56915"
"ENSMUSG00000120310.2",62.2798370264034,-0.397563998787109,0.162268407219558,-2.45003944759983,0.99989742530122,1,"Gm56728"
"ENSMUSG00000120312.2",44.0795780405206,0.167419426052626,0.12692960371827,1.31899431770248,0.999999999972985,1,"Gm57403"
"ENSMUSG00000120316.2",12.7978591650784,0.0106650784428535,0.244074819555993,0.0436959390659584,0.999992066425537,1,"Gm57272"
"ENSMUSG00000120324.2",16.3145172395648,-0.0285733163265548,0.201939071261033,-0.141494739715922,0.999999422983133,1,"Gm57007"
"ENSMUSG00000120325.2",19.6464420064399,-0.153070455533869,0.157156012973204,-0.97400317453948,0.999999964594504,1,"Gm56958"
"ENSMUSG00000120335.2",53.3698687296991,0.015820372688534,0.0961253314440587,0.164580682852998,1,1,"A630066F11Rik"
"ENSMUSG00000120340.2",28.7747022684072,0.164951604539879,0.12424850725596,1.32759425592186,0.999999999990963,1,"A330069E16Rik"
"ENSMUSG00000120343.2",11.7074088301218,0.201463189574135,0.160412191471216,1.2559094650252,0.999999678827652,1,"4930434J08Rik"
"ENSMUSG00000120345.2",28.1459303545096,0.786611108584928,0.187546370124691,4.19422198393893,0.872396473682167,1,"Gm56493"
"ENSMUSG00000120351.2",19.4076707306186,-0.120375575458031,0.141466660408379,-0.85091126849631,0.999999999748062,1,"Gm57337"
"ENSMUSG00000120352.2",12.7044490636052,-0.0256422742288582,0.210634180579646,-0.121738428959122,0.999998694440298,1,"Gm57078"
"ENSMUSG00000120353.2",46.7020851185701,-0.714836704959254,0.105804249261384,-6.75621924402379,0.996482648680332,1,"Gm56492"
"ENSMUSG00000120361.2",14.6937211391392,-0.497902635659984,0.153140772991894,-3.25127414425641,0.99947850401502,1,"Gm56889"
"ENSMUSG00000120367.2",45.355977089985,-0.193907464830454,0.11743553592226,-1.65118218525283,0.999999999996655,1,"Gm57294"
"ENSMUSG00000120369.2",505.62238345291,0.0301438934088135,0.176838216825441,0.170460288222477,0.999999982109002,1,"Snhg7"
"ENSMUSG00000120375.2",18.9970789186706,0.459778957190781,0.263108706607843,1.74748666860375,0.979974572969027,1,"Gm56780"
"ENSMUSG00000120382.2",85.5409395077075,-0.0176633164775428,0.111287064119826,-0.158718505310952,1,1,"4930558N01Rik"
"ENSMUSG00000120390.1",252.713588743377,0.228161036576059,0.111616749656781,2.04414693383967,0.999999999997662,1,"Gm56743"
"ENSMUSG00000120400.2",94.0172629547656,0.685557619315053,0.153809210046688,4.45719485268115,0.97954131785877,1,"Gm3134"
"ENSMUSG00000120406.2",9.303294799917,-0.540334939363191,0.169291924074804,-3.19173488231156,0.996688426509869,1,"Gm9456"
"ENSMUSG00000120410.2",12.1362669307261,-0.592456834741213,0.132975402947384,-4.45538664752636,0.998910926110394,1,"Gm36411"
"ENSMUSG00000120413.2",11.6232844911792,0.516695074417236,0.241332892708428,2.14100559860895,0.977392478393551,1,"Gm32652"
"ENSMUSG00000120414.2",27.4232383062711,0.312629991041976,0.167865091480638,1.86238835176781,0.999978871195979,1,"Gm32261"
"ENSMUSG00000120424.2",13.2007789168128,0.118813261691651,0.190402348765868,0.624011533795478,0.999998156249288,1,"Gm56782"
"ENSMUSG00000120425.2",8.66037881731822,0.351171721980491,0.451889100170478,0.777119257463854,0.92586688238437,1,"Ndufb4b"
"ENSMUSG00000120442.2",695.815052373672,-0.108601261708316,0.114405492820785,-0.949266149995421,0.999999999999997,1,"Gm56829"
"ENSMUSG00000120443.2",26.8655421351718,-0.192295188484288,0.164559739792482,-1.16854334314567,0.999999540600465,1,"Gm57341"
"ENSMUSG00000120456.2",8.77486639159627,0.130700315527852,0.178340356529003,0.732870103389057,0.999999454377014,1,"1700080G18Rik"
"ENSMUSG00000120477.2",21.8081067998467,-0.423464634550783,0.282658172989481,-1.49815103547897,0.979309687725751,1,"Gm35588"
"ENSMUSG00000120489.2",30.1821831058034,-0.391248229179455,0.137042955760963,-2.85493133891457,0.99999554472416,1,"Gm17518"
"ENSMUSG00000120503.2",11.7014948332854,1.1220212611596,0.193574657417963,5.79632311442996,0.264230314619933,1,"Gm56965"
"ENSMUSG00000120507.2",372.313687090357,-0.809813731952425,0.0664665341523243,-12.1837815417987,0.99789101993746,1,"2310047K21Rik"
"ENSMUSG00000120514.2",13.5689873427226,-0.217265645348614,0.201053188699705,-1.08063764993613,0.999950529435744,1,"Gm56644"
"ENSMUSG00000120523.2",22.5401638963918,-0.108624961886484,0.181060272351914,-0.599938133724653,0.999999574506251,1,"Gm57372"
"ENSMUSG00000120539.2",29.5595603573052,0.462457849863447,0.180298354015866,2.56495880058201,0.998565347865552,1,"Gm56507"
"ENSMUSG00000120551.2",12.5585173687093,0.0194273377687032,0.177719172045435,0.109314811368447,0.9999999876532,1,"Gm56648"
"ENSMUSG00000120574.2",13.0911323221229,0.356912600623681,0.157441274735716,2.2669570049074,0.999977925267224,1,"Gm56549"
"ENSMUSG00000120593.2",17.2925036635618,-0.199287751950882,0.159408021841384,-1.25017392254688,0.999999745695124,1,"Gm56651"
"ENSMUSG00000120594.2",10.9183470374408,-0.0816471384646461,0.217756387651169,-0.374947156982781,0.999987979550885,1,"Gm9975"
"ENSMUSG00000120597.2",249.412428484178,-0.649056665735493,0.0832633501819409,-7.79522640293986,0.999987503321064,1,"Gm56890"
"ENSMUSG00000120602.2",13.791597582498,-0.0072661767499509,0.175338665222007,-0.0414408125027686,0.999999997115166,1,"Gm57281"
"ENSMUSG00000120603.2",10.8956180653229,-0.361301968127381,0.163771740842271,-2.2061313280864,0.999951889392219,1,"C030013E06Rik"
"ENSMUSG00000120608.2",26.2162511757329,0.537961368169299,0.252338290542024,2.13190541559806,0.966451864827998,1,"Gm56652"
"ENSMUSG00000120615.2",69.1350933142334,-0.745908457499241,0.141120840879997,-5.28560099874636,0.964111076870184,1,"Gm56802"
"ENSMUSG00000120630.2",293.938888560492,-0.0587161301025013,0.0637556225488076,-0.920956109518837,1,1,"Gm56815"
"ENSMUSG00000120635.2",49.2877306239198,0.00300942477751452,0.0980510265065171,0.0306924352017313,1,1,"Gm56857"
"ENSMUSG00000120664.2",25.5292199308902,-0.32068519377422,0.135237754716497,-2.37126972749941,0.999999745799709,1,"Gm56688"
"ENSMUSG00000120675.2",47.746592270239,0.0957409390540838,0.0984028025907856,0.972949311740934,1,1,"Gm38882"
"ENSMUSG00000120677.2",9.27300904285103,-0.629705155393925,0.252234510556309,-2.49650673892758,0.928955740588733,1,"Gm51903"
"ENSMUSG00000120681.2",110.715475424438,0.0352975198075172,0.106596248274066,0.331132852975884,1,1,"2610029K11Rik"
"ENSMUSG00000120684.2",14.6292283353144,0.082275783758011,0.205676676081441,0.400024860988285,0.999996010856361,1,"Gm39859"
"ENSMUSG00000120686.2",32.174819821264,-0.262787535723957,0.116589748557711,-2.25395061722669,0.999999999871844,1,"Gm6297"
"ENSMUSG00000120696.2",17.8856370051407,-0.104988872190183,0.190683375397683,-0.550592687858717,0.999998661900789,1,"Gm52054"
"ENSMUSG00000120700.2",16.9827153394754,-0.571565477684392,0.171642686350014,-3.32997280477686,0.993721352722765,1,"Gm57098"
"ENSMUSG00000120709.2",8.83814681294284,-0.18675634747998,0.200226550935088,-0.932725188581635,0.999975634596837,1,"Gm56535"
"ENSMUSG00000120717.2",66.7069620937602,-0.786830519221432,0.0958480472362804,-8.20914501556586,0.986926979478294,1,"Gm56791"
"ENSMUSG00000120718.2",92.2779961699257,0.134991322848077,0.0863205959513345,1.56383678032276,1,1,"Gm56656"
"ENSMUSG00000120740.2",72.1141527276663,-0.0761082286458777,0.0894511492216948,-0.850835671850921,1,1,"Gm57103"
"ENSMUSG00000120742.2",12.6005152665891,0.406563841180232,0.279532089264419,1.45444425450435,0.983121748057845,1,"Gm56506"
"ENSMUSG00000120747.2",237.957048877357,-0.124188325531174,0.0979667494207291,-1.26765791725755,1,1,"Gm56847"
"ENSMUSG00000120748.2",11.6372819525223,-0.21392949941961,0.181343162167861,-1.17969432573138,0.999992702478982,1,"Gm56658"
"ENSMUSG00000120760.2",11.4067811277499,-0.355709375583496,0.230705727599139,-1.54183157603073,0.997386450747841,1,"Gm56845"
"ENSMUSG00000120766.2",31.5729000465529,-0.160438024947312,0.12540546621547,-1.27935431994367,0.9999999999892,1,"Gm57027"
"ENSMUSG00000120777.2",70.6120396511952,-0.395021402756812,0.182927603024485,-2.1594412009211,0.999528836007487,1,"Gm56626"
"ENSMUSG00000120785.2",32.4428754256989,0.81813748480252,0.243075061315111,3.36578125446578,0.772822486418121,1,"Gm56741"
"ENSMUSG00000120787.2",11.822105281414,1.22434429206307,0.209552308500114,5.84266668702627,0.142177247817517,1,"Gm56659"
"ENSMUSG00000120789.2",198.039232891651,-0.205636527582455,0.0779881105767929,-2.63676765678238,1,1,"Gm56686"
"ENSMUSG00000120806.1",129.053503124556,-0.832471408715875,0.104239007203188,-7.98617936846984,0.945990182488061,1,"Gm57029"
"ENSMUSG00000120819.2",20.1161127044696,0.0720742655796961,0.102219254852169,0.705094805121899,1,1,"Gm57032"
"ENSMUSG00000120825.2",20.0513089561079,0.0874576007512967,0.143782971278704,0.608261186797786,0.999999999890004,1,"Gm57215"
"ENSMUSG00000120826.2",52.1095476094168,-0.217573694642038,0.102140168508997,-2.13014818575391,0.999999999999991,1,"Gm57409"
"ENSMUSG00000120837.2",11.2074770709929,-0.297045025274476,0.160167304544855,-1.85459214737105,0.999994303187223,1,"Gm57245"
"ENSMUSG00000120844.1",25.5884732385597,-0.595521565351485,0.132032330887411,-4.51042226815876,0.998906106678017,1,"B930046K06Rik"
"ENSMUSG00000120846.2",11.9634399374022,-0.366632295692417,0.192807202882512,-1.90154875031212,0.999490050997393,1,"Gm57298"
"ENSMUSG00000120850.2",47.8033246420553,0.216760361071727,0.219700679416289,0.986616708003024,0.999818108385287,1,"Gm56765"
"ENSMUSG00000120856.2",13.3423561754584,0.023087819168697,0.143824486695338,0.160527735569839,0.999999999995051,1,"Gm57039"
"ENSMUSG00000120863.2",1115.86871911325,-0.0298312393727186,0.0460894214555142,-0.647246991405867,1,1,"Gm56582"
"ENSMUSG00000120873.2",123.730482296037,-0.618681365211067,0.0926848996073876,-6.67510422767674,0.999980568706877,1,"3300002P09Rik"
"ENSMUSG00000120880.2",41.2833713544555,0.235315188949079,0.126729407263699,1.85683176485971,0.999999999200233,1,"1700029K24Rik"
"ENSMUSG00000120883.2",27.2287075420346,-0.597211551095236,0.11249015486141,-5.3090117249017,0.999828633101321,1,"Gm56552"
"ENSMUSG00000120885.2",17.7292904788938,-0.539169037360987,0.1143408226929,-4.71545529114394,0.999972150404217,1,"Gm57243"
"ENSMUSG00000120893.1",12.7340648687817,0.285036481681793,0.135075067427008,2.11020795407576,0.99999993986429,1,"Gm56543"
"ENSMUSG00000120896.2",13.6135467458237,-0.190121962405391,0.160784089321657,-1.18246751408992,0.999999763623557,1,"Gm57238"
"ENSMUSG00000120906.1",17.6056720759556,-0.463235539731911,0.149546833885061,-3.09759509912423,0.999834199481521,1,"Gm57036"
"ENSMUSG00000120909.2",1043.09784387152,-0.842273982049093,0.217241041139081,-3.87714023847757,0.766093344342583,1,"Gm39529"
"ENSMUSG00000120910.1",11.748659815666,0.537843215249346,0.151715883340577,3.54506860723327,0.998841228355135,1,"Gm57158"
"ENSMUSG00000120920.1",104.667141890109,-0.819973633418117,0.103638904198717,-7.91183233514226,0.958811174575604,1,"Gm56812"
"ENSMUSG00000120928.1",21.4293530166724,0.558762893944403,0.149106364610205,3.74741142274593,0.998457857824855,1,"Gm57147"
"ENSMUSG00000120930.2",15.5968243567798,-0.276969444771689,0.234019884191696,-1.18352953522877,0.998997932370347,1,"Gm56586"
"ENSMUSG00000120939.1",14.8993067045954,0.393433237556531,0.138983252410141,2.83079601846923,0.999993623928803,1,"Gm57044"
"ENSMUSG00000120945.2",14.9832551382989,0.227368839572856,0.122894838435033,1.85010894247647,0.999999999838097,1,"Gm56809"
"ENSMUSG00000120950.1",10.6951214880386,-0.18709357770102,0.157649255914727,-1.1867710799867,0.999999874144803,1,"Gm57241"
"ENSMUSG00000120952.2",33.9250039593986,-0.518121317121695,0.0988711642675278,-5.24036832134141,0.999999452652186,1,"2010002M09Rik"
"ENSMUSG00000120957.2",13.1303168888654,1.13552783259515,0.385705039134059,2.94403162360675,0.362652828580567,1,"Gm57439"
"ENSMUSG00000120969.2",13.8734259496178,0.233663584196982,0.192515589752646,1.21373850552677,0.999965635958034,1,"Gm56813"
"ENSMUSG00000120970.1",15.6758640039738,-0.400981515222751,0.119463663577555,-3.35651446820426,0.999999733770987,1,"Gm56877"
"ENSMUSG00000120971.2",8.12306825007482,0.167282229496508,0.170213326308199,0.982779862921054,0.99999950143032,1,"Gm57218"
"ENSMUSG00000120975.2",38.700794157056,-0.32366409847059,0.140454951036639,-2.30439793030975,0.999999265188672,1,"Gm56589"
"ENSMUSG00000120978.1",22.0217931207606,-0.456928156673273,0.106497357636186,-4.2905116785547,0.999999829627478,1,"Gm56588"
"ENSMUSG00000120990.2",9.74660954175518,-0.541460245621541,0.15539353800037,-3.48444505858572,0.998415388261806,1,"Gm52698"
"ENSMUSG00000120992.3",5712.27581526834,-0.198687199457374,0.125022443282767,-1.58921225853823,0.99999999992693,1,"D17H6S56E-5"
"ENSMUSG00000120994.2",37.1883082325718,-0.0410716586755292,0.129270422561766,-0.31771891714754,0.999999999999941,1,"Gm56548"
"ENSMUSG00000120995.2",140.934092538363,0.247837383040427,0.0626939502157083,3.95313075962998,1,1,"Gm51425"
"ENSMUSG00000120996.2",12.3713918518378,0.346162486862546,0.228170701774274,1.51712066523335,0.9979186594238,1,"Gm56817"
"ENSMUSG00000120997.2",27.2196851946111,0.441646157361228,0.136049828868525,3.24620884152691,0.99997970007639,1,"Gm57385"
"ENSMUSG00000120999.2",97.728997861257,-0.566460523072417,0.088091287869578,-6.43038076490696,0.999999570538235,1,"Gm17586"
"ENSMUSG00000121012.1",10.9277897124344,0.331935276307953,0.154815929872429,2.14406409328467,0.999992027781294,1,"Gm57412"
"ENSMUSG00000121015.1",9.14099436215526,-0.117977233125723,0.215545276212238,-0.547343162415474,0.999978728490227,1,"Gm56721"
"ENSMUSG00000121016.2",36.142726867575,0.983095205638005,0.254381733614512,3.86464543530385,0.526491983430107,1,"Gm41818"
"ENSMUSG00000121018.2",16.2612380992318,-0.139365872733363,0.10877902993856,-1.28118326493699,0.999999999999999,1,"C530020B09Rik"
"ENSMUSG00000121019.2",10.0301398240195,0.330622894103236,0.158085185730383,2.09142237190471,0.999988535797376,1,"Gm57163"
"ENSMUSG00000121023.2",8.38994653500399,0.162542788886401,0.165329090301332,0.983146937965645,0.999999796224246,1,"Gm39193"
"ENSMUSG00000121027.2",9.40512064222742,-0.499388771622703,0.145129970496409,-3.44097618096781,0.999719082450734,1,"Gm56673"
"ENSMUSG00000121042.2",7584.78249415312,-0.0497850157106125,0.241195577584141,-0.20640932229881,0.999965923916222,1,"Gm33887"
"ENSMUSG00000121050.1",12.3563432714086,0.384545073760861,0.170498628076649,2.25541447517094,0.999846745221554,1,"Gm57047"
"ENSMUSG00000121053.2",72.9309541626166,0.400782779495676,0.11944306473875,3.35542947070457,0.99999973724963,1,"Gm56593"
"ENSMUSG00000121059.1",312.434478977088,0.512807030916384,0.127886958550442,4.00984616984318,0.999930392679615,1,"Gm57137"
"ENSMUSG00000121060.2",16.0595215999726,-0.222864255779706,0.167332922606061,-1.33186137138343,0.999998293420843,1,"Gm32702"
"ENSMUSG00000121063.2",15.9042218253173,-0.305074280461943,0.198787857685828,-1.53467261035678,0.999763692547092,1,"Gm56614"
"ENSMUSG00000121066.1",97.6597945443594,0.270858002117846,0.105638792644286,2.56400130423581,0.99999999999744,1,"Gm57402"
"ENSMUSG00000121067.1",85.2801970085673,-0.520662738586106,0.139764168974915,-3.72529484777716,0.9996977806533,1,"Gm56901"
"ENSMUSG00000121069.2",362.425756717799,0.19832150487494,0.158109997856248,1.25432614992033,0.999999801493703,1,"Gm56730"
"ENSMUSG00000121075.2",8.7309626189971,0.21141879863178,0.175823636212308,1.20244810758259,0.999996355491579,1,"Gm56727"
"ENSMUSG00000121082.1",30.6048170328304,-0.627438252404494,0.0965173060935831,-6.50078496592238,0.99994331837565,1,"5730424H11Rik"
"ENSMUSG00000121083.2",45.0118973257,-0.737708604560943,0.146798594838561,-5.02531107584662,0.963010500681741,1,"4930423K06Rik"
"ENSMUSG00000121084.2",35.1099371310116,-0.229297817326427,0.104915605799313,-2.18554537792058,0.999999999999898,1,"Gm56860"
"ENSMUSG00000121090.2",8.1425946620363,0.466914812306427,0.157675384317236,2.96124099730757,0.999638759851547,1,"Gm57226"
"ENSMUSG00000121092.1",161.346724747069,0.0980724123149821,0.115965495192645,0.845703389202636,0.999999999999996,1,"Gm56862"
"ENSMUSG00000121093.2",231.455185688447,-0.199736833217144,0.151720233975723,-1.31648118371017,0.999999933476116,1,"Gm56906"
"ENSMUSG00000121096.2",502.785491804198,-0.17913889675713,0.0753843212124002,-2.37634157708198,1,1,"Gm57390"
"ENSMUSG00000121107.1",119.951876437359,-0.44911348365428,0.083306967932194,-5.39106745572384,0.999999999981135,1,"9330133O14Rik"
"ENSMUSG00000121114.2",14.9064971360863,0.246330694223269,0.151522206145223,1.62570688805296,0.999999672049467,1,"Gm41291"
"ENSMUSG00000121115.2",10.9393924819224,-0.224882193392059,0.178618369545248,-1.25900932790169,0.999992860257124,1,"Gm57320"
"ENSMUSG00000121122.2",79.6318395546227,1.15891647368209,0.128127636635838,9.04501561186165,0.107432563889645,1,"Gm56904"
"ENSMUSG00000121130.2",115.752416135445,0.67760939833179,0.245538954999568,2.75968185306068,0.905407121827929,1,"Gm57150"
"ENSMUSG00000121134.2",302.391796005506,-0.482666028762603,0.109329086147941,-4.41479981008416,0.999998887843431,1,"Gm57446"
"ENSMUSG00000121137.2",274.608116321599,-0.0891781514062277,0.13142111804362,-0.678567894823635,0.999999999997904,1,"Gm56555"
"ENSMUSG00000121141.1",2345.61227809426,-0.119321986251732,0.0960829930814598,-1.24186375158578,1,1,"Gm56878"
"ENSMUSG00000121142.2",33.7384533561834,-0.72522565708132,0.151898043190015,-4.77442396130217,0.964769784523523,1,"Gm57061"
"ENSMUSG00000121151.1",27.4707763065448,-0.417108346438803,0.103140210912149,-4.04409049341658,0.99999999204496,1,"Gm56909"
"ENSMUSG00000121171.2",50.5303918754426,0.555347237219375,0.128919608586671,4.30770185627753,0.999718739638803,1,"Gm54112"
"ENSMUSG00000121179.2",3032.5301779193,-0.37695372764047,0.0999562987123535,-3.77118533295474,0.99999999977148,1,"Gm56999"
"ENSMUSG00000121184.1",43.185703673046,0.729748177093862,0.144099404206783,5.0641998217194,0.969634862923835,1,"Gm57395"
"ENSMUSG00000121185.2",10.5416209371921,-0.446941873434506,0.179137595403407,-2.49496412200923,0.998990207518319,1,"Gm56740"
"ENSMUSG00000121189.2",16.8737246750742,-0.511396965441256,0.170521553762154,-2.99901657097589,0.997917222477554,1,"Gm34102"
"ENSMUSG00000121191.2",35.4907043881884,0.607913426131168,0.178761366326476,3.40069802901887,0.985858980762634,1,"Gm33841"
"ENSMUSG00000121192.2",43.2228899416098,-0.427568011769894,0.0826714251236916,-5.1718959861908,0.999999999997808,1,"Gm57399"
"ENSMUSG00000121204.1",10.6118148885362,0.350633394346236,0.18063529707392,1.94111228550613,0.999837744577647,1,"Gm56916"
"ENSMUSG00000121215.2",9.04047465241968,-0.434730232037589,0.163250611133879,-2.6629623559637,0.999732497514295,1,"Gm57464"
"ENSMUSG00000121223.2",8.42873662606905,-0.879964590409564,0.172747471588662,-5.09393615036459,0.756428662906846,1,"Gm57172"
"ENSMUSG00000121225.1",540.378799544469,-0.758298492479916,0.105192864369318,-7.20864953175558,0.989210528145363,1,"Gm57457"
"ENSMUSG00000121226.1",250.089372566315,-0.857973603988963,0.139474367976385,-6.15147870133552,0.845731694757748,1,"6720407P12Rik"
"ENSMUSG00000121230.2",79.2663695062573,-0.818821455917782,0.0993271407766848,-8.24368294018169,0.965928407495117,1,"Gm53374"
"ENSMUSG00000121235.2",13.1873747161024,-0.549836429121625,0.149558720362313,-3.67639163928134,0.998693526385392,1,"Gm57252"
"ENSMUSG00000121236.2",14.1577063135284,-0.0238700580209706,0.204315933672249,-0.116829155670558,0.99999938323213,1,"Gm57463"
"ENSMUSG00000121238.2",109.041325930062,-0.601188281749604,0.0788985341919332,-7.61976490319982,0.999999784513282,1,"Stk35os1"
"ENSMUSG00000121241.2",20.1657185915246,0.178822929880393,0.122942509774563,1.45452480357117,0.999999999988,1,"Gm57475"
"ENSMUSG00000121247.2",106.214658056133,-0.752446441684141,0.113645849081706,-6.62097602124622,0.985307754324349,1,"Gm57404"
"ENSMUSG00000121258.2",34.772980977468,-0.198413041136229,0.0976797498368256,-2.03126074204406,1,1,"Gm57465"
"ENSMUSG00000121274.2",33.6925588313329,-0.335186126437888,0.11454469740785,-2.9262474302448,0.999999996761837,1,"Gm57180"
"ENSMUSG00000121275.2",38.1395778420735,-0.585360538057502,0.201331910242589,-2.90744044176697,0.980275960182966,1,"Gm57182"
"ENSMUSG00000121277.2",69.864285530232,-1.11170597780339,0.123302443875564,-9.01609037794346,0.182480882490443,1,"Gm57184"
"ENSMUSG00000121280.1",55.7666242075436,-0.498874990005288,0.123051557955933,-4.05419482932467,0.999976742403292,1,"Gm57189"
"ENSMUSG00000121301.2",101.079816197483,-0.461094135702994,0.0822700801368531,-5.60463943800689,0.999999999971318,1,"Nlrp5-ps"
"ENSMUSG00000121307.2",81.4833559789837,-0.48889050404022,0.151530179697496,-3.22635731717738,0.999628214196297,1,"ENSMUSG00000121307"
"ENSMUSG00000121309.2",763.931075323268,-0.121851577040941,0.0431682586141625,-2.82271235747657,1,1,"Gm49327"
"ENSMUSG00000121318.2",558.548411196612,-0.10793297083866,0.0411853509729153,-2.62066410238048,1,1,"3110053B16Rik"
"ENSMUSG00000121335.1",7.75647266243144,-0.0274798217111154,0.463761283632482,-0.0592542385079571,0.995366078649849,1,"ENSMUSG00000121335"
"ENSMUSG00000121345.2",5935.31484566239,-0.0468260828436546,0.0452025526000679,-1.03591678235411,1,1,"2610005L07Rik"
"ENSMUSG00000121346.2",9.13489570303915,-0.522840127337055,0.296839458803986,-1.76135655766138,0.946024251312202,1,"Gm18800"
"ENSMUSG00000121347.2",55.3206067407676,-0.490913221227373,0.162689732166446,-3.0174812797966,0.999123549803255,1,"Gm2011"
"ENSMUSG00000121374.2",46.4329260668845,0.198537974486163,0.125500886543705,1.58196471717371,0.999999999914919,1,"Gm57504"
"ENSMUSG00000121377.2",391.089920569117,-0.132166326242946,0.0792041901695148,-1.66867846208742,1,1,"Gm5113"
"ENSMUSG00000121378.2",150.665100459173,-0.507287832058695,0.138269067674105,-3.66884539392681,0.999816979952712,1,"ENSMUSG00000121378"
"ENSMUSG00000121380.2",10.859397769964,0.278705829980429,0.319687082724627,0.871808230739497,0.988004218199072,1,"Alms1-ps2"
"ENSMUSG00000121382.1",30.387805792745,0.0954485662704927,0.182998516720329,0.521581092465159,0.9999996163168,1,"ENSMUSG00000121382"
"ENSMUSG00000121384.2",177.361906501855,-0.666353288448686,0.108894596220352,-6.11925028033804,0.998907793206231,1,"ENSMUSG00000121384"
"ENSMUSG00000121385.1",22.9058534625029,-0.737936030017274,0.155679171685793,-4.74010763306634,0.953847214274791,1,"ENSMUSG00000121385"
"ENSMUSG00000121387.2",437.253503009287,-0.670067930190613,0.119854300650252,-5.59068741426261,0.99704538642091,1,"Gm20482"
"ENSMUSG00000121393.1",38.4810684840038,-0.607957075341308,0.251369653313831,-2.41857784870429,0.940575986391966,1,"ENSMUSG00000121393"
"ENSMUSG00000121395.2",1578.90955007544,0.0415004160721363,0.0506627056911642,0.819151198222999,1,1,"ENSMUSG00000121395"
"ENSMUSG00000121445.1",267.976998267529,-0.334673440426048,0.171576066810616,-1.95058347383297,0.999947283316437,1,"ENSMUSG00000121445"
"ENSMUSG00000121449.2",8.95363277707952,0.261644686862416,0.163002516999106,1.60515734161241,0.999997046866264,1,"Pdxk-ps"
"ENSMUSG00000121456.2",32.8896765575995,-0.134664392053468,0.107642574386219,-1.25103280761658,1,1,"ENSMUSG00000121456"
"ENSMUSG00000121470.1",24.7011511479144,0.14278983381319,0.187868516414947,0.760051958348409,0.999997477032173,1,"Gm18190"
"ENSMUSG00000121471.3",35.88223995849,-1.02474981169615,0.134841585756851,-7.59965707867006,0.42718429667249,1,"Gm3912"
"ENSMUSG00000121472.2",26.9673490673588,-0.392005875040135,0.144799857268288,-2.7072255624798,0.99998658681145,1,"Gm4349"
"ENSMUSG00000121476.2",30.3822019836741,-0.104120254420521,0.186691352757652,-0.557713321386029,0.999999203258408,1,"ENSMUSG00000121476"
"ENSMUSG00000121477.2",1425.13122227863,-0.254430462738507,0.053564192293828,-4.7500102557847,1,1,"ENSMUSG00000121477"
"ENSMUSG00000121479.2",77.4564821257313,-0.421620178906096,0.0900396135930358,-4.68260759993651,0.999999999933462,1,"ENSMUSG00000121479"
"ENSMUSG00000121483.2",27.6095206110068,0.156284490132277,0.117093828967344,1.33469450534291,0.999999999999711,1,"ENSMUSG00000121483"
"ENSMUSG00000121485.2",987.8973359558,-0.0115161044946882,0.0894748626310159,-0.128707708020512,1,1,"Gpr137b-ps"
"ENSMUSG00000121487.2",55.0154084383156,0.183005101925178,0.128708466641307,1.42185752577713,0.999999999890678,1,"Gm57587"
"ENSMUSG00000121489.2",331.281256208808,0.198204634833893,0.0872674893874318,2.27123108760407,1,1,"ENSMUSG00000121489"
"ENSMUSG00000121490.2",205.846560693614,0.265281381904592,0.0871271792567883,3.04476036258138,1,1,"C920006O11Rik"
"ENSMUSG00000121491.2",506.667841547942,-0.163604422379028,0.147047097836332,-1.11259878492212,0.999999993571082,1,"2700099C18Rik"
"ENSMUSG00000121492.2",1588.64400175238,-0.136524119726621,0.0633115625859133,-2.15638525018805,1,1,"6820431F20Rik"
"ENSMUSG00000121493.2",27.6697297022004,0.187475615025608,0.113398555578973,1.65324517643478,0.999999999999612,1,"Cyp4f41-ps"
"ENSMUSG00000121495.1",11.8676038100066,-0.0509424296632704,0.231356417083977,-0.220190260142122,0.999982312333236,1,"ENSMUSG00000121495"
"ENSMUSG00000121496.3",386.872429527245,-0.0306841137222321,0.0642132377060163,-0.477847167008014,1,1,"Ube2d-ps"
"ENSMUSG00000121500.2",598.618180097608,-0.114414603501568,0.14699679410736,-0.778347610887383,0.999999999151966,1,"ENSMUSG00000121500"
"ENSMUSG00000121501.1",26.3607675634333,-0.85197611890584,0.489721453537366,-1.73971573585725,0.618851473499821,1,"Gvin-ps7"
"ENSMUSG00000121502.2",143.966718230164,-0.112633338495304,0.0651066341252666,-1.72998251266676,1,1,"Zfp939"
"ENSMUSG00000121503.2",41.9459399145945,1.05995875741913,0.19498904190436,5.43599141298941,0.379232139355607,1,"H2-K2"
"ENSMUSG00000121504.2",851.923686252623,0.146337453844054,0.0756576258931021,1.93420626297231,1,1,"Ppp4r1l-ps"
"ENSMUSG00000121511.2",11.2297044557787,0.616574981171446,0.198907569736738,3.09980651811044,0.973050925852683,1,"ENSMUSG00000121511"
"ENSMUSG00000121513.1",8206.6663868164,0.403618922008718,0.136877338713124,2.94876365805627,0.999993408569204,1,"Ptprg"
"ENSMUSG00000121545.1",9.69631369040081,0.0182565354688422,0.148125978435319,0.123250058238866,0.999999999986075,1,"ENSMUSG00000121545"
"ENSMUSG00000121546.1",48.7567152237074,0.143232338482471,0.125577594785419,1.14058832490954,0.99999999999553,1,"ENSMUSG00000121546"
"ENSMUSG00000121553.1",27.1815445962196,0.101684726208644,0.129707146438023,0.783956235265967,0.999999999997831,1,"ENSMUSG00000121553"
"ENSMUSG00000121570.1",239.824010390903,0.412151560942158,0.540758469708921,0.762173103204487,0.86600782164035,1,"ENSMUSG00000121570"
"ENSMUSG00000121572.1",63.8922114632904,-0.126164350099912,0.211800251851364,-0.595676109905907,0.999981576577943,1,"ENSMUSG00000121572"
"ENSMUSG00000121575.1",9.92088981627353,-0.281873494307445,0.695950108561119,-0.405019685807967,0.881676875199202,1,"ENSMUSG00000121575"
"ENSMUSG00000121583.1",1221.15746788151,-0.316557015779359,0.0431690222978391,-7.33296699645674,1,1,"Gm57852"
"ENSMUSG00000121584.1",268.335504803662,-0.330839684213981,0.0702930871901535,-4.70657496261345,1,1,"Tmem276"
"ENSMUSG00000121595.1",18.5122868243816,-0.285873687708379,0.143687015313862,-1.98955825677034,0.999999665257675,1,"4930522L14Rik"
"ENSMUSG00000121596.1",175.839195416875,-0.496558903587214,0.0927695557131816,-5.35260624856758,0.999999971312061,1,"AB010352"
"ENSMUSG00000121597.1",46.2504438263623,-0.0965031285208168,0.450263475451151,-0.214325908678521,0.985044446847852,1,"ENSMUSG00000121597"
"ENSMUSG00000121606.1",863.377004891746,0.0818929359820397,0.0596108814735276,1.37379172992782,1,1,"Akap17a"
"ENSMUSG00000121607.1",844.821451500262,-0.0502169286216842,0.0445011628139375,-1.12844081921285,1,1,"Nlgn4l"
"ENSMUSG00000121608.1",25.6794504881463,0.676252249783621,0.186309868132651,3.6297178274107,0.958866779938485,1,"ENSMUSG00000121608"
"ENSMUSG00000121628.2",17.6477660933626,0.267026630502548,0.143148437813436,1.86538277735564,0.999999847533892,1,"Gm4832"
"ENSMUSG00000121633.1",14.451371758007,1.21301847334688,0.335946853611154,3.61074515301429,0.263013051919733,1,"ENSMUSG00000121633"
"ENSMUSG00000121634.1",29.0407117854761,0.0621178360324735,0.088530340415279,0.701655903965697,1,1,"ENSMUSG00000121634"
"ENSMUSG00000121644.1",69.9786337810522,0.758088707427537,0.156804600768962,4.83460755430585,0.938555047278524,1,"ENSMUSG00000121644"
"ENSMUSG00000121647.2",10.5057856323167,-0.450007956158226,0.158844415017254,-2.83301088117794,0.999732366826902,1,"Gm4925"
"ENSMUSG00000121649.1",93.8583413232152,0.247974184258915,0.107583340221459,2.30494966737845,0.999999999998627,1,"ENSMUSG00000121649"
"ENSMUSG00000121653.2",60.0970581162874,-0.428072433035617,0.154428077308578,-2.77198577160449,0.999893686050697,1,"ENSMUSG00000121653"
"ENSMUSG00000121655.1",169.173429538153,0.131172709463102,0.131122783948567,1.00038075392415,0.999999999982762,1,"ENSMUSG00000121655"
"ENSMUSG00000121658.1",20.1128730568009,-0.217344166614959,0.180138955769237,-1.20653617473715,0.999993027778304,1,"ENSMUSG00000121658"
"ENSMUSG00000121659.2",15.093699096798,-0.324068614630161,0.195485925531877,-1.65775931821402,0.999727594613472,1,"Gm10548"
"ENSMUSG00000121665.1",49.8990267996564,-0.555736867477769,0.743925573300969,-0.747032885308454,0.743061612020951,1,"Gm4750"
"ENSMUSG00000121666.1",38.781936292841,-0.0598108810610926,1.02187526295907,-0.0585305107473655,0.971069097796092,1,"ENSMUSG00000121666"
"ENSMUSG00000121669.1",15.4408343206231,0.221935399287416,0.164780727174715,1.34685289410151,0.999998831270925,1,"ENSMUSG00000121669"
"ENSMUSG00000121675.1",64.0171326991265,0.0657927951310896,0.303071504234131,0.217086707961376,0.999192054143201,1,"ENSMUSG00000121675"
"ENSMUSG00000121681.1",9.27031124973481,-0.165855714832351,0.169172379298661,-0.980394763731169,0.99999959040016,1,"ENSMUSG00000121681"
"ENSMUSG00000121708.1",17.850751271206,-0.252380508862699,0.166337891059584,-1.51727611342802,0.999996514682793,1,"ENSMUSG00000121708"
"ENSMUSG00000121712.1",11.1265015015332,0.307461950341419,0.237589828323029,1.29408717751751,0.998220705119714,1,"Gm15421"
"ENSMUSG00000121714.1",128.316849479761,0.44086016640376,0.100184750263092,4.4004717808452,0.999999988049016,1,"Gm5088"
"ENSMUSG00000121717.1",81.44347882324,-0.538398174358149,0.0931802659414884,-5.77802787873809,0.999999636218846,1,"ENSMUSG00000121717"
"ENSMUSG00000121724.2",144.833447983477,0.579065882788227,0.147203217276258,3.9337855075646,0.997878749039784,1,"Ppp1ccb"
"ENSMUSG00000121725.2",39.1397270436785,0.353881744370954,0.10797151423921,3.27754729443667,0.999999998912418,1,"Gm38503"
"ENSMUSG00000121727.1",22.4300959037824,0.984172382310794,0.242790295316789,4.05359028468028,0.525988832515399,1,"ENSMUSG00000121727"
"ENSMUSG00000121730.2",489.764352606399,-0.291436404187993,0.124950498593152,-2.3324148960536,0.999999992891498,1,"ENSMUSG00000121730"
"ENSMUSG00000121743.2",57.5611160954017,-0.273255663505976,0.0873449047915332,-3.12846712877137,1,1,"Gm50433"
"ENSMUSG00000121749.1",11.9643884584425,0.137070254965419,0.15184764767546,0.902682768312459,0.99999999337721,1,"ENSMUSG00000121749"
"ENSMUSG00000121767.1",17.7435562323142,-0.193642946158164,0.112912086033299,-1.71498865144566,0.999999999999538,1,"ENSMUSG00000121767"
"ENSMUSG00000121769.1",52.9926627272894,0.537440643710096,0.724725370296723,0.741578349175292,0.75528964404979,1,"ENSMUSG00000121769"
"ENSMUSG00000121771.2",23.3345477265985,-0.439380698102828,0.125624841990518,-3.49756219503139,0.99999595232887,1,"ENSMUSG00000121771"
"ENSMUSG00000121773.1",36.1025965195011,-0.313481690718918,0.124655280618863,-2.51478869697784,0.999999981784603,1,"ENSMUSG00000121773"
"ENSMUSG00000121776.1",180.785803964506,0.288448456638779,0.123575668873354,2.33418487044076,0.999999995744762,1,"ENSMUSG00000121776"
"ENSMUSG00000121777.1",2127.8243608409,0.870469164638004,0.157460315901125,5.52818124145389,0.794639438962824,1,"ENSMUSG00000121777"
"ENSMUSG00000121778.2",1224.47738308703,-0.0635150510736433,0.0857976283310861,-0.740289123477212,1,1,"ENSMUSG00000121778"
"ENSMUSG00000121779.1",112.292987427097,0.71558407474871,0.11385453782804,6.28507293955634,0.993756318125278,1,"ENSMUSG00000121779"
"ENSMUSG00000121780.2",87.7296972156847,0.305206168063902,0.130681651372645,2.33549365850597,0.99999994716407,1,"ENSMUSG00000121780"
"ENSMUSG00000121782.1",215.794486216594,0.288487090732135,0.279990808863591,1.03034485990104,0.994478473057057,1,"ENSMUSG00000121782"
"ENSMUSG00000121783.1",195.456791708485,0.693200018575308,0.152845400878464,4.53530177938759,0.977638840661443,1,"ENSMUSG00000121783"
"ENSMUSG00000121784.1",236.377970297136,0.672033733660572,0.111182887875638,6.04439897632689,0.998410054484032,1,"ENSMUSG00000121784"
"ENSMUSG00000121785.1",226.786907914259,0.051506009017539,0.195876416315907,0.262951558877158,0.999999398063414,1,"Ubb-ps"
"ENSMUSG00000121786.2",25.3726855394732,0.596642930849597,0.275596250778039,2.16491671844304,0.928345587801676,1,"Gm40287"
"ENSMUSG00000121787.2",197.050740880694,-0.302876503274194,0.0958204376754991,-3.16087580709975,0.999999999999827,1,"Magef1"
"ENSMUSG00000121788.2",26.0173061779402,-0.500554623677634,0.120470857955049,-4.15498513229153,0.999983066874012,1,"4930431P19Rik"
"ENSMUSG00000121789.2",518.210708801447,-0.3287359309975,0.048198599704791,-6.82044567707271,1,1,"A230045G11Rik"
"ENSMUSG00000121793.1",608.877087178223,0.385038728980263,0.179484802805885,2.14524418201961,0.999694020782812,1,"ENSMUSG00000121793"
"ENSMUSG00000121794.2",11.1968982940225,0.872472236265297,0.209750619796743,4.1595692880944,0.728405293730028,1,"ENSMUSG00000121794"
"ENSMUSG00000121797.1",58.5831102106266,0.680595202659699,0.179415968960272,3.79339256479674,0.962482252584662,1,"Gm15501"
"ENSMUSG00000121798.2",1628.06662777626,-0.468890680114643,0.0801827989827852,-5.84777141809818,0.999999999982488,1,"ENSMUSG00000121798"
"ENSMUSG00000121804.2",75.6784515640434,-0.74345283174501,0.292017906040313,-2.5459152208371,0.81017254787651,1,"ENSMUSG00000121804"
"ENSMUSG00000121808.3",467.403706647277,-0.0555161926423143,0.0879287269689977,-0.631377191004806,1,1,"ENSMUSG00000121808"
"ENSMUSG00000121810.1",66.5041088486194,-0.240460726474122,0.069914579902885,-3.43935023006838,1,1,"Pphln1-ps1"
"ENSMUSG00000121813.2",58.3006342338886,0.603490168882384,0.165832129193819,3.63916312126129,0.991599442474296,1,"ENSMUSG00000121813"
"ENSMUSG00000121815.1",34.0609308380863,-0.626819166753279,0.111297310634082,-5.63193452907507,0.999600308802654,1,"ENSMUSG00000121815"
"ENSMUSG00000121816.2",19.940708824449,-0.547363815500734,0.21020494320647,-2.60395310952843,0.984352796871691,1,"Gm52969"
"ENSMUSG00000121818.2",199.962356104282,0.606293696604539,0.118964003415239,5.09644664939778,0.999532615078812,1,"Rpl37rt"
"ENSMUSG00000121819.2",54.8924153944801,-0.482186900025216,0.1606050086685,-3.00231545717533,0.999368242866099,1,"6330549D23Rik"
"ENSMUSG00000121820.2",132.450466080935,-0.127711320706799,0.119550170030609,-1.06826548782072,0.999999999999852,1,"1700028E11Rik"
"ENSMUSG00000121822.2",16.6439648369796,-0.190295162166629,0.196376432431804,-0.96903258609056,0.999981320710511,1,"Gm48691"
"ENSMUSG00000121823.1",29.7771771449868,0.304290782724998,0.137826272376018,2.20778504329589,0.999999776449782,1,"ENSMUSG00000121823"
"ENSMUSG00000121832.2",197.402451661553,-0.878707048422107,0.155763520474304,-5.64128908839774,0.781921579372653,1,"Gm5124"
"ENSMUSG00000121847.2",9.31025077223797,-0.550056244826827,0.300787635539601,-1.82871960092392,0.932658333661137,1,"ENSMUSG00000121847"
"ENSMUSG00000121849.2",36.4366579807942,-0.0551550932001613,0.171565260109952,-0.32148171001993,0.999999982158133,1,"Gm15760"
"ENSMUSG00000121855.1",30.9230752607513,1.11451723309382,0.183161364270801,6.08489261657836,0.265911395065988,1,"Lrrc70"
"ENSMUSG00000121861.4",21.99641608417,1.10738290244758,0.278535384601311,3.97573509029261,0.349923514871104,1,"ENSMUSG00000121861"
"ENSMUSG00000121865.2",304.009427852722,0.293892534538039,0.0634977739802618,4.62839114059959,1,1,"Thap6"
"ENSMUSG00000121866.2",95.4136357099697,-0.656210341664527,0.10573835265827,-6.20598226818698,0.999425655924107,1,"Zfp133-ps"
"ENSMUSG00000121868.2",49.0795420962831,0.227337753367196,0.221526206517871,1.0262341279647,0.999756604103224,1,"Gm15506"
"ENSMUSG00000121871.2",131.384605477789,-0.55316212300165,0.137950580713885,-4.00985715420025,0.999400495151987,1,"Slc2a4rg-ps"
"ENSMUSG00000121876.1",37.6682826154995,-0.123371446397045,0.0980267807944245,-1.25854838236269,1,1,"Rtl10"
"ENSMUSG00000121879.2",820.298136958168,-0.326968133851772,0.0761665976878755,-4.29280214394847,1,1,"Zfp862-ps"
"ENSMUSG00000121881.2",33.3816216095028,-0.2589584338284,0.144424105973987,-1.79304162613298,0.999999855904382,1,"Dnaaf8"
"ENSMUSG00000121883.2",327.399042882052,0.344396333241138,0.124515128790926,2.7658995062312,0.999999930001821,1,"ENSMUSG00000121883"
"ENSMUSG00000121898.2",34.7255097420181,-1.00510606868336,0.25877302960302,-3.88412219861275,0.492128644508653,1,"Gm9732"
"ENSMUSG00000121913.2",282.226571129097,-0.245861927398069,0.0740345590886705,-3.32090756566271,1,1,"ENSMUSG00000121913"
"ENSMUSG00000121914.1",122.168743365991,0.699601354919308,0.126807706829691,5.51702552163418,0.991080197444651,1,"Sts"
"ENSMUSG00000121920.1",34.0200335054528,0.0347868679768866,0.154191382155844,0.225608380251284,0.999999999816973,1,"ENSMUSG00000121920"
"ENSMUSG00000121926.1",665.825498215053,-0.136519441115957,0.154234494780204,-0.88514207739655,0.999999989188857,1,"ENSMUSG00000121926"
"ENSMUSG00000121927.1",27.0428604783719,0.752886551146166,0.301283644854266,2.4989293776977,0.793949522701679,1,"LINC03051"
"ENSMUSG00000121929.1",42.0526508737829,-0.117629423416495,0.109994092168829,-1.06941583040611,0.999999999999999,1,"ENSMUSG00000121929"
"ENSMUSG00000121976.1",14.7472366608551,-0.811749475497801,0.165302179936899,-4.91070036588551,0.872612263825382,1,"ENSMUSG00000121976"
"ENSMUSG00000121983.1",15.5611386359951,0.837286756009706,0.144440932779384,5.79674154616935,0.870023810544147,1,"ENSMUSG00000121983"
"ENSMUSG00000122142.1",14.3173380369602,-0.695578824861757,0.161971136397457,-4.29446159564439,0.969910367435897,1,"ENSMUSG00000122142"
"ENSMUSG00000122195.1",29.6347829607231,0.612842024479134,0.206690859060756,2.96501754970689,0.969474490547552,1,"ENSMUSG00000122195"
"ENSMUSG00000122203.1",13.1179673252899,-0.0742633255706502,0.212518844300325,-0.349443484953756,0.999993592912654,1,"D730005E14Rik"
"ENSMUSG00000122303.1",9.79161781336983,-0.516059919182487,0.190834656591995,-2.70422536660007,0.994392269856703,1,"ENSMUSG00000122303"
"ENSMUSG00000122330.1",21.5589360511787,-0.349607562006387,0.419012346859064,-0.834361003027863,0.94033211918968,1,"ENSMUSG00000122330"
"ENSMUSG00000122372.1",25.9310230022539,0.590160210514705,0.139805497294894,4.22129474114935,0.998313352165322,1,"ENSMUSG00000122372"
"ENSMUSG00000122396.1",222.803495579613,0.934239367741467,0.231834369026303,4.029770787072,0.611662036828549,1,"ENSMUSG00000122396"
"ENSMUSG00000122408.1",33.7408366047259,0.254163267571186,0.170797989820669,1.48809285072996,0.999993695332527,1,"ENSMUSG00000122408"
"ENSMUSG00000122428.1",264.167880589354,1.15267432986428,0.211074862849314,5.46097396110675,0.234742148671667,1,"ENSMUSG00000122428"
"ENSMUSG00000122440.1",131.221321497559,-0.0940430736079391,0.135525425260756,-0.693914617327316,0.999999999988436,1,"ENSMUSG00000122440"
"ENSMUSG00000122484.1",465.384035909851,-0.111877280915781,0.0500429813459323,-2.2356238159035,1,1,"ENSMUSG00000122484"
"ENSMUSG00000122534.1",12.8748740652779,0.159358354202332,0.221344360172471,0.719956695884008,0.999927114872852,1,"ENSMUSG00000122534"
"ENSMUSG00000122565.1",151.893871866042,-0.15320636203421,0.0751719366397991,-2.03807922055179,1,1,"ENSMUSG00000122565"
"ENSMUSG00000122616.1",340.584928732152,0.304936371259013,0.0689029779145059,4.42559059838277,1,1,"ENSMUSG00000122616"
"ENSMUSG00000122624.1",11.6768745788889,0.312918313309208,0.193835876800403,1.6143467271099,0.999803437814035,1,"ENSMUSG00000122624"
"ENSMUSG00000122683.1",11.8164825700004,-0.435230332752168,0.196530625213016,-2.21456748677428,0.997971516635229,1,"ENSMUSG00000122683"
"ENSMUSG00000122788.1",955.653806474547,0.434939992489924,0.115297947891751,3.77231338842451,0.999999522928913,1,"ENSMUSG00000122788"
"ENSMUSG00000122832.1",28.30439350012,-0.155599206507004,0.102521998375394,-1.51771530961837,1,1,"ENSMUSG00000122832"
"ENSMUSG00000122875.1",13.1899189910059,0.0724305279866053,0.217345917397437,0.333250004664958,0.999990527912201,1,"ENSMUSG00000122875"
"ENSMUSG00000122907.1",9.29953902631561,-0.77469188323352,0.208715768304736,-3.71170750310742,0.859816960593742,1,"ENSMUSG00000122907"
"ENSMUSG00000122922.1",8.27782933515954,-0.782319512767844,0.198953329732434,-3.93217602248708,0.863050664641692,1,"ENSMUSG00000122922"
"ENSMUSG00000122955.1",10.187163115735,-0.188567776682406,0.152834772284515,-1.23380153523814,0.999999944949931,1,"ENSMUSG00000122955"
"ENSMUSG00000123031.1",55.7017836029482,-0.990896670264358,0.806012208757214,-1.22938171345099,0.511260233940166,1,"ENSMUSG00000123031"
"ENSMUSG00000123070.1",46.7086423912736,-0.607661992806419,0.144595192788645,-4.2025048072977,0.996669708775082,1,"ENSMUSG00000123070"
"ENSMUSG00000123077.1",32.5996998866801,-0.647127910699405,0.165770187144759,-3.90376533830116,0.983359729396632,1,"ENSMUSG00000123077"
"ENSMUSG00000123116.1",18.9804606178739,-0.0666996458100587,0.347114687861411,-0.192154489978509,0.997473289247774,1,"ENSMUSG00000123116"
"ENSMUSG00000123144.1",116.227327042005,0.409942810454096,0.0966226643059315,4.24271896659893,0.99999999949182,1,"ENSMUSG00000123144"
"ENSMUSG00000123149.1",156.384582993429,0.148399002079808,0.0950703737828368,1.56093845195966,1,1,"ENSMUSG00000123149"
"ENSMUSG00000123184.1",34.1924008646799,0.281748542118422,0.129008714078138,2.18394969775276,0.999999987076377,1,"ENSMUSG00000123184"
"ENSMUSG00000123278.1",498.14706036868,-0.418842613025588,0.142338793910391,-2.94257525667436,0.999977762981264,1,"ENSMUSG00000123278"
"ENSMUSG00000123314.1",39.6865640481608,0.0766422808902603,0.11349439261804,0.675295749175877,1,1,"ENSMUSG00000123314"
"ENSMUSG00000123325.1",10.6839570442044,-0.119454808415415,0.204195958175528,-0.585000846651094,0.999991941128263,1,"ENSMUSG00000123325"
"ENSMUSG00000123333.1",28.4129561103895,-0.378642976248402,0.154093542102976,-2.45722806472556,0.999972387489747,1,"ENSMUSG00000123333"
"ENSMUSG00000123342.1",298.172668549143,0.235872476136446,0.214198053541292,1.101188700069,0.999819725130729,1,"ENSMUSG00000123342"
"ENSMUSG00000123352.1",24.4028026287363,-0.375915999270902,0.118680571979776,-3.16746029278456,0.999999927389769,1,"ENSMUSG00000123352"
"ENSMUSG00000123383.1",7.34352478011111,-0.271058682534324,0.234140764055481,-1.15767403266052,0.999074866978579,1,"ENSMUSG00000123383"
"ENSMUSG00000123407.1",22.1237405230792,-0.112411525457194,0.135015490123673,-0.832582434461598,0.999999999975505,1,"ENSMUSG00000123407"
"ENSMUSG00000123461.1",17.3612424384107,-0.56885996501419,0.164195024160514,-3.46453839221146,0.995677468234503,1,"ENSMUSG00000123461"
"ENSMUSG00000123490.1",11.1120257331322,0.525979428464658,0.196829580513191,2.67225803709624,0.991986039412464,1,"ENSMUSG00000123490"
"ENSMUSG00000123587.1",29.9310534969291,0.515338676839709,0.122224779789036,4.21631912717865,0.999963352432347,1,"ENSMUSG00000123587"
"ENSMUSG00000123602.1",82.7965883954576,-0.857140975651858,0.139861187975097,-6.12851204870699,0.846475655638435,1,"ENSMUSG00000123602"
"ENSMUSG00000123626.1",18.8105794097658,-0.0748205586383474,0.131811130476375,-0.567634602388586,0.999999999998883,1,"ENSMUSG00000123626"
"ENSMUSG00000123637.1",12.8086483034076,0.701024004012478,0.145884164652088,4.80534680158271,0.979788822539349,1,"ENSMUSG00000123637"
"ENSMUSG00000123638.1",15.5305354694608,0.461285697556876,0.186180999782014,2.47761961798982,0.998095114848746,1,"ENSMUSG00000123638"
"ENSMUSG00000123640.1",22.8588017554432,0.0249905660004278,0.0955981394261313,0.261412681778582,1,1,"ENSMUSG00000123640"
"ENSMUSG00000123670.1",8.09899292479312,0.375799167539404,0.287412541262863,1.30752529408835,0.985065244866976,1,"ENSMUSG00000123670"
"ENSMUSG00000123679.1",16.7349755025427,-1.63831356229521,1.0293865786465,-1.59154354280524,0.272787535591364,1,"Gm5112"
"ENSMUSG00000123730.1",128.642881447934,1.02735300861857,0.250994997321459,4.093121454938,0.456609850157698,1,"ENSMUSG00000123730"
"ENSMUSG00000123750.1",176.480545420501,0.365185359877479,0.144447456511424,2.52815361860385,0.999994455723269,1,"ENSMUSG00000123750"
"ENSMUSG00000123763.1",164.089203747239,-0.597124690072143,0.313213283709436,-1.90644752674695,0.900824888319796,1,"ENSMUSG00000123763"
"ENSMUSG00000124003.1",10.2276848760627,-0.197225905634977,0.196987397919925,-1.00121077651449,0.999977018742059,1,"ENSMUSG00000124003"
"ENSMUSG00000124061.1",16.0196323888698,0.325218216699679,0.183940247234371,1.76806447522763,0.999878003336941,1,"ENSMUSG00000124061"
"ENSMUSG00000124064.1",12.0994474753427,-0.740461757508499,0.14139643192889,-5.2367782369564,0.966786845697355,1,"ENSMUSG00000124064"
"ENSMUSG00000124114.1",9.99864948856762,-0.486717612874523,0.133508006604777,-3.64560617188563,0.999939620779965,1,"ENSMUSG00000124114"
"ENSMUSG00000124214.1",71.9083452036152,0.105062151538482,0.1060978784503,0.990238005444158,1,1,"ENSMUSG00000124214"
"ENSMUSG00000124246.1",240.230092552456,-0.390977061878172,0.109819322505475,-3.5601846101234,0.999999985359393,1,"ENSMUSG00000124246"
"ENSMUSG00000124283.1",872.472486268988,-0.345023147777859,0.0979469285761862,-3.52255198599197,0.999999999988615,1,"ENSMUSG00000124283"
"ENSMUSG00000124311.1",75.2769870516194,0.176563092970666,0.0925180078146327,1.90841866509301,1,1,"ENSMUSG00000124311"
"ENSMUSG00000124387.1",10.9293744229461,0.529904633293331,0.210817478680292,2.51357068024203,0.987121930521233,1,"ENSMUSG00000124387"
"ENSMUSG00000124406.1",298.846109413967,0.228012378325503,0.148553359040654,1.5348853758541,0.99999989857273,1,"ENSMUSG00000124406"
"ENSMUSG00000124409.1",13.080053965185,-0.481645071753965,0.136595671181219,-3.52606394909085,0.999926122392495,1,"ENSMUSG00000124409"
"ENSMUSG00000124449.1",14.7116055555647,-0.0444077633959689,0.191085655735918,-0.232397158357825,0.999999737681724,1,"ENSMUSG00000124449"
"ENSMUSG00000124476.1",19.5604814421425,-0.115855759828641,0.133190956498993,-0.869847044228688,0.99999999998412,1,"ENSMUSG00000124476"
"ENSMUSG00000124529.1",26.7141846361675,0.0674203978137584,0.10355018291025,0.651089123349921,1,1,"AA543186"
"ENSMUSG00000124547.1",17.7632633160329,0.0638909934923832,0.144857329021377,0.441061518419648,0.999999999948536,1,"ENSMUSG00000124547"
"ENSMUSG00000124557.1",16.2053115042543,-0.59360596295368,0.148870061952072,-3.98740992762391,0.996831913462032,1,"ENSMUSG00000124557"
"ENSMUSG00000124599.1",55.7699327142828,-0.586709768137796,0.113891842874072,-5.15146434838632,0.999857626777215,1,"ENSMUSG00000124599"
"ENSMUSG00000124632.1",65.6736927496032,-0.580518682231054,0.119040249956633,-4.87665879769692,0.999787346509099,1,"ENSMUSG00000124632"
"ENSMUSG00000124674.1",9.16601576142854,0.202538259557119,0.163364625570223,1.23979263472836,0.999999473546685,1,"ENSMUSG00000124674"
"ENSMUSG00000124722.1",15.8492342257369,-0.575792364182204,0.11554826086566,-4.98313310705418,0.999879320876323,1,"ENSMUSG00000124722"
"ENSMUSG00000124737.1",17.7821853143393,-0.0054220486106963,0.143791825333721,-0.0377076276632032,0.999999999999043,1,"ENSMUSG00000124737"
"ENSMUSG00000124762.1",8.06315779724786,-1.0091876325317,0.197696202351316,-5.10473959807445,0.48146643148441,1,"ENSMUSG00000124762"
"ENSMUSG00000124773.1",45.7990839989902,0.0734542694639813,0.0983659517260167,0.746744866237627,1,1,"ENSMUSG00000124773"
"ENSMUSG00000124799.1",20.1314578102969,0.290725535608629,0.15187504523152,1.91424163966795,0.999998494870102,1,"ENSMUSG00000124799"
"ENSMUSG00000124921.1",10.9652998184458,-0.0128748746761809,0.257800197081258,-0.0499412910538728,0.999978340904346,1,"ENSMUSG00000124921"
"ENSMUSG00000124938.1",87.1728390003652,-0.118717791505761,0.163850221714756,-0.724550691865619,0.999999962467373,1,"ENSMUSG00000124938"
"ENSMUSG00000124948.1",40.0932039963253,0.41153464241623,0.148326169320532,2.77452484818714,0.99996366551473,1,"ENSMUSG00000124948"
"ENSMUSG00000124977.1",37.2511785415159,0.0351674895460348,0.128624790352016,0.273411443080215,0.999999999999969,1,"Gm34507"
"ENSMUSG00000124997.1",11.3116967944886,0.937653836214426,0.21955921733548,4.27061932354093,0.611779706778244,1,"ENSMUSG00000124997"
"ENSMUSG00000125034.1",16.2318101610546,0.493667706388189,0.394466694205031,1.25148133832459,0.900433114433011,1,"ENSMUSG00000125034"
"ENSMUSG00000125058.1",19.9642300103994,-0.162017923220874,0.116673119941046,-1.38864824479486,0.999999999999657,1,"ENSMUSG00000125058"
"ENSMUSG00000125175.1",13.8106296519934,-0.333922796362236,0.223455212613063,-1.49436118521191,0.998562558788045,1,"ENSMUSG00000125175"
"ENSMUSG00000125176.1",9.48646780229206,-0.295647724609097,0.206998833138853,-1.42825792844339,0.999666367035895,1,"ENSMUSG00000125176"
"ENSMUSG00000125324.1",90.3740926832864,0.770930966477033,0.179883735313053,4.28571802300734,0.898566944154806,1,"ENSMUSG00000125324"
"ENSMUSG00000125397.1",20.3268566545586,-0.172109062790161,0.135813282566027,-1.26724764719893,0.999999999455551,1,"ENSMUSG00000125397"
"ENSMUSG00000125499.1",7.56321357579452,0.797343629418938,0.218469853290895,3.64967347855206,0.823196886454575,1,"ENSMUSG00000125499"
"ENSMUSG00000125650.1",106.965735139815,-0.611311257950999,0.221052456235295,-2.76545788435077,0.960656456959994,1,"Gm16525"
"ENSMUSG00000125724.1",24.6858276885532,0.572927855935227,0.19417185417241,2.95062257286018,0.986077186852461,1,"ENSMUSG00000125724"
"ENSMUSG00000125753.1",13.6559272490084,0.0426682400711128,0.134210930681912,0.317919262271111,0.999999999999513,1,"ENSMUSG00000125753"
"ENSMUSG00000125757.1",9.46756451705899,-0.0849245193090682,0.185891586352336,-0.456849720718955,0.999999575723926,1,"ENSMUSG00000125757"
"ENSMUSG00000125807.1",29.730161072248,0.682022146884588,0.167979594142133,4.06014879585617,0.970818088994747,1,"ENSMUSG00000125807"
"ENSMUSG00000125830.1",13.4156811841981,0.406827245880038,0.230948265501348,1.76155142363545,0.994891874966128,1,"ENSMUSG00000125830"
"ENSMUSG00000125919.1",24.7473262115476,1.06521042415812,0.219701939861608,4.84843431436747,0.383304583874047,1,"ENSMUSG00000125919"
"ENSMUSG00000125975.1",34.8999628261499,-0.575527254926902,0.167879893409704,-3.42820836514561,0.994271321538112,1,"ENSMUSG00000125975"
"ENSMUSG00000125978.1",35.2897110983382,-0.533300756247557,0.110455366162348,-4.82820142448949,0.999988065117139,1,"ENSMUSG00000125978"
"ENSMUSG00000126027.1",15.0815473847783,0.0687661874842476,0.2709287096408,0.253816539322904,0.999746039118833,1,"ENSMUSG00000126027"
"ENSMUSG00000126048.1",13.8213158641902,-0.56670195042542,0.33887544474333,-1.67230160584415,0.899489103080169,1,"ENSMUSG00000126048"
"ENSMUSG00000126069.1",32.649610378352,0.0135645523610248,0.129104786474056,0.105066223580724,0.999999999999991,1,"ENSMUSG00000126069"
"ENSMUSG00000126114.1",9.83626148076255,-0.2928330908434,0.351269167024717,-0.833643024589159,0.978068384765129,1,"ENSMUSG00000126114"
"ENSMUSG00000126148.1",13.6317834855141,-0.628840812323637,0.157547501372038,-3.99143627697826,0.990759953916433,1,"ENSMUSG00000126148"
"ENSMUSG00000126150.1",12.2187613539508,-0.485486886600582,0.212268838176901,-2.28713216113232,0.992322053320276,1,"ENSMUSG00000126150"
"ENSMUSG00000126157.1",17.055591266962,0.580238199424925,0.182056371195854,3.18713481771375,0.98943544335883,1,"ENSMUSG00000126157"
"ENSMUSG00000126176.1",24.0211733149247,0.976170442625755,0.290958504883368,3.35501601170605,0.532636959071292,1,"ENSMUSG00000126176"
"ENSMUSG00000126183.1",8.96542479010122,0.467034637622334,0.203488796947411,2.29513685582914,0.995592393811298,1,"ENSMUSG00000126183"
"ENSMUSG00000126185.1",707.320235750069,-0.174166885518627,0.0783687065285659,-2.22240347242611,1,1,"ENSMUSG00000126185"
"ENSMUSG00000126238.1",41.330029384603,0.566280327390779,0.204120815187279,2.77424096543619,0.983199117332662,1,"ENSMUSG00000126238"
"ENSMUSG00000126243.1",84.5061123039643,-0.456299503876379,0.117297672964378,-3.8900985189617,0.999998217207961,1,"ENSMUSG00000126243"
"ENSMUSG00000126246.1",225.541098920168,0.0424997603856071,0.141427142491571,0.300506392456739,0.999999999993658,1,"ENSMUSG00000126246"
"ENSMUSG00000126267.1",18.3548687307452,0.232868571482779,0.22364954912358,1.04122084035191,0.999698294069409,1,"ENSMUSG00000126267"
"ENSMUSG00000126270.1",9.60428333117537,-0.00287020679059652,0.194733491425444,-0.0147391533402225,0.999999977893208,1,"ENSMUSG00000126270"
"ENSMUSG00000126289.1",54.5748316866765,0.150844545071789,0.090588309817245,1.66516568612558,1,1,"ENSMUSG00000126289"
"ENSMUSG00000126352.1",44.6170054162801,-0.199529362349654,0.0896202182679438,-2.22638781968938,1,1,"ENSMUSG00000126352"
"ENSMUSG00000126356.1",15.8488896330584,-0.846792275337138,0.160455419935286,-5.27743017766966,0.830168283050139,1,"ENSMUSG00000126356"
"ENSMUSG00000126594.1",20.3143302378706,-0.118910874849431,0.15796845321131,-0.752750770372913,0.999999987809623,1,"ENSMUSG00000126594"
"ENSMUSG00000126610.1",18.4607789869684,-0.723020864850533,0.21171059094107,-3.41513790895698,0.904612746292663,1,"ENSMUSG00000126610"
"ENSMUSG00000126686.1",47.9432736008383,-0.0926288962221512,0.114840865856937,-0.806584794802431,0.999999999999999,1,"ENSMUSG00000126686"
"ENSMUSG00000126710.1",52.5592970052079,-0.541426039994576,0.206642090880994,-2.62011499054366,0.986762424524406,1,"ENSMUSG00000126710"
"ENSMUSG00000126763.1",34.9215071721464,-0.881552545407429,0.252577385563427,-3.49022753339908,0.680449136977838,1,"ENSMUSG00000126763"
"ENSMUSG00000126768.1",10.3284398715279,0.126131326263953,0.169208072278384,0.745421448076307,0.999999879448463,1,"ENSMUSG00000126768"
"ENSMUSG00000126800.1",22.0686181350828,-0.567468805061146,0.275841676335389,-2.05722649528556,0.94156428244599,1,"ENSMUSG00000126800"
"ENSMUSG00000126882.1",11.2369617205548,-0.803788016146841,0.186642184883505,-4.30657204665995,0.853433503916905,1,"ENSMUSG00000126882"
"ENSMUSG00000126961.1",11.3292850412393,-0.171863102613626,0.153116223229729,-1.12243561778408,0.999999968231656,1,"ENSMUSG00000126961"
"ENSMUSG00000126979.1",14.8807062240421,-0.259207093230215,0.158147179619551,-1.63902444453186,0.999998594717751,1,"Gm6981"
"ENSMUSG00000127123.1",14.9667985200683,0.859028805412344,0.451184634236708,1.90394073784363,0.622668422146294,1,"ENSMUSG00000127123"
"ENSMUSG00000127193.1",17.1982133827225,0.868250298878544,0.278357816401148,3.11918777817717,0.682004194540313,1,"ENSMUSG00000127193"
"ENSMUSG00000127223.1",8.78779479563442,-0.907397389477152,0.273652519102846,-3.31587442517248,0.632467182861275,1,"ENSMUSG00000127223"
"ENSMUSG00000127235.1",8.63321337814802,-1.0462498892865,0.204949376824898,-5.10491861695382,0.410731013384278,1,"ENSMUSG00000127235"
"ENSMUSG00000127251.1",1825.1804827526,-0.462468431343006,0.187907745327422,-2.46114618924926,0.997885893943785,1,"ENSMUSG00000127251"
"ENSMUSG00000127259.1",238.308148029659,0.04606590740093,0.202724908333932,0.227233583576466,0.99999885760338,1,"ENSMUSG00000127259"
"ENSMUSG00000127295.1",27.5495960754863,0.439793478742288,0.219509945838166,2.00352415496711,0.994645874125467,1,"ENSMUSG00000127295"
"ENSMUSG00000127315.1",16.6604771185776,0.329796959601055,0.289790147990527,1.13805442278816,0.989633168493816,1,"ENSMUSG00000127315"
"ENSMUSG00000127456.2",88.4114149392168,-0.352647953312014,0.310662858600438,-1.1351468112433,0.981416442780644,1,"ENSMUSG00000127456"
"ENSMUSG00000127505.1",12.2925810808908,0.570806468439674,0.14423752559052,3.95740613340909,0.998537931601785,1,"ENSMUSG00000127505"
"ENSMUSG00000127515.1",9.14956329610416,-0.103508618311012,0.142509684436899,-0.726326906974827,0.999999999842027,1,"ENSMUSG00000127515"
"ENSMUSG00000127554.1",21.726441089945,-0.651493491164494,0.161160150916118,-4.04252222066725,0.984709617831532,1,"ENSMUSG00000127554"
"ENSMUSG00000127782.1",8.53146564542569,-0.193741183639037,0.157915985316669,-1.22686239300301,0.999999835143098,1,"ENSMUSG00000127782"
"ENSMUSG00000127844.1",13.0097122920279,-0.300866521336848,0.163569308960778,-1.83938248103128,0.999990410217634,1,"ENSMUSG00000127844"
"ENSMUSG00000127940.1",9.22482044528547,0.798896165925301,0.292271583342046,2.7334034899669,0.754296216065194,1,"ENSMUSG00000127940"
"ENSMUSG00000127953.1",14.8830629738402,0.153384096989172,0.189137191333667,0.810967403648174,0.999996201371735,1,"ENSMUSG00000127953"
"ENSMUSG00000128001.1",9.60741121637384,0.00334177104427632,0.131292067094504,0.0254529547613179,0.999999999999995,1,"ENSMUSG00000128001"
"ENSMUSG00000128023.1",21.2737906687668,0.00663293850659667,0.2653633134544,0.0249956876866345,0.999983529801459,1,"Gm7367"
"ENSMUSG00000128068.1",12.4384208110754,0.0732320673453917,0.183584491390994,0.398901164202501,0.999999779500887,1,"ENSMUSG00000128068"
"ENSMUSG00000128143.1",9.30235817787067,-0.842075119503826,0.167987968653606,-5.01271088788626,0.826415936147948,1,"ENSMUSG00000128143"
"ENSMUSG00000128324.1",13.2612561883096,-0.919617367419659,0.179411447822209,-5.12574519955365,0.67293608076509,1,"ENSMUSG00000128324"
"ENSMUSG00000128345.1",977.581875328522,0.0993529317525228,0.0815877434566989,1.2177433465267,1,1,"ENSMUSG00000128345"
"ENSMUSG00000128400.1",10.7910118946973,0.885072874281878,0.238967779829474,3.70373309286073,0.684717397419846,1,"ENSMUSG00000128400"
"ENSMUSG00000128422.1",14.6977921187401,-0.0599627047451311,0.219206039332307,-0.273544948523203,0.999991664853564,1,"ENSMUSG00000128422"
"ENSMUSG00000128447.1",8.62639016556548,-0.654829927611502,0.146311173486129,-4.47559753646281,0.99084158625897,1,"ENSMUSG00000128447"
"ENSMUSG00000128456.1",10.8899626230514,0.779677548252533,0.220717140612596,3.53247394420096,0.840911664431811,1,"ENSMUSG00000128456"
"ENSMUSG00000128555.1",46.5383984175652,-0.439629618066,0.0980266555761176,-4.48479666558274,0.999999994563304,1,"ENSMUSG00000128555"
"ENSMUSG00000128592.1",26.8827025446157,-1.08851549740535,0.128554544712617,-8.4673435687452,0.245555045532912,1,"ENSMUSG00000128592"
"ENSMUSG00000128598.1",46.999092191642,0.651340243215875,0.398113947443784,1.63606486885981,0.809441628814553,1,"ENSMUSG00000128598"
"ENSMUSG00000128616.1",81.1485370193225,-0.119429304501367,0.134899580365066,-0.885320059396529,0.999999999966584,1,"ENSMUSG00000128616"
"ENSMUSG00000128617.1",90.6025913405595,-1.01286566420899,0.121692731833292,-8.32314016581143,0.457901249750008,1,"ENSMUSG00000128617"
"ENSMUSG00000128623.1",14.8869263338136,-0.558822580861098,0.256737050881602,-2.17663394878991,0.957138327619607,1,"ENSMUSG00000128623"
"ENSMUSG00000128633.1",88.9131593973175,0.699715034674984,0.138857632724753,5.03908226681336,0.984711650399258,1,"ENSMUSG00000128633"
"ENSMUSG00000128647.1",13.0618374094493,-0.103164968457881,0.173062373850283,-0.596114372885752,0.999999890419996,1,"ENSMUSG00000128647"
"ENSMUSG00000128695.1",10.9404348476934,0.111162136588723,0.187668295157874,0.592333065610302,0.999998912881559,1,"ENSMUSG00000128695"
"ENSMUSG00000128797.1",10.2018689393143,-0.297767958214273,0.157184840403036,-1.89438089227161,0.999996044080684,1,"ENSMUSG00000128797"
"ENSMUSG00000128810.1",34.1078278574276,-0.0443313073827933,0.119999557333286,-0.369428924305678,0.999999999999999,1,"ENSMUSG00000128810"
"ENSMUSG00000128823.1",24.4384905075144,0.193382298945285,0.14804176829184,1.3062685023058,0.999999974613497,1,"ENSMUSG00000128823"
"ENSMUSG00000128858.1",134.285695793229,-0.590905682363963,0.0944628054762027,-6.25543227712864,0.999992569713395,1,"Gm36298"
"ENSMUSG00000128869.1",407.486247496308,-0.29365617698598,0.161012474645107,-1.82381009690855,0.999994250823387,1,"ENSMUSG00000128869"
"ENSMUSG00000128875.1",27.2492491674066,0.303084038932732,0.160875908254415,1.8839616336675,0.999992612271381,1,"ENSMUSG00000128875"
"ENSMUSG00000128894.1",11.8113676560378,0.51583256840186,0.175493757518807,2.93932146473405,0.997100069945226,1,"ENSMUSG00000128894"
"ENSMUSG00000128937.1",8.78426387290596,-0.478248640496828,0.153452082630736,-3.11659921649728,0.999663185372916,1,"ENSMUSG00000128937"
"ENSMUSG00000128939.1",7.95422902404963,0.155234102231342,0.275326682262309,0.563817865220372,0.99893694148991,1,"ENSMUSG00000128939"
"ENSMUSG00000128947.1",12.8499360432511,0.318250941206028,0.190329014976833,1.67210943242031,0.999829480614365,1,"ENSMUSG00000128947"
"ENSMUSG00000128990.1",25.9090879179458,-0.263561703644179,0.292140988381225,-0.902172971703129,0.994153730553415,1,"ENSMUSG00000128990"
"ENSMUSG00000129048.1",212.096457226104,0.249501108226981,0.107446495477412,2.32209628725798,0.999999999998574,1,"ENSMUSG00000129048"
"ENSMUSG00000129100.1",31.5243664659628,-0.931845943020872,0.211151870042114,-4.41315505676088,0.626566301236258,1,"ENSMUSG00000129100"
"ENSMUSG00000129121.1",122.585391116697,-0.852329529467191,0.148323580079157,-5.74641961185351,0.840276936613252,1,"ENSMUSG00000129121"
"ENSMUSG00000129133.1",12.9439741639637,-0.348276665682646,0.122643574036444,-2.83974654537672,0.999999946366603,1,"ENSMUSG00000129133"
"ENSMUSG00000129149.1",20.4297673470747,-0.265159195312255,0.200457846965718,-1.32276785032817,0.999876722690409,1,"ENSMUSG00000129149"
"ENSMUSG00000129222.1",157.634541924588,0.528271497248582,0.238308226951373,2.21675728113396,0.976119508995246,1,"ENSMUSG00000129222"
"ENSMUSG00000129238.1",9.43644772243785,0.461682130264179,0.1618761810932,2.85206957037347,0.999558686096346,1,"ENSMUSG00000129238"
"ENSMUSG00000129308.1",23.984433474725,1.01120078088672,0.192253872286245,5.25971606637472,0.476770618767452,1,"ENSMUSG00000129308"
"ENSMUSG00000129312.1",232.721855850997,0.553034151500625,0.228740884262624,2.41773198212206,0.974650983942861,1,"ENSMUSG00000129312"
"ENSMUSG00000129354.1",11.3843472348108,-0.288779676954064,0.240566654557952,-1.20041440275546,0.99844396668278,1,"ENSMUSG00000129354"
"ENSMUSG00000129437.1",14.8176222610987,0.476792419152313,0.241323973092917,1.9757358253369,0.984923369546367,1,"Gm9925"
"ENSMUSG00000129449.1",14.204876797026,0.588897844430078,0.359834753717972,1.63657856375829,0.873376688245386,1,"ENSMUSG00000129449"
"ENSMUSG00000129535.1",15.6690848811909,-0.0961161999623806,0.237364695967219,-0.40493047869113,0.999931889832703,1,"ENSMUSG00000129535"
"ENSMUSG00000129580.1",8.1564243636631,0.500979386727662,0.213243275061528,2.34933264171221,0.990361924786527,1,"ENSMUSG00000129580"
"ENSMUSG00000129638.1",51.5689641230763,0.228632190592506,0.162219762721481,1.4093978856636,0.999999008156535,1,"ENSMUSG00000129638"
"ENSMUSG00000129645.1",14.7409060454115,-1.08634737667652,0.437817593107792,-2.48127849080988,0.421827747239422,1,"ENSMUSG00000129645"
"ENSMUSG00000129688.1",35.0971583148321,0.433219643403316,0.11203700182629,3.86675505718201,0.999999789123199,1,"ENSMUSG00000129688"
"ENSMUSG00000129745.1",15.9763388738995,0.0441726448033093,0.203990014781717,0.216543171736014,0.999998758476056,1,"ENSMUSG00000129745"
"ENSMUSG00000129746.1",66.6485296846095,0.41187332681843,0.201053129530992,2.04857953606208,0.998278992141011,1,"ENSMUSG00000129746"
"ENSMUSG00000129753.1",39.4842135579403,-0.636807017592292,0.165115188664284,-3.85674402666288,0.986083563450805,1,"ENSMUSG00000129753"
"ENSMUSG00000129763.1",436.282084785895,-0.815528006623917,0.132049869566948,-6.17590921746768,0.918791307878079,1,"6720473M11Rik"
"ENSMUSG00000129791.1",37.7298703330664,-0.743556840359466,0.155937636208819,-4.76829621403108,0.949965977549874,1,"ENSMUSG00000129791"
"ENSMUSG00000129840.1",25.6789198473538,-0.0948420387413483,0.134778616447826,-0.703687582206799,0.999999999990654,1,"ENSMUSG00000129840"
"ENSMUSG00000129865.1",13.8033692935756,-0.632442109218923,0.168896877481734,-3.74454589480094,0.98523084252829,1,"ENSMUSG00000129865"
"ENSMUSG00000129931.1",14.7842370291266,-0.335688326896655,0.150681421899102,-2.227801693572,0.99999480074846,1,"ENSMUSG00000129931"
"ENSMUSG00000130020.1",24.6689970404128,-0.0583243614318985,0.170227314765133,-0.34262633768482,0.999999984411579,1,"ENSMUSG00000130020"
"ENSMUSG00000130119.1",300.477462325398,0.0585912238750608,0.217477136511791,0.269413257939802,0.999993067636025,1,"ENSMUSG00000130119"
"ENSMUSG00000130143.1",20.2489665044897,-0.264042881321056,0.210678022865092,-1.25330054711087,0.999761437146436,1,"ENSMUSG00000130143"
"ENSMUSG00000130152.1",13.2527957116003,0.374535139191779,0.318532857517484,1.17581320216305,0.975218583844488,1,"ENSMUSG00000130152"
"ENSMUSG00000130160.1",9.41006566195029,-0.0537242865098825,0.159367282428427,-0.337109886616849,0.99999999857376,1,"ENSMUSG00000130160"
"ENSMUSG00000130204.1",508.496417870309,0.239329597568533,0.110557328069452,2.16475562269546,0.999999999997014,1,"ENSMUSG00000130204"
"ENSMUSG00000130260.1",16.6616000733706,-0.846488241005543,0.203887517642472,-4.15174136599135,0.774252139139437,1,"ENSMUSG00000130260"
"ENSMUSG00000130298.1",23.7667838686958,0.290874302812432,0.199249896688918,1.45984669325357,0.999813848617112,1,"ENSMUSG00000130298"
"ENSMUSG00000130316.1",16.1468551647258,-0.8628480838414,0.246034623545754,-3.50701893662921,0.71138987646842,1,"ENSMUSG00000130316"
"ENSMUSG00000130346.1",48.7214766505223,-0.883930315827365,0.161589203314871,-5.47023128831788,0.763714139023188,1,"ENSMUSG00000130346"
"ENSMUSG00000130357.1",24.0920289665388,-0.427227535766743,0.12009596106413,-3.5573847112028,0.999999075618151,1,"ENSMUSG00000130357"
"ENSMUSG00000130469.1",13.5078097159438,-1.23326927851986,0.234548309013923,-5.25806083917086,0.159978357801822,1,"ENSMUSG00000130469"
"ENSMUSG00000130586.1",9.08835045450726,-0.443391505000254,0.140904466973806,-3.14675265109005,0.999960965920014,1,"ENSMUSG00000130586"
"ENSMUSG00000130597.1",43.9908366978548,-0.127518539765884,0.173307083846467,-0.73579531162646,0.99999976025118,1,"ENSMUSG00000130597"
"ENSMUSG00000130608.1",21.698791336505,-0.631282110247625,0.215629787910597,-2.92762014174666,0.956363183859264,1,"ENSMUSG00000130608"
"ENSMUSG00000130622.1",60.4303777112275,0.799184262296668,0.247906635547484,3.22373082322596,0.791043083564095,1,"ENSMUSG00000130622"
"ENSMUSG00000130626.1",52.32176958453,-0.902432304738179,0.26929277832374,-3.3511195894503,0.641440124257395,1,"ENSMUSG00000130626"
"ENSMUSG00000130670.1",30.9761000627842,-0.514597482513533,0.120624299626756,-4.2661178892299,0.999971401454444,1,"ENSMUSG00000130670"
"ENSMUSG00000130683.1",17.3643846413169,0.0520430366210143,0.216048635530323,0.240885745439989,0.999994831743488,1,"ENSMUSG00000130683"
"ENSMUSG00000130701.1",32.3012022898249,0.297303330841087,0.137088516096909,2.1686961045732,0.999999851909415,1,"ENSMUSG00000130701"
"ENSMUSG00000130714.1",74.1721186553955,0.515988145136368,0.15686121567002,3.28945649778606,0.998984309823281,1,"ENSMUSG00000130714"
"ENSMUSG00000130727.1",18.7276245973781,-0.152360417277723,0.227116905321886,-0.67084577901318,0.999905277385861,1,"ENSMUSG00000130727"
"ENSMUSG00000130839.1",13.0702542904102,0.420477629179174,0.168202681976356,2.49982713853683,0.999714872793026,1,"ENSMUSG00000130839"
"ENSMUSG00000130847.1",23.9809756746525,-1.29564755952447,0.301904461773655,-4.29158135627638,0.163722004373178,1,"ENSMUSG00000130847"
"ENSMUSG00000130855.1",14.3470649791114,0.828899466495438,0.158106815374508,5.24265487564228,0.860414425732881,1,"ENSMUSG00000130855"
"ENSMUSG00000130860.1",34.5615130523324,-0.283261422503542,0.110490041166723,-2.56368283976035,0.999999999956192,1,"ENSMUSG00000130860"
"ENSMUSG00000130887.1",21.9180731704995,-0.0568942636145355,0.117435996347186,-0.484470395655638,1,1,"ENSMUSG00000130887"
"ENSMUSG00000130996.1",16.4736750401009,-0.202081953547264,0.163900652827915,-1.23295392703187,0.999999437196955,1,"ENSMUSG00000130996"
"ENSMUSG00000131047.1",24.9086557217854,-0.385074764624235,0.105454771699238,-3.65156320969986,0.99999999724808,1,"ENSMUSG00000131047"
"ENSMUSG00000131059.1",332.000312701015,-0.0187219242156493,0.278857492532757,-0.0671379637161805,0.999912845523928,1,"ENSMUSG00000131059"
"ENSMUSG00000131092.1",7.05295880913979,-0.024486393462828,0.218532103518604,-0.112049410903801,0.99999735584058,1,"ENSMUSG00000131092"
"ENSMUSG00000131103.1",110.780171482548,0.227556580596211,0.125458178748611,1.8138042721964,0.999999999629273,1,"ENSMUSG00000131103"
"ENSMUSG00000131125.1",13.8708226447185,0.242296244921279,0.206979726645907,1.17062791050927,0.999874268403704,1,"ENSMUSG00000131125"
"ENSMUSG00000131141.1",56.8076291075383,0.503016136995436,0.16099065164327,3.12450525456621,0.998989182872105,1,"ENSMUSG00000131141"
"ENSMUSG00000131150.1",12.845097904853,0.5613637881025,0.164735883221916,3.40765944324521,0.996123754351707,1,"ENSMUSG00000131150"
"ENSMUSG00000131153.1",9.79412435433968,0.120184950337829,0.190923202724995,0.629493684489165,0.999997971507155,1,"ENSMUSG00000131153"
"ENSMUSG00000131197.1",9.33435101491432,0.426190472172338,0.19570163296083,2.17775634124443,0.998316408132288,1,"ENSMUSG00000131197"
"ENSMUSG00000131201.1",8.99601465066016,-0.264595396205818,0.173811757008097,-1.52231011733856,0.999988369367255,1,"ENSMUSG00000131201"
"ENSMUSG00000131217.1",12.0611138943697,-0.0775030519479716,0.177281330567384,-0.437175486555325,0.999999902864065,1,"ENSMUSG00000131217"
"ENSMUSG00000131269.1",12.8060076465574,-0.819210375483698,0.222918784412419,-3.67492751964808,0.791320372377287,1,"ENSMUSG00000131269"
"ENSMUSG00000131289.1",12.8849740858065,0.563043954977446,0.197918923673292,2.84482122541689,0.986369242740846,1,"ENSMUSG00000131289"
"ENSMUSG00000131341.1",32.9896401596322,0.700148118371183,0.188964138282899,3.70519043842588,0.943723175847998,1,"ENSMUSG00000131341"
"ENSMUSG00000131360.1",1032.72347854,-0.778301694958317,0.162706604566984,-4.78346713109548,0.913490158137645,1,"ENSMUSG00000131360"
"ENSMUSG00000131495.1",15.2206476206862,1.13780102042575,0.244476024257534,4.65403928209818,0.286493239289817,1,"ENSMUSG00000131495"
"ENSMUSG00000131579.1",57.5110132809927,-0.223366220218137,0.0939935594168447,-2.37639920866862,1,1,"ENSMUSG00000131579"
"ENSMUSG00000131604.1",8.5424163609399,0.473449047257707,0.161419900859386,2.93302774154305,0.999446845048297,1,"ENSMUSG00000131604"
"ENSMUSG00000131621.1",13.4984603778008,0.355557185832681,0.17410258168783,2.042228107049,0.999892840786504,1,"ENSMUSG00000131621"
"ENSMUSG00000131652.1",14.9482659700515,0.0150688976630594,0.129677156141948,0.116203178041355,0.999999999999987,1,"ENSMUSG00000131652"
"ENSMUSG00000131701.1",52.691158840636,0.601423083251661,0.161451428028867,3.72510228366719,0.993219965919205,1,"ENSMUSG00000131701"
"ENSMUSG00000131735.1",8.67582336459695,-0.165869134802292,0.158439614360737,-1.04689181093713,0.999999929775973,1,"ENSMUSG00000131735"
"ENSMUSG00000131748.1",28.0885203794344,0.15405906302956,0.183003077396231,0.841838646767658,0.999998104888992,1,"ENSMUSG00000131748"
"ENSMUSG00000131858.1",39.8897043256546,-0.913912740776494,0.166346114516174,-5.49404320885196,0.697603012696663,1,"ENSMUSG00000131858"
"ENSMUSG00000131886.1",17.6014904675929,0.502118105390707,0.164870193186277,3.0455359800749,0.998735466097425,1,"ENSMUSG00000131886"
"ENSMUSG00000131895.1",42.0855705744181,-0.915895437138562,0.207206731090988,-4.42020117935442,0.657590809727841,1,"ENSMUSG00000131895"
"ENSMUSG00000131983.1",24.0397217733381,0.473226586895311,0.15271727341315,3.09871029202492,0.999719018041265,1,"ENSMUSG00000131983"
"ENSMUSG00000132024.1",45.3068604877041,-0.226531087945938,0.314122115383057,-0.721156126399105,0.993145096747541,1,"ENSMUSG00000132024"
"ENSMUSG00000132047.1",12.1773948207352,0.465436123125956,0.214244743702436,2.17245060524052,0.99370406860396,1,"ENSMUSG00000132047"
"ENSMUSG00000132103.1",31.4491232387727,0.817265086818906,0.189784774780673,4.30627318636803,0.832189447682231,1,"ENSMUSG00000132103"
"ENSMUSG00000132124.1",10.6240536557302,0.627654542521182,0.266540946570693,2.35481471269823,0.918786307334429,1,"ENSMUSG00000132124"
"ENSMUSG00000132127.1",9.32454047400554,-0.230124867751864,0.219702431443435,-1.04743887557345,0.999770996158993,1,"ENSMUSG00000132127"
"ENSMUSG00000132147.1",51.4823784265682,0.272233909255026,0.11111123829895,2.4501023786862,0.99999999997121,1,"ENSMUSG00000132147"
"ENSMUSG00000132159.1",9.42365116967196,-0.601920102614371,0.146649668264801,-4.10447640104784,0.996681162135163,1,"ENSMUSG00000132159"
"ENSMUSG00000132166.1",34.0785952794839,0.307320475201517,0.262631751086074,1.17015735504424,0.995823790909362,1,"ENSMUSG00000132166"
"ENSMUSG00000132177.1",8.69201483328445,0.821600035634611,0.192973390256599,4.25758201450531,0.822381668376594,1,"ENSMUSG00000132177"
"ENSMUSG00000132209.1",45.680668715994,-0.369436141659172,0.126552005442969,-2.91924367666903,0.999999686397021,1,"ENSMUSG00000132209"
"ENSMUSG00000132256.1",64.5011451379972,0.704325837637657,0.122806104468302,5.73526731987053,0.991972225509903,1,"ENSMUSG00000132256"
"ENSMUSG00000132257.1",8.56438488103094,-1.22931060389349,0.404573181831512,-3.03853705361382,0.285426292324801,1,"ENSMUSG00000132257"
"ENSMUSG00000132364.1",9.73004501558933,0.383601435903932,0.171193122235903,2.24075261256893,0.999841260323864,1,"ENSMUSG00000132364"
"ENSMUSG00000132480.1",35.1371164196309,-0.00955367830854315,0.215230626785735,-0.0443880987163317,0.999999267875973,1,"ENSMUSG00000132480"
"ENSMUSG00000132495.1",25.6166659415433,-0.017585257824963,0.195784252117459,-0.0898195724874383,0.999999839729138,1,"ENSMUSG00000132495"
"ENSMUSG00000132523.1",145.564722486862,-0.044122006224805,0.0648660325286144,-0.680202017987479,1,1,"ENSMUSG00000132523"
"ENSMUSG00000132604.1",312.981807371551,0.547073562191292,0.0917702822703661,5.96133681467328,0.99999960014234,1,"ENSMUSG00000132604"
"ENSMUSG00000132643.1",9.41698774422171,-0.67208797085736,0.174680453173878,-3.8475282073396,0.969755394445727,1,"ENSMUSG00000132643"
"ENSMUSG00000132705.1",559.768584794243,0.120710313854138,0.160905851473646,0.750192194681676,0.999999976806954,1,"ENSMUSG00000132705"
"ENSMUSG00000132887.1",423.773783232572,-0.534234249202142,0.0825943822666199,-6.46816689635864,0.999999991457605,1,"ENSMUSG00000132887"
"ENSMUSG00000132897.1",143.393998051941,-0.0199654297035035,0.0771158155828628,-0.258901880925453,1,1,"ENSMUSG00000132897"
"ENSMUSG00000132909.1",13.1206515821909,-0.032825789093081,0.166752118690862,-0.196853805221725,0.99999999697936,1,"ENSMUSG00000132909"
"ENSMUSG00000133344.1",51.8703865381032,0.975601361224575,0.314471700888047,3.10235025431396,0.530921357862759,1,"ENSMUSG00000133344"
"ENSMUSG00000133370.1",15.9100407072572,-0.478912557913548,0.115594190722339,-4.1430503983017,0.999996726431042,1,"ENSMUSG00000133370"
"ENSMUSG00000133389.1",36.4950628965905,0.472521449281266,0.108474611255671,4.35605570567611,0.999999420998201,1,"ENSMUSG00000133389"
"ENSMUSG00000133437.1",8.7625701515024,-0.0670484186093685,0.568472613773116,-0.117944852548567,0.979873355746547,1,"ENSMUSG00000133437"
"ENSMUSG00000133468.1",14.0717959203868,-0.0225662840809641,0.130029154100579,-0.17354788037388,0.999999999999974,1,"ENSMUSG00000133468"
"ENSMUSG00000133497.1",90.6910011648016,-0.196226824896887,0.14240968109106,-1.3779036888048,0.99999999169718,1,"ENSMUSG00000133497"
"ENSMUSG00000133603.1",18.9018566417479,0.272171165185037,0.133949967406027,2.03188675933034,0.999999972383871,1,"ENSMUSG00000133603"
"ENSMUSG00000133609.1",28.4848746028467,-0.699026463526995,0.12684259456606,-5.51097575635714,0.991173358936795,1,"ENSMUSG00000133609"
"ENSMUSG00000133630.1",13.5143679604766,-1.15417920387371,0.164077300848797,-7.03436244930263,0.17369235545194,1,"ENSMUSG00000133630"
"ENSMUSG00000133649.1",8.36558569170841,-0.721057253358253,0.187323584822124,-3.84926038033569,0.931768916405502,1,"ENSMUSG00000133649"
"ENSMUSG00000133704.1",127.107009239253,0.0562768229386681,0.124816024976088,0.450878186109914,0.99999999999998,1,"ENSMUSG00000133704"
"ENSMUSG00000133709.1",403.134730601107,-0.321199793485943,0.127822853991097,-2.51285105485374,0.999999945330378,1,"Gm45351"
"ENSMUSG00000133744.1",14.0428423998779,0.855970545413648,0.190869995491298,4.48457361362841,0.774753846698514,1,"ENSMUSG00000133744"
"ENSMUSG00000133786.1",22.3821879766104,-0.292942354269914,0.147316501198531,-1.98852370159898,0.999999205014855,1,"ENSMUSG00000133786"
"ENSMUSG00000133849.1",187.357009243075,-0.144227739240068,0.0996062356963429,-1.44797901689365,1,1,"ENSMUSG00000133849"
"ENSMUSG00000133994.1",13.699141115789,0.109854099553039,0.188812582611589,0.581815565644915,0.99999879020303,1,"ENSMUSG00000133994"
"ENSMUSG00000133998.1",48.5757809180026,0.606731348028694,0.164055604500348,3.69832746571853,0.991738800256342,1,"Gm14541"
"ENSMUSG00000134009.1",19.5568270533826,-0.316266792527108,0.466290863664607,-0.678260753473805,0.931099878631745,1,"ENSMUSG00000134009"
"ENSMUSG00000134028.1",15.9467796852884,-0.0141168385580925,0.163733896116395,-0.0862181801870585,0.999999999428499,1,"ENSMUSG00000134028"
"ENSMUSG00000134044.1",28.0345434997222,0.758962112785721,0.241657241555098,3.14065536750189,0.840723793573711,1,"ENSMUSG00000134044"
"ENSMUSG00000134064.1",9.99978307972603,0.159922143526502,0.156012997208833,1.02505654264456,0.999999963710373,1,"ENSMUSG00000134064"
"ENSMUSG00000134133.1",9.28544611875448,-0.733386139630069,0.197789604008194,-3.70791045013511,0.911165502625616,1,"ENSMUSG00000134133"
"ENSMUSG00000134138.1",61.4016039729156,0.24249202719455,0.178227426393906,1.36057638322517,0.99998932255761,1,"ENSMUSG00000134138"
"ENSMUSG00000134155.1",12.9329498898488,0.487143640722935,0.160882865905584,3.0279398491622,0.999283108634005,1,"ENSMUSG00000134155"
"ENSMUSG00000134226.1",407.384192669494,-0.852073636013306,0.131982584395484,-6.45595507858884,0.868813955012188,1,"ENSMUSG00000134226"
"ENSMUSG00000134258.1",1171.6209120409,0.592330544676368,0.0838146344585843,7.06714941254155,0.999999424644501,1,"ENSMUSG00000134258"
"ENSMUSG00000134259.1",41.1996846152219,0.01413736113106,0.115381117454462,0.122527510939038,1,1,"ENSMUSG00000134259"
"ENSMUSG00000134266.1",109.833490790358,0.299307037883641,0.199336538602021,1.50151617953602,0.999780226977594,1,"ENSMUSG00000134266"
"ENSMUSG00000134273.1",20.6715058873797,0.803513503507109,0.290754265956299,2.76354845857319,0.750410464839972,1,"Gm39478"
"ENSMUSG00000134282.1",38.0108118801218,-0.0835609919239628,0.0947663960713451,-0.88175762071878,1,1,"ENSMUSG00000134282"
"ENSMUSG00000134320.1",1174.59282710468,-0.787321996774648,0.096915118202349,-8.12383053726251,0.985899434162019,1,"ENSMUSG00000134320"
"ENSMUSG00000134356.1",723.923423293854,-0.0540720781924289,0.108711186710296,-0.497392033227687,1,1,"ENSMUSG00000134356"
"ENSMUSG00000134361.1",29.0067894566075,-0.171630092604047,0.122157416579695,-1.40499117785514,0.99999999999404,1,"ENSMUSG00000134361"
"ENSMUSG00000134367.1",82.0701113527432,0.489402875576044,1.26244001033799,0.38766426251416,0.77610367300354,1,"ENSMUSG00000134367"
"ENSMUSG00000134407.1",24.0369107142812,-0.857407454284673,0.146168447101962,-5.86588604643639,0.835352711423734,1,"ENSMUSG00000134407"
"ENSMUSG00000134510.1",47.1562841753105,-0.606744437350726,0.0978555461227973,-6.20040929094946,0.999970744352569,1,"ENSMUSG00000134510"
"ENSMUSG00000134538.1",11.9789705314734,-0.109725959016892,0.257650876775445,-0.425870699103126,0.999733481635478,1,"ENSMUSG00000134538"
"ENSMUSG00000134561.1",126.302499799236,-0.209872006454572,0.100549410162887,-2.08725248725562,0.999999999999998,1,"ENSMUSG00000134561"
"ENSMUSG00000134610.1",14.9656051610849,-0.955642508481532,0.315462220031525,-3.02934059230938,0.555911413059604,1,"ENSMUSG00000134610"
"ENSMUSG00000134613.1",37.1868445738328,0.0827688980806029,0.168655862046131,0.490756129531768,0.999999973199237,1,"ENSMUSG00000134613"
"ENSMUSG00000134649.1",13.2042065960694,0.746595123401249,0.220157164237207,3.39119158800952,0.875137601349418,1,"ENSMUSG00000134649"
"ENSMUSG00000134651.1",98.0202820652023,-0.413163966044605,0.0943572531850622,-4.37871972845871,0.999999999750311,1,"ENSMUSG00000134651"
"ENSMUSG00000134664.1",18.4276423237152,-0.133945263058266,0.154365055446664,-0.86771751981488,0.999999989909028,1,"ENSMUSG00000134664"
"ENSMUSG00000134709.1",11.5322450403763,0.319820401599118,0.517659888003305,0.617819554906437,0.910961096502416,1,"ENSMUSG00000134709"
"ENSMUSG00000134718.1",80.3716059965709,0.594023565356911,0.11755390679228,5.05320139131202,0.999723353904468,1,"ENSMUSG00000134718"
"ENSMUSG00000134772.1",16.139974278109,-0.636005984531679,0.136208107487806,-4.66936951303442,0.996233756165001,1,"ENSMUSG00000134772"
"ENSMUSG00000134779.1",13.6033372200891,-0.783649530893964,0.189620194503789,-4.13273244943488,0.873058264934372,1,"ENSMUSG00000134779"
"ENSMUSG00000134796.1",12.2453399867875,0.127659778078934,0.197484161544276,0.646430463489667,0.999995007802594,1,"ENSMUSG00000134796"
"ENSMUSG00000134910.1",27.0281366299036,-0.255239990099775,0.230089820974408,-1.1093058746313,0.999395682516544,1,"ENSMUSG00000134910"
"ENSMUSG00000134942.1",20.4678376202584,-0.578803511808639,0.147984570413188,-3.91124230176538,0.997787911794764,1,"ENSMUSG00000134942"
"ENSMUSG00000134949.1",15.1817015412974,-0.344490486328986,0.114264246169963,-3.01485808444902,0.999999995175494,1,"ENSMUSG00000134949"
"ENSMUSG00000134971.1",8.52162292275779,0.235787693132334,0.240585303881116,0.980058587655241,0.999254747122158,1,"ENSMUSG00000134971"
"ENSMUSG00000135048.1",109.284039457072,0.273491412375768,0.117121864856847,2.3351012444179,0.999999999723041,1,"ENSMUSG00000135048"
"ENSMUSG00000135102.1",34.1786514771157,0.0855706960556083,0.147207157181717,0.581294399632873,0.999999999738266,1,"ENSMUSG00000135102"
"ENSMUSG00000135122.1",66.9937524725853,0.37574057376443,0.233821082603708,1.60695763436035,0.996205368526647,1,"ENSMUSG00000135122"
"ENSMUSG00000135126.1",29.6740251983107,-0.682085156177124,0.134908635649934,-5.05590433771063,0.99077645288511,1,"ENSMUSG00000135126"
"ENSMUSG00000135262.1",19.4403044182196,-0.0958575846415674,0.134847076885317,-0.71086142062309,0.999999999989926,1,"ENSMUSG00000135262"
"ENSMUSG00000135265.1",120.317915198178,-0.560812758386711,0.164385388723971,-3.41157302811386,0.996226513578578,1,"ENSMUSG00000135265"
"ENSMUSG00000135315.1",37.3330805914056,-0.251028127268386,0.162144148525394,-1.54817876285601,0.999998073637318,1,"ENSMUSG00000135315"
"ENSMUSG00000135326.1",11.6669634277661,-0.264598906552692,0.190721071671492,-1.38736063211961,0.999942347352479,1,"ENSMUSG00000135326"
"ENSMUSG00000135398.1",10.7623504504044,0.563339297429062,0.250047314380251,2.25293080561698,0.959621651003246,1,"ENSMUSG00000135398"
"ENSMUSG00000135400.1",8.16840827151304,0.413506461358236,0.172106706099532,2.40261678774503,0.999672474078307,1,"ENSMUSG00000135400"
"ENSMUSG00000135421.1",15.1234231813089,0.257246775405194,0.220185465283646,1.16831860392694,0.999628650510353,1,"ENSMUSG00000135421"
"ENSMUSG00000135450.1",25.4507446167374,0.381258692067064,0.130110457948538,2.93026938862871,0.999999010259303,1,"ENSMUSG00000135450"
"ENSMUSG00000135460.1",39.4497232370336,-0.291879048306219,0.119189912093364,-2.44885698109739,0.999999998584549,1,"ENSMUSG00000135460"
"ENSMUSG00000135492.1",47.7707032983907,0.217638522665166,0.139247172009987,1.56296547731365,0.999999990369377,1,"ENSMUSG00000135492"
"ENSMUSG00000135556.1",62.4004695569457,-0.0743419579773978,0.0763482218045726,-0.973722193133585,1,1,"ENSMUSG00000135556"
"ENSMUSG00000135622.1",10.5038191706367,-0.0064711849313451,0.192733239151736,-0.0335758635086832,0.999999961601119,1,"ENSMUSG00000135622"
"ENSMUSG00000135723.1",23.3848519437344,0.538899719221051,0.177258047659062,3.04019888709127,0.995356357650502,1,"ENSMUSG00000135723"
"ENSMUSG00000135805.1",66.2610137322476,-0.673258222419125,0.114468113573718,-5.88162241343779,0.997844326618521,1,"ENSMUSG00000135805"
"ENSMUSG00000135826.1",18.6979801804571,0.635888881689386,0.230994071848023,2.75283636762658,0.942519247299723,1,"ENSMUSG00000135826"
"ENSMUSG00000135902.1",35.9774296248534,-1.08337300881016,0.10598168902452,-10.2222659289711,0.2157364480362,1,"ENSMUSG00000135902"
"ENSMUSG00000135923.1",33.1416413851786,0.349871775307563,0.176146131368418,1.98625863985506,0.999888245234434,1,"ENSMUSG00000135923"
"ENSMUSG00000135935.1",77.3103150513774,0.483307659942726,0.335294674743797,1.44144150309583,0.93834763209306,1,"ENSMUSG00000135935"
"ENSMUSG00000136089.1",91.7679616394378,0.0446152123794247,0.0781826735884461,0.570653449564534,1,1,"ENSMUSG00000136089"
"ENSMUSG00000136119.1",12.9563015755176,0.396150325422162,0.167190636818527,2.3694528172182,0.999847927266776,1,"ENSMUSG00000136119"
"ENSMUSG00000136293.1",28.3008115483659,-0.739328511898093,0.180037736668174,-4.10651969737181,0.926173488867789,1,"ENSMUSG00000136293"
"ENSMUSG00000136315.1",37.1858809654766,0.11656720415412,0.165671103951987,0.703606129092388,0.999999951559578,1,"ENSMUSG00000136315"
"ENSMUSG00000136328.1",10.0753632680271,0.193741156428842,0.188820511565181,1.0260599064311,0.999990225380343,1,"ENSMUSG00000136328"
"ENSMUSG00000136429.1",25.9652116180721,-0.556871878638067,0.106231174690845,-5.2420758808201,0.999984860426992,1,"ENSMUSG00000136429"
"ENSMUSG00000136448.1",19.5844212098851,-0.465226807453868,0.19262829157123,-2.41515305804307,0.997250017176978,1,"ENSMUSG00000136448"
"ENSMUSG00000136485.1",18.6992966794948,-0.202289072625235,0.150531980910669,-1.34382787897597,0.999999941869488,1,"ENSMUSG00000136485"
"ENSMUSG00000136515.1",8.62104825612479,-0.731279145986327,0.169295053052163,-4.31955413228173,0.943776850965545,1,"ENSMUSG00000136515"
"ENSMUSG00000136517.1",17.5623874457497,0.663525958957694,0.276055476574144,2.40359643355773,0.888552064697723,1,"ENSMUSG00000136517"
"ENSMUSG00000136525.1",29306.9826111985,0.106207362708761,0.108268817288776,0.980959849459552,1,1,"ENSMUSG00000136525"
"ENSMUSG00000136562.1",21.6228413023185,0.812177310163021,0.168539205966497,4.81892213450008,0.867449494236344,1,"ENSMUSG00000136562"
"ENSMUSG00000136573.1",13.114852486965,0.0206659065948254,0.190187461711283,0.108660720369661,0.999999909386879,1,"ENSMUSG00000136573"
"ENSMUSG00000136652.1",16.6559157748336,0.515463097122153,0.139341828715667,3.69927036176608,0.999746778764885,1,"ENSMUSG00000136652"
"ENSMUSG00000136711.1",13.1151956419596,0.65098934141066,0.206769993854967,3.14837433262816,0.954286451494727,1,"ENSMUSG00000136711"
"ENSMUSG00000136721.1",60.2795432677297,0.659003235225381,0.339720072810823,1.93984191093811,0.842252901661761,1,"ENSMUSG00000136721"
"ENSMUSG00000136781.1",16.744022098992,0.700245922846077,0.223688863454018,3.13044606706592,0.909885321081027,1,"ENSMUSG00000136781"
"ENSMUSG00000136785.1",20.7364625421741,-0.532140877331209,0.114194771502575,-4.65994082153937,0.999979075542537,1,"ENSMUSG00000136785"
"ENSMUSG00000136796.1",52.2168883966938,0.00846601892226166,0.109229883265395,0.0775064356856618,1,1,"ENSMUSG00000136796"
"ENSMUSG00000136892.1",7.88708392108427,-0.620745219984936,0.162968157038293,-3.80899699221043,0.990021918877445,1,"ENSMUSG00000136892"
"ENSMUSG00000136916.1",44.5861070449372,0.540208051966708,0.136578869229515,3.95528279750884,0.999619348851187,1,"ENSMUSG00000136916"
"ENSMUSG00000136924.1",43.6816498694047,-0.692751514186868,0.166373136761343,-4.16384235864108,0.967607827964938,1,"ENSMUSG00000136924"
"ENSMUSG00000136983.1",16.6375760887542,-0.340377595854613,0.166293853480356,-2.04684411799274,0.999963548510298,1,"ENSMUSG00000136983"
"ENSMUSG00000137029.1",15.7498744401589,0.25847550000546,0.238018692575426,1.08594622215879,0.999081597893928,1,"ENSMUSG00000137029"
"ENSMUSG00000137056.1",9.8442379013183,0.153615782577191,0.143100053768619,1.07348514924792,0.999999998336913,1,"ENSMUSG00000137056"
"ENSMUSG00000137091.1",117.288378868226,0.048617810534115,0.357291378532798,0.136073282075157,0.997793124372146,1,"ENSMUSG00000137091"
"ENSMUSG00000137182.1",11.3469168353416,0.662507666947313,0.180773667258387,3.66484608624089,0.969044530735116,1,"ENSMUSG00000137182"
"ENSMUSG00000137256.1",33.7555597796839,0.188700187228674,0.121879894263406,1.54824705394687,0.999999999985984,1,"ENSMUSG00000137256"
"ENSMUSG00000137273.1",21.1324116654805,-0.102425922870043,0.178960619193677,-0.572337776498158,0.999999735862378,1,"ENSMUSG00000137273"
"ENSMUSG00000137314.1",12.5400993433212,-0.271379496516283,0.151572774391973,-1.79042375918042,0.999999234197182,1,"ENSMUSG00000137314"
"ENSMUSG00000137391.1",9.05197008253574,-0.643132353642047,0.153955277181533,-4.17739726377624,0.989775218361692,1,"ENSMUSG00000137391"
"ENSMUSG00000137443.1",35.3842880241629,-0.148962072694155,0.393132653301874,-0.378910455397282,0.986532689362304,1,"ENSMUSG00000137443"
"ENSMUSG00000137458.1",11.1105522146785,-0.18610256193637,0.21136358046753,-0.880485472117364,0.99994111932539,1,"ENSMUSG00000137458"
"ENSMUSG00000137576.1",11.2052894572213,0.941489471526005,0.168496269945738,5.58759830012378,0.635798687763683,1,"ENSMUSG00000137576"
"ENSMUSG00000137581.1",38.8535787496334,-0.53348031736834,0.14738775758717,-3.61957007896549,0.999225261762865,1,"ENSMUSG00000137581"
"ENSMUSG00000137642.1",16.2090499480846,0.00673793934793972,0.163317050519051,0.0412568028048836,0.999999999759748,1,"ENSMUSG00000137642"
"ENSMUSG00000137653.1",12.8523222793529,-0.186177683425115,0.351764490972428,-0.529267985266052,0.990026616577082,1,"ENSMUSG00000137653"
"ENSMUSG00000137750.1",64.1805845910795,-0.41944886855518,0.0996902049769543,-4.20752338358764,0.999999997119513,1,"ENSMUSG00000137750"
"ENSMUSG00000137776.1",24.7701680785027,0.240718156672478,0.146068762034673,1.64797834471506,0.999999899338806,1,"ENSMUSG00000137776"
"ENSMUSG00000137863.1",141.209377534274,0.574547113541121,0.348888271324505,1.6467940047395,0.888667063371257,1,"ENSMUSG00000137863"
"ENSMUSG00000137874.1",38.5993609311083,-0.798204513024643,0.110865597868036,-7.19974932146895,0.965634299312557,1,"ENSMUSG00000137874"
"ENSMUSG00000137951.1",90.5609164104836,-0.415107196793347,0.107128592626062,-3.87484971675397,0.999999976156553,1,"ENSMUSG00000137951"
"ENSMUSG00000137972.1",12.9396416408178,1.12013608204269,0.166960160317047,6.70900219498844,0.235901240154985,1,"ENSMUSG00000137972"
"ENSMUSG00000138082.1",177.205054040337,-0.010081475788117,0.133380066754202,-0.0755845759673781,0.99999999999996,1,"ENSMUSG00000138082"
"ENSMUSG00000138098.1",21298.5906551097,0.455414304217791,0.126813126789819,3.59122368280215,0.999991241493906,1,"ENSMUSG00000138098"
"ENSMUSG00000138110.1",18.9933084943718,0.492791095286504,0.126469938598135,3.89650774523085,0.999969706083501,1,"ENSMUSG00000138110"
"ENSMUSG00000138124.1",15.8998115161504,0.303034392175831,0.210021342579352,1.44287427389117,0.999547564126237,1,"ENSMUSG00000138124"
"ENSMUSG00000138136.1",59.6945434115886,0.324624265341761,0.198531867134061,1.63512422478027,0.99966534382862,1,"ENSMUSG00000138136"
"ENSMUSG00000138223.1",18.3552105336504,0.0244942873330406,0.154383558694804,0.158658652126698,0.999999999884238,1,"ENSMUSG00000138223"
"ENSMUSG00000138224.1",29.560743586883,0.925819078207169,0.155990711417782,5.93509106915729,0.682801445060533,1,"ENSMUSG00000138224"
"ENSMUSG00000138237.1",10.233906666789,-0.577711032024999,0.227305839700265,-2.54155824939119,0.968401345359057,1,"ENSMUSG00000138237"
"ENSMUSG00000138269.1",760.144527675216,-0.1986148032618,0.178801488925486,-1.11081179723605,0.999996302374783,1,"ENSMUSG00000138269"
"ENSMUSG00000138297.1",9.50843325226543,-0.288606977562994,0.150470018897434,-1.91803642797254,0.999998865204307,1,"ENSMUSG00000138297"
"ENSMUSG00000138326.1",16.8077796294401,0.365644353335271,0.14633746771727,2.49863797043222,0.999992708081634,1,"ENSMUSG00000138326"
"ENSMUSG00000138379.1",24.1721589736087,-0.193288796249878,0.145095965132447,-1.33214452981817,0.999999986499351,1,"ENSMUSG00000138379"
"ENSMUSG00000138384.1",9.38219358785233,0.780774146628785,0.272020858757829,2.87027307462433,0.78985424196062,1,"ENSMUSG00000138384"
"ENSMUSG00000138387.1",282.125741856986,-0.335877797667432,0.296344647731011,-1.13340261158455,0.98749175009744,1,"ENSMUSG00000138387"
"ENSMUSG00000138427.1",45.0094000171839,0.551740698789008,0.166412511555027,3.3155001005232,0.996466425845123,1,"ENSMUSG00000138427"
"ENSMUSG00000138567.1",463.501881574404,-0.760649855615629,0.111977140598377,-6.79290301173,0.98372096665285,1,"Gm42151"
"ENSMUSG00000138589.1",34.0393958444661,-0.70530107689681,0.154771789465921,-4.55703897545301,0.971550560471783,1,"ENSMUSG00000138589"
"ENSMUSG00000138642.1",10.8212869556678,-0.171413599191968,0.151920179377549,-1.12831356502005,0.999999975387936,1,"ENSMUSG00000138642"
"ENSMUSG00000138695.1",13.164202740805,-0.46611558168746,0.313284071701983,-1.48783683496957,0.95582530945625,1,"ENSMUSG00000138695"
"ENSMUSG00000138717.1",456.210231617166,0.105392008355458,0.20633046113369,0.510792288139995,0.999992780730246,1,"ENSMUSG00000138717"
"ENSMUSG00000138751.1",8.99700995513529,0.26494038770246,0.162352278593948,1.63188585954553,0.999997016560806,1,"ENSMUSG00000138751"
"ENSMUSG00000138818.1",11.3139635916639,-0.728690463330573,0.144949171998762,-5.02721370037765,0.96937984185698,1,"ENSMUSG00000138818"
"ENSMUSG00000138842.1",10.4527055288793,-1.00262796563888,0.17542165219243,-5.71553142447344,0.494023728667027,1,"ENSMUSG00000138842"
"ENSMUSG00000138851.1",10.5017281220191,-0.919402375363053,0.274898427478505,-3.34451667765522,0.615311751412896,1,"ENSMUSG00000138851"
"ENSMUSG00000138915.1",14.7907666667988,-0.658068342942071,0.136795912899953,-4.81058482663406,0.993782882864407,1,"ENSMUSG00000138915"
"ENSMUSG00000139057.1",60.1145769083524,0.525198027490671,0.12513864874307,4.19692902844897,0.999925942049347,1,"ENSMUSG00000139057"
"ENSMUSG00000139113.1",41.6725544793477,-1.00712709435396,0.168432694836123,-5.9794037929147,0.483124113634719,1,"ENSMUSG00000139113"
"ENSMUSG00000139174.1",25.5797429127622,0.276918224591411,0.194618469595853,1.42287741326125,0.999898551180898,1,"ENSMUSG00000139174"
"ENSMUSG00000139182.1",32.8337940090514,0.536692560010196,0.132398693341055,4.05360918953855,0.999766790297137,1,"ENSMUSG00000139182"
"ENSMUSG00000139232.1",15.3997362206953,-0.646298442075323,0.150145779693164,-4.30447291556307,0.990756600237244,1,"Gm30375"
"ENSMUSG00000139259.1",17.242426389081,0.541128323097629,0.152827697705191,3.54077389912318,0.998661327624007,1,"ENSMUSG00000139259"
"ENSMUSG00000139273.1",27.1355408007237,-0.342692767711487,0.184364000700093,-1.85878352829276,0.999818258316144,1,"ENSMUSG00000139273"
"ENSMUSG00000139314.1",30.4581667729421,0.102931515011171,0.374313663503428,0.274987330272083,0.993332044896818,1,"ENSMUSG00000139314"
"ENSMUSG00000139462.1",20.3061170631563,0.257125804809525,0.179222355197995,1.43467484581076,0.999983008294929,1,"ENSMUSG00000139462"
"ENSMUSG00000139503.1",10.4087785609897,-0.154482441333684,0.327471774371355,-0.471742768152288,0.995299276957926,1,"Gm39429"
"ENSMUSG00000139539.1",102.102118727579,-0.0298213182737314,0.194712997219068,-0.153155252600729,0.999999747857018,1,"ENSMUSG00000139539"
"ENSMUSG00000139678.1",3349.8988934748,0.189798973128974,0.0702533026397174,2.70163773085982,1,1,"ENSMUSG00000139678"
"ENSMUSG00000139692.1",8.93166403217242,-0.292984477183246,0.158092984885337,-1.85324147934675,0.999996128143921,1,"ENSMUSG00000139692"
"ENSMUSG00000139703.1",175.238579961302,-0.459173849022038,0.12150112517162,-3.77917363623963,0.999995730467814,1,"ENSMUSG00000139703"
"ENSMUSG00000139722.1",36.099440748127,-0.323162855166939,0.472608716862158,-0.683785219435961,0.926504198993081,1,"ENSMUSG00000139722"
"ENSMUSG00000139725.1",16.2346232850911,0.407198408343705,0.18543184837092,2.19594644566765,0.999305363402682,1,"ENSMUSG00000139725"
"ENSMUSG00000139771.1",120.48086540735,0.818778697807291,0.142703801681394,5.73760956723022,0.897942050843974,1,"ENSMUSG00000139771"
"ENSMUSG00000139788.1",57.4816046221515,-0.107986618592341,0.086740225936869,-1.24494278664821,1,1,"ENSMUSG00000139788"
"ENSMUSG00000139789.1",10.0101455333354,-0.816920723825451,0.222167212447592,-3.6770534896915,0.795047475177665,1,"ENSMUSG00000139789"
"ENSMUSG00000139855.1",7.87227961201916,-0.0526620540076794,0.158985141716491,-0.33123884055523,0.999999998746227,1,"Gm52907"
"ENSMUSG00000139891.1",13786.2703487719,-0.205886698986466,0.181981212416433,-1.13136238764763,0.999993606274068,1,"ENSMUSG00000139891"
"ENSMUSG00000139920.1",417.079955599378,0.710520314459049,0.240461907780899,2.9548144278488,0.88567591273757,1,"ENSMUSG00000139920"
"ENSMUSG00000139956.1",413.741790560819,-0.0131251551521896,0.108438955670492,-0.121037269964793,1,1,"ENSMUSG00000139956"
"ENSMUSG00000139965.1",13.660665968348,1.06903415044527,0.241014360195935,4.43556205354811,0.387273753030649,1,"ENSMUSG00000139965"
"ENSMUSG00000139989.1",57.5514297227223,-0.0905805292863407,0.0923656732031263,-0.98067308064913,1,1,"ENSMUSG00000139989"
"ENSMUSG00000140077.1",275.802405634724,-0.0890795204741864,0.0789125217227844,-1.12883885256028,1,1,"ENSMUSG00000140077"
"ENSMUSG00000140081.1",9.79842556914143,0.692045711166071,0.188675410407005,3.66791681901319,0.94868036191015,1,"ENSMUSG00000140081"
"ENSMUSG00000140089.1",9.59979086974298,-0.431888852651931,0.215999424659797,-1.9994907548118,0.995732655096866,1,"ENSMUSG00000140089"
"ENSMUSG00000140094.1",15.7875683942146,0.388982201477206,0.138947604268758,2.79948836487185,0.999994523976867,1,"ENSMUSG00000140094"
"ENSMUSG00000140105.1",48.3579811009105,0.347522639506707,0.190054552104789,1.82854151956906,0.999701645256507,1,"ENSMUSG00000140105"
"ENSMUSG00000140143.1",317.084296483685,-0.407684222726625,0.153247642412345,-2.66029686531597,0.999944475650923,1,"ENSMUSG00000140143"
"ENSMUSG00000140166.1",40.4332043017326,-0.679562116732319,0.240430644851544,-2.82643719211384,0.908695761175256,1,"ENSMUSG00000140166"
"ENSMUSG00000140231.1",17.2715884740953,-0.323570984509751,0.144362128725455,-2.24138413146506,0.999998604570153,1,"ENSMUSG00000140231"
"ENSMUSG00000140275.1",11.7267778365715,-0.391347829529361,0.259614238702963,-1.50742051547149,0.990472416682565,1,"ENSMUSG00000140275"
"ENSMUSG00000140290.1",28.1640121578491,-0.873490829696171,0.149003217498962,-5.86222797304533,0.802069508830137,1,"ENSMUSG00000140290"
"ENSMUSG00000140331.1",86.5993814554532,-0.296335028178927,0.188948543253712,-1.56833719422235,0.999901996889739,1,"Gm19439"
"ENSMUSG00000140336.1",8.75793621906792,-0.645075863815082,0.158248148340617,-4.07635647291497,0.987546200458193,1,"ENSMUSG00000140336"
"ENSMUSG00000140378.1",9.72129831339211,-0.563441112820957,0.189834173439004,-2.96806998768321,0.989266976575717,1,"ENSMUSG00000140378"
"ENSMUSG00000140383.1",58.6420902052303,0.552114423202481,0.134733970896024,4.09781155807065,0.999556671450024,1,"ENSMUSG00000140383"
"ENSMUSG00000140389.1",10.7955817449162,0.621351773547241,0.181986407609858,3.41427572370841,0.981266572000861,1,"ENSMUSG00000140389"
"ENSMUSG00000140435.1",61.6588080257103,-0.57040233769804,0.145190525146898,-3.92864711468553,0.998456076531028,1,"ENSMUSG00000140435"
"ENSMUSG00000140457.1",20076.6363297266,0.118174604016848,0.102699992804591,1.15067782177649,1,1,"ENSMUSG00000140457"
"ENSMUSG00000140475.1",113.178054424222,0.123272101095885,0.181652639801513,0.678614421626802,0.999999305189764,1,"ENSMUSG00000140475"
"ENSMUSG00000140518.1",27.6688224332934,-0.731741735778776,0.121622059744358,-6.01652148727665,0.986296482135131,1,"ENSMUSG00000140518"
"ENSMUSG00000140554.1",9.7729574877716,-0.0885510351977918,0.198353116445194,-0.44643127763641,0.999997857442977,1,"ENSMUSG00000140554"
"ENSMUSG00000140570.1",12.6508329461595,0.071196105313303,0.167308636328029,0.425537538741959,0.999999985910139,1,"ENSMUSG00000140570"
"ENSMUSG00000140707.1",136.504509794558,0.756353190988801,0.126530561695202,5.97763244591275,0.972922613075124,1,"ENSMUSG00000140707"
"ENSMUSG00000140760.1",33.9535039636943,-0.578338722866674,0.13026691956126,-4.43964380837837,0.999395825898828,1,"ENSMUSG00000140760"
"ENSMUSG00000140766.1",596.33667747905,-0.346738512422227,0.096825848445016,-3.58105317940103,0.999999999992441,1,"Gm7931"
"ENSMUSG00000140841.1",10.0191408032829,-0.0151386952022745,0.195256777417076,-0.0775322393544258,0.999999872150926,1,"ENSMUSG00000140841"
"ENSMUSG00000140848.1",11.312412704739,-0.692820855558271,0.209836451548742,-3.30171831654969,0.928389078758449,1,"ENSMUSG00000140848"
"ENSMUSG00000140857.1",88.6110820008809,0.830008789783661,0.207746734595705,3.99529162948789,0.793396133896259,1,"ENSMUSG00000140857"
"ENSMUSG00000140944.1",113.420293550438,0.749003476623328,0.138063929003762,5.42504825140041,0.965465885794021,1,"ENSMUSG00000140944"
"ENSMUSG00000140977.1",11.5134799112672,-0.568720072255145,0.147450275750176,-3.85702956038361,0.998277263576355,1,"ENSMUSG00000140977"
"ENSMUSG00000141004.1",14.4772983110689,-1.14298491058738,0.188260724174586,-6.07128712374129,0.223775342665218,1,"ENSMUSG00000141004"
"ENSMUSG00000141034.1",11.9107278686959,0.281743732798999,0.154078775245993,1.82856939477344,0.999998431328295,1,"ENSMUSG00000141034"
"ENSMUSG00000141061.1",21.4660576660251,0.88049339345133,0.185173601826272,4.75496174815133,0.7406582379327,1,"ENSMUSG00000141061"
"ENSMUSG00000141070.1",18.4637613687453,0.735216637404947,0.174809648139876,4.20581269528473,0.935075214755541,1,"ENSMUSG00000141070"
"ENSMUSG00000141095.1",16.6574455088022,-0.140657786864775,0.12942394422784,-1.08679879680656,0.999999999984289,1,"ENSMUSG00000141095"
"ENSMUSG00000141108.1",28.4054097398301,0.268869672353739,0.114737504021116,2.34334601094563,0.999999999906832,1,"ENSMUSG00000141108"
"ENSMUSG00000141158.1",6675.36894775421,-0.298166566152793,0.207721280496428,-1.43541656127004,0.999635888370645,1,"ENSMUSG00000141158"
"ENSMUSG00000141229.1",31.4639615021448,0.694870696529354,0.137871858683793,5.03997482273036,0.986555896992331,1,"ENSMUSG00000141229"
"ENSMUSG00000141269.1",12.4525676820194,0.77374857631925,0.292418367602228,2.64603274638263,0.780453306757248,1,"ENSMUSG00000141269"
"ENSMUSG00000141361.1",10.3917559215556,-0.767907064852891,0.152932667534604,-5.02121016544185,0.935444278935516,1,"ENSMUSG00000141361"
"ENSMUSG00000141370.1",96.8961753317725,-0.242103015457693,0.185224924399081,-1.30707579578256,0.999978594952448,1,"ENSMUSG00000141370"
"ENSMUSG00000141422.1",41042.2296563219,0.106093145392279,0.117708130911568,0.901323847134955,0.999999999999985,1,"ENSMUSG00000141422"
"ENSMUSG00000141434.1",10.1273152205741,0.0296639806622771,0.164265554864118,0.180585520115982,0.999999998441797,1,"ENSMUSG00000141434"
"ENSMUSG00000141440.1",49.4205417094143,-0.0574465999536784,0.130612303510291,-0.439825333523441,0.999999999999733,1,"ENSMUSG00000141440"
"ENSMUSG00000141504.1",50.6538973731654,-0.120214056541944,0.107173328689629,-1.12167885435452,1,1,"ENSMUSG00000141504"
"ENSMUSG00000141506.1",13.8175105800554,-1.01177970008709,0.206714092170822,-4.89458502544174,0.477278384046398,1,"ENSMUSG00000141506"
"ENSMUSG00000141641.1",16.855344889387,0.372691934231719,0.117685342390872,3.16685091499234,0.999999950997341,1,"ENSMUSG00000141641"
"ENSMUSG00000141662.1",12.0896819221072,-0.358301601888709,0.143381918134128,-2.4989315706708,0.999996187447072,1,"ENSMUSG00000141662"
"ENSMUSG00000141748.1",244.565789759522,-0.154646497917736,0.106790883122207,-1.44812453457066,0.999999999999999,1,"ENSMUSG00000141748"
"ENSMUSG00000141751.1",74.5956883559108,0.575249605570793,0.221461071718762,2.59752019217768,0.972441075768129,1,"ENSMUSG00000141751"
"ENSMUSG00000141779.1",2236.20784738026,0.168163524008691,0.172277800009362,0.976118362316865,0.999999312041354,1,"ENSMUSG00000141779"
"ENSMUSG00000141786.1",40.4820799071199,0.469126835087394,0.158608977125056,2.95775714332682,0.999591626791881,1,"ENSMUSG00000141786"
"ENSMUSG00000141798.1",11.4606940519486,-0.274478237038318,0.159096084777588,-1.72523564877182,0.999997445655958,1,"ENSMUSG00000141798"
"ENSMUSG00000141850.1",21.9878276360087,0.564872738552232,0.231864523291737,2.43621892013854,0.969716576812369,1,"ENSMUSG00000141850"
"ENSMUSG00000141894.1",264.006801722425,0.262902789455066,0.188362135200406,1.39573056535674,0.99995445799235,1,"ENSMUSG00000141894"
"ENSMUSG00000141942.1",28.9388007657605,-0.906106807569223,0.164343692730209,-5.51348696452083,0.71610935628071,1,"ENSMUSG00000141942"
"ENSMUSG00000141960.1",10.2099789423762,1.19836909573903,0.209630580053571,5.7165757755037,0.172003053339303,1,"ENSMUSG00000141960"
"ENSMUSG00000142011.1",11.7088264519456,-0.392859719780013,0.155946732161457,-2.51919174153179,0.999950545806111,1,"ENSMUSG00000142011"
"ENSMUSG00000142054.1",45.6093684167145,-0.852838961078071,0.119242209988639,-7.15215661601145,0.891423782820292,1,"ENSMUSG00000142054"
"ENSMUSG00000142107.1",16.2215499447323,0.56240840421795,0.170181270309345,3.30476087759623,0.994934510556583,1,"ENSMUSG00000142107"
"ENSMUSG00000142127.1",99.8992449622955,0.609167998727801,0.18522984836422,3.28871401724621,0.98257012946133,1,"ENSMUSG00000142127"
"ENSMUSG00000142128.1",32.5345989791064,0.0964595619353541,0.148333104792661,0.65029018350411,0.999999999440061,1,"ENSMUSG00000142128"
"ENSMUSG00000142170.1",128.593591874634,0.104966922587822,0.145727813459904,0.72029436313956,0.999999999592094,1,"ENSMUSG00000142170"
"ENSMUSG00000142203.1",10.7525468295727,-1.10440983316613,0.26014275537501,-4.24539915237717,0.344079051558094,1,"ENSMUSG00000142203"
"ENSMUSG00000142274.1",14.9864846203629,-0.027729232320905,0.315390213671909,-0.0879203954937896,0.999534355740896,1,"ENSMUSG00000142274"
"ENSMUSG00000142489.1",13.0789585381803,0.323181299136911,0.228167546258388,1.41642097851604,0.99849308571536,1,"ENSMUSG00000142489"
"ENSMUSG00000142517.1",27.8899189147111,0.589575448462551,0.138388648116078,4.26028764995251,0.99849021476795,1,"ENSMUSG00000142517"
"ENSMUSG00000142575.1",10.6935592419683,0.457672908761812,0.147480452261169,3.10327844636205,0.999882133426341,1,"ENSMUSG00000142575"
"ENSMUSG00000142640.1",21.5094009105311,-0.895474707111119,0.30169369330834,-2.96815852294239,0.635502097594796,1,"ENSMUSG00000142640"
"ENSMUSG00000142676.1",24.8395956397468,-0.254007471473556,0.181981458143798,-1.39578764817262,0.999979277924319,1,"ENSMUSG00000142676"
"ENSMUSG00000142703.1",24.5970195861779,-0.540863109422338,0.16273058111495,-3.32367220541222,0.997609677247007,1,"ENSMUSG00000142703"
"ENSMUSG00000142736.1",13.611889248149,-0.602140735767574,0.1254789268911,-4.79873992140655,0.9992397068501,1,"ENSMUSG00000142736"
"ENSMUSG00000142802.1",15.6989131405302,0.0747278762935142,0.142791016668813,0.523337378196814,0.999999999954136,1,"ENSMUSG00000142802"
"ENSMUSG00000142831.1",14.3347660278868,-0.120333765858851,0.368915820738236,-0.326182177869334,0.992643383517072,1,"ENSMUSG00000142831"
"ENSMUSG00000142957.1",23.0043334869847,0.107689225473418,0.122843537488892,0.876637287355514,0.999999999999812,1,"ENSMUSG00000142957"
"ENSMUSG00000142959.1",21.5338511080184,0.697123277332106,0.165190520782248,4.2201167114852,0.966635832010991,1,"ENSMUSG00000142959"
"ENSMUSG00000142993.1",122.14028875274,-0.610176689765324,0.105048812982587,-5.8085062785666,0.999896729110469,1,"ENSMUSG00000142993"
"ENSMUSG00000142997.1",13.3910560913546,-0.0961021081714992,0.162786597555514,-0.590356390603508,0.999999985940175,1,"ENSMUSG00000142997"
"ENSMUSG00000143012.1",10.6841170453447,0.768263963243163,0.203657648442313,3.77233052192871,0.872412726119646,1,"ENSMUSG00000143012"
"ENSMUSG00000143017.1",15.4571304888641,-0.57123453296705,0.198413302362638,-2.87901328270324,0.984651224706227,1,"ENSMUSG00000143017"
"ENSMUSG00000143036.1",21.7232233835268,-0.235028937161243,0.117207234905434,-2.00524257185037,0.999999999966372,1,"Gm51604"
"ENSMUSG00000143078.1",9.20982255980311,0.701216288330754,0.189679389111327,3.69685020399973,0.942395305255975,1,"ENSMUSG00000143078"
"ENSMUSG00000143086.1",45.3734669577815,0.288561574607133,0.0816918083236132,3.53231958661054,1,1,"ENSMUSG00000143086"
"ENSMUSG00000143152.1",11.958752576047,-0.389169747959423,0.157993561094691,-2.46320005235011,0.999944721466358,1,"ENSMUSG00000143152"
"ENSMUSG00000143161.1",29.2160921209394,-0.182288833606931,0.166404240454896,-1.09545786278409,0.999999553826828,1,"ENSMUSG00000143161"
"ENSMUSG00000143185.1",25.3994312218225,-0.0240242393589911,0.1651922273774,-0.145432020261492,0.999999998553988,1,"ENSMUSG00000143185"
"ENSMUSG00000143277.1",68.9139822196494,-0.124643452469272,0.220425687976956,-0.565466999845781,0.999964413557787,1,"ENSMUSG00000143277"
"ENSMUSG00000143322.1",137.291323701347,0.242617179530755,0.296618409020163,0.817943769343941,0.994680011252217,1,"ENSMUSG00000143322"
"ENSMUSG00000143382.1",8.61885386312248,0.0583819989579526,0.222297750590357,0.262629733332466,0.999989577823149,1,"ENSMUSG00000143382"
"ENSMUSG00000143385.1",100.789975907213,-0.0850310099330257,0.0856065354901537,-0.993277083883459,1,1,"ENSMUSG00000143385"
"ENSMUSG00000143433.1",37.1288793405533,0.642889434482885,0.16563106157794,3.88145453128287,0.984460523695812,1,"ENSMUSG00000143433"
"ENSMUSG00000143437.1",17.3564801470998,0.122801597085297,0.202281960351214,0.607081308051801,0.999992776193396,1,"ENSMUSG00000143437"
"ENSMUSG00000143445.1",13.0097346223836,-0.144916866743806,0.197983224639117,-0.731965382460864,0.999992165631776,1,"ENSMUSG00000143445"
"ENSMUSG00000143456.1",15.4114667109767,0.546743736844901,0.234976443117131,2.32680233640425,0.97313105650751,1,"ENSMUSG00000143456"
"ENSMUSG00000143474.1",3566.22465502819,0.230711975232606,0.228650482206872,1.00901591374677,0.99961658466985,1,"ENSMUSG00000143474"
"ENSMUSG00000143481.1",250.843307003411,-0.228095371928893,0.0722112026085857,-3.15872556735087,1,1,"ENSMUSG00000143481"
"ENSMUSG00000143486.1",59.4467617634451,-0.333988656795806,0.15048902594494,-2.21935556229863,0.999995192322902,1,"ENSMUSG00000143486"
"ENSMUSG00000143523.1",11.6984398543373,0.503150459979744,0.200694116547061,2.50705137069506,0.993350412623719,1,"ENSMUSG00000143523"
"ENSMUSG00000143530.1",358.827442938917,0.623763400688515,0.11997153526417,5.19926163581241,0.999143796710661,1,"ENSMUSG00000143530"
"ENSMUSG00000143537.1",10.3496172901186,-0.837061495098099,0.192321734553088,-4.35240196352865,0.801563289662016,1,"ENSMUSG00000143537"
"ENSMUSG00000143548.1",56.0174913337487,-0.203989472185547,0.12018399574664,-1.69730978670052,0.999999999982433,1,"ENSMUSG00000143548"
"ENSMUSG00000143578.1",64.5342341699918,0.055369453971056,0.104738528411216,0.528644566722085,1,1,"ENSMUSG00000143578"
"ENSMUSG00000143652.1",47.7732847192877,-0.291756408193034,0.0925246061900287,-3.15328451756736,0.99999999999999,1,"ENSMUSG00000143652"
"ENSMUSG00000143782.1",34.6737220249684,0.357317002897114,0.146323606935842,2.44196415315122,0.999994389609328,1,"ENSMUSG00000143782"
"ENSMUSG00000143801.1",15.22595732554,-0.394443234867255,0.161740076662412,-2.43874766852341,0.999909447450378,1,"ENSMUSG00000143801"
"ENSMUSG00000143810.1",20.819543347809,-0.44217867295544,0.140861829445695,-3.13909505999927,0.999962534566955,1,"ENSMUSG00000143810"
"ENSMUSG00000143846.1",17.0905995847637,-0.751278394278315,0.274293529679242,-2.73895776964501,0.817736226618587,1,"ENSMUSG00000143846"
"ENSMUSG00000143883.1",33.3617447763429,-0.623017812376399,0.124773335829246,-4.99319672937982,0.99874169090509,1,"ENSMUSG00000143883"
"ENSMUSG00000143907.1",629.329348549795,-0.422800171384854,0.140895938997017,-3.00079742819134,0.999979040427883,1,"ENSMUSG00000143907"
"ENSMUSG00000143934.1",14.0228080071366,0.125897235536882,0.239905089784874,0.524779343571975,0.999866886360875,1,"ENSMUSG00000143934"
"ENSMUSG00000144022.1",20.0941923653788,-0.0373535568424532,0.231028300855244,-0.161683900648423,0.999988112586306,1,"ENSMUSG00000144022"
"ENSMUSG00000144053.1",13.8960134544616,0.535150855775194,0.422729022482154,1.26594302097577,0.864396064293664,1,"ENSMUSG00000144053"
"ENSMUSG00000144058.1",18.7006946737172,-0.659451469585466,0.15592778339558,-4.22921082583772,0.985519406471115,1,"ENSMUSG00000144058"
"ENSMUSG00000144126.1",56.6504284166408,0.562055271168368,0.473431928092466,1.18719342278621,0.823012548333141,1,"ENSMUSG00000144126"
"ENSMUSG00000144191.1",9.04593285665049,-0.788840293667964,0.170990095576061,-4.61336834165968,0.891570532465975,1,"ENSMUSG00000144191"
"ENSMUSG00000144194.3",268.057340639627,-0.0133820505132877,0.0886482765165568,-0.150956691310162,1,1,"4933421O10Rik"
"ENSMUSG00000144201.1",97.2566324275128,0.042405501908326,0.10752960668207,0.394361173790071,1,1,"ENSMUSG00000144201"
"ENSMUSG00000144212.1",4923.37272539856,-0.207604676338029,0.0504896087400137,-4.111829770895,1,1,"ENSMUSG00000144212"
"ENSMUSG00000144219.1",14.9288838368058,0.181329798588443,0.502690407484463,0.360718636935692,0.957685073919401,1,"ENSMUSG00000144219"
"ENSMUSG00000144222.1",496.394917197643,0.328468951853793,0.112165120087292,2.92844113747807,0.999999998931177,1,"Gm57848"
"ENSMUSG00000144223.1",3190.03406956254,0.0650402987559456,0.0858758690532357,0.757375726999934,1,1,"Tsc22d4"
"ENSMUSG00000144225.1",18.6080977643282,0.0363631627742851,0.148972937022771,0.244092406990182,0.999999999952263,1,"ENSMUSG00000144225"
"ENSMUSG00000144226.1",101.120212701985,0.18452361586263,0.101199751579238,1.82336036386561,1,1,"Gm51400"
"ENSMUSG00000144232.1",46.0373136460028,-0.053132101470219,0.207638024165547,-0.255888109529773,0.999997641444688,1,"ENSMUSG00000144232"
"ENSMUSG00000144242.1",36.6173277613982,-0.046401629607609,0.123256175762555,-0.376464946446163,0.999999999999995,1,"ENSMUSG00000144242"
"ENSMUSG00000144245.1",16.3080685527221,-0.569056006444066,0.161163675516994,-3.53091975979451,0.996251845226186,1,"ENSMUSG00000144245"
"ENSMUSG00000144287.1",164.622043691194,0.509210179138067,0.435226557246721,1.16998875794568,0.870531841971255,1,"Htd2"
"ENSMUSG00000144291.1",470.806313796489,-0.077781034035847,0.0689231079262467,-1.12851895940443,1,1,"ENSMUSG00000144291"
"ENSMUSG00002074924.1",6.8646741920498,-0.999211508873791,0.664139464490478,-1.50452060493104,0.501778895348254,1,"Gm56052"
"ENSMUSG00002075188.1",12.9835756242857,-0.00287757689669955,0.261482076230724,-0.0110048724493088,0.999994142425256,1,"Gm55936"
"ENSMUSG00002075304.1",55.6955651594125,-0.571582411123562,0.513132726098602,-1.11390753707985,0.799211352259692,1,"Gm56423"
"ENSMUSG00002075344.1",11.9766002881146,0.55655329854093,0.144781326251421,3.84409587169028,0.998903881744115,1,"Gm56051"
"ENSMUSG00002075580.1",11.6246789386084,-0.0301548771751273,0.522088317099957,-0.0577581918374052,0.992628607312135,1,"Gm56053"
"ENSMUSG00002075795.1",187.856075515373,0.533300051282613,0.269259928995105,1.98061424614098,0.958476092265377,1,"Gm54867"
"ENSMUSG00002076083.1",856.970868668649,0.0838572506502268,0.0595117898979025,1.40908634732867,1,1,"Klhl17"
"ENSMUSG00002076161.1",848.423178574614,-0.23281346309721,0.13092672911101,-1.7781965888708,0.999999997680966,1,"Rn7sk"
"ENSMUSG00002076556.1",19.1069037922736,0.27768037264501,0.900953634586696,0.308207172916721,0.86671942707599,1,"Gm56424"
"ENSMUSG00002076916.1",55.4671918144261,0.80095658354277,0.189550516736074,4.22555737296145,0.853159587893806,1,"Gm54730"
"ENSMUSG00000015852.14",261.152548515392,0.671812768563573,0.485929091210196,1.38253251496106,NA,NA,"Fcrl2"
"ENSMUSG00000026437.13",106.131492397441,0.1060550186391,0.450751241167131,0.235285028532571,NA,NA,"Cdk18"
"ENSMUSG00000030088.16",176.631619294485,0.759725348166484,0.278517984957795,2.72774251286361,NA,NA,"Aldh1l1"
"ENSMUSG00000030653.18",47.2006972581143,0.368268416809096,1.32361840478824,0.278228540398706,NA,NA,"Gm45837"
"ENSMUSG00000031451.7",322.347853175159,-0.204519123826078,0.273099872462446,-0.748880334443222,NA,NA,"Gas6"
"ENSMUSG00000032085.6",525.757691931964,0.84990546174205,0.36473137226617,2.33022308023949,NA,NA,"Tagln"
"ENSMUSG00000032517.17",621.666943376406,-0.474238572166836,0.526345641781407,-0.901002182827589,NA,NA,"Mobp"
"ENSMUSG00000032875.9",212.355747507126,-0.0447750958467052,0.419009771997408,-0.106859311736964,NA,NA,"Arhgef17"
"ENSMUSG00000034000.16",381.502133208993,-4.84137462301943,0.475182260114723,-10.1884582598908,NA,NA,"Neu4"
"ENSMUSG00000035697.15",66.7066993179492,-1.3303739686185,0.367090462899727,-3.62410387376884,NA,NA,"Arhgap45"
"ENSMUSG00000036887.6",1095.90762108218,0.0212848638951694,0.379259226843676,0.0561222045203997,NA,NA,"C1qa"
"ENSMUSG00000036896.6",1083.9815815241,0.210778788884307,0.372854296420591,0.565311412280315,NA,NA,"C1qc"
"ENSMUSG00000041548.5",43.0692396159001,-2.83536818172351,0.452961193307491,-6.25962714602514,NA,NA,"Hspb8"
"ENSMUSG00000048163.14",130.027613081846,-0.0082230964741189,0.417610760576472,-0.0196908155881034,NA,NA,"Selplg"
"ENSMUSG00000054728.18",697.760907012941,-2.68501095860727,0.271840914011961,-9.87714071064788,NA,NA,"Phactr1"
"ENSMUSG00000059991.8",70.7315014007473,-4.98852957281566,0.555683555402963,-8.97728486710058,NA,NA,"Nptx2"
"ENSMUSG00000094759.8",78.5643491427151,0.701503011432317,0.554785584374622,1.26445789362584,NA,NA,"Gm10487"
"ENSMUSG00000098659.10",146.126287345363,-3.40479732419732,0.3580092103779,-9.51036237476506,NA,NA,"1110015O18Rik"
"ENSMUSG00000130235.1",25.5427440488746,1.39459870313309,0.599342314721768,2.32688176502355,NA,NA,"ENSMUSG00000130235"
"ENSMUSG00000139073.1",232.572509765126,-1.5084020512759,0.369512793427753,-4.08213755546415,NA,NA,"ENSMUSG00000139073"
